-4.664270834139951777e-02
-4.365721406364297952e-02
-4.365719186137372726e-02
7.980089890704871181e-01
7.980089892560201514e-01
8.935811564232860604e-01
8.935811578065337990e-01
1.140878841809297883e+00
1.230884077590311154e+00
2.042298012958317255e+00
2.528484553446512795e+00
2.528484555329706396e+00
3.112928510399751492e+00
3.114020263300715019e+00
3.114020265202905424e+00
3.349777726289969948e+00
3.349777727487858847e+00
4.603489393725499923e+00
4.603489395475110157e+00
4.878751891130301388e+00
5.210958908175736148e+00
5.210958908727541861e+00
5.331417512574140538e+00
5.331417512931003522e+00
5.357033489830103967e+00
5.357033490039754930e+00
5.990769023402353177e+00
6.145581438471116265e+00
6.419665112573309074e+00
6.419665113270645485e+00
6.747629642838893105e+00
7.008423403711937283e+00
7.106035625206981621e+00
7.302359848980541912e+00
7.302359849084490762e+00
7.668694821899872949e+00
8.001558717528126863e+00
8.001558719008714959e+00
8.512064603087408088e+00
8.543881794380920880e+00
8.543881794516527961e+00
8.833563694898927565e+00
9.815868099368824318e+00
9.815868099950765924e+00
1.013610098617944821e+01
1.013610098664521963e+01
1.047493394690473600e+01
1.047493394746170026e+01
1.128566029572135676e+01
1.128566029628388279e+01
1.144711764353201566e+01
1.198997593977079390e+01
1.198997594038403314e+01
1.244515366398911382e+01
1.281663555747612371e+01
1.322457387189032829e+01
1.322457387191160905e+01
1.327901127178790119e+01
1.327901127204445153e+01
1.385688478654280509e+01
1.406499214461564939e+01
1.442156342684989490e+01
1.488057539046358535e+01
1.586422893336335171e+01
1.646501288802185314e+01
1.646501288821399456e+01
1.714703733647059281e+01
1.714703733663693797e+01
1.874951071010742965e+01
1.931040617202798515e+01
1.951166921563638823e+01
2.005096378268788015e+01
2.005096378273542967e+01
2.028855544791637655e+01
2.028855544798615895e+01
2.298803712129932109e+01
2.679180901976588558e+01
2.679180902004485887e+01
2.728239861285157630e+01
2.728239861290353119e+01
2.840842122633631917e+01
