-2.347500293472390767e-02
-6.358200541485577346e-03
-6.357496697828471897e-03
1.476948292860015499e+00
1.476948296037732034e+00
1.760505240348754885e+00
1.760505241402109400e+00
2.339344703009534676e+00
2.656527448302269168e+00
2.866981547290032850e+00
2.921304193203957844e+00
2.921304193788585302e+00
3.423739862072370688e+00
3.423739863598135535e+00
4.195192678507672746e+00
4.195192679067846875e+00
4.646554324244757339e+00
4.725065764516490852e+00
5.697422641567175816e+00
5.779399592990187351e+00
5.895652721121368067e+00
5.895652721246769978e+00
6.442392462338888848e+00
6.442392463080405030e+00
8.959530845081740580e+00
8.994386442369901147e+00
8.994386443577607082e+00
9.682075527401611481e+00
9.682075528108283535e+00
1.093075139033496157e+01
1.093075139055510370e+01
1.144541765036120751e+01
1.144541765051258153e+01
1.159968753035000688e+01
1.161129653921882543e+01
1.164573214580981109e+01
1.779248441332083530e+01
1.779248441353787769e+01
1.793419405134075362e+01
1.793419405157887425e+01
1.832275254108400020e+01
1.832275254153159949e+01
1.846357474040820534e+01
1.846357474071928095e+01
2.064738636283935591e+01
2.128419970573628461e+01
2.144713555939476635e+01
2.162124306419411468e+01
2.932349115651352278e+01
2.961260496336185710e+01
3.042444602032404077e+01
3.050258646135645080e+01
3.660437707362514459e+01
3.660437707410296326e+01
3.688822365611272858e+01
3.688822365653323487e+01
3.705187452890738342e+01
3.705187452942668358e+01
3.731764715666567156e+01
3.731764715695869938e+01
