-1.735265892898310569e-01
-1.472929636810241527e-01
-2.843037997496070460e-02
3.054391986802708292e+00
3.151529917876956688e+00
3.643789062028534698e+00
4.111863436874029887e+00
4.469404571446889740e+00
4.648783686589668562e+00
4.684591185149868942e+00
4.761292296014674186e+00
4.943090765212625470e+00
4.982276659172958588e+00
5.260311449137385686e+00
5.365326621271916174e+00
5.638569891739017237e+00
5.755762147803679341e+00
6.305393502327961031e+00
6.560190675525322312e+00
6.713203773693601661e+00
6.973309336576583028e+00
7.420289506128406209e+00
7.704910670638862591e+00
7.752688624007331164e+00
1.014273002983999739e+01
1.019070302007475703e+01
1.070067221540674396e+01
1.100715077733922165e+01
1.160929046984282209e+01
1.172249937799232100e+01
1.365462604679784242e+01
1.378536934512973744e+01
1.450638434315104597e+01
1.452440398181001235e+01
1.649683040550733892e+01
1.652255383808581612e+01
2.008386350345307036e+01
2.017617421247597065e+01
2.024505690942673297e+01
2.039763570639154011e+01
2.126056932602480742e+01
2.135207734579719840e+01
2.143971901884420816e+01
2.187104314290783691e+01
2.232725198044019876e+01
2.252835750596052833e+01
2.382662969935230990e+01
2.481128214936530085e+01
2.588087802901083379e+01
2.602968129478593085e+01
3.003561148246697243e+01
3.007221830286254516e+01
3.520300864591222023e+01
3.640473484204689925e+01
3.821802860217489695e+01
3.850780143536680100e+01
4.015481690367106182e+01
4.036740749240071580e+01
4.078063784381840406e+01
4.080966957502027270e+01
