1.021930000000000005e+00 9.549999999999999462e-03 8.349999999999999784e-03 1.379999999999999977e-02 1.013719999999999954e+00 -9.620000000000000079e-03 3.279999999999999930e-03 -8.580000000000000820e-03 1.049139999999999961e+00
1.021930000000000005e+00 -9.549999999999999462e-03 -8.349999999999999784e-03 -1.379999999999999977e-02 1.013719999999999954e+00 -9.620000000000000079e-03 -3.279999999999999930e-03 -8.580000000000000820e-03 1.049139999999999961e+00
1.021930000000000005e+00 9.549999999999999462e-03 -8.349999999999999784e-03 1.379999999999999977e-02 1.013719999999999954e+00 9.620000000000000079e-03 -3.279999999999999930e-03 8.580000000000000820e-03 1.049139999999999961e+00
1.021930000000000005e+00 -9.549999999999999462e-03 8.349999999999999784e-03 -1.379999999999999977e-02 1.013719999999999954e+00 9.620000000000000079e-03 3.279999999999999930e-03 8.580000000000000820e-03 1.049139999999999961e+00
2.430229999999999890e+00 6.880999999999999617e-02 -4.044999999999999984e-02 -1.500900000000000012e-01 2.338169999999999860e+00 1.094799999999999940e-01 3.805000000000000049e-02 -1.230699999999999988e-01 2.406210000000000182e+00
2.430229999999999890e+00 6.880999999999999617e-02 4.044999999999999984e-02 -1.500900000000000012e-01 2.338169999999999860e+00 -1.094799999999999940e-01 -3.805000000000000049e-02 1.230699999999999988e-01 2.406210000000000182e+00
2.430229999999999890e+00 -6.880999999999999617e-02 4.044999999999999984e-02 1.500900000000000012e-01 2.338169999999999860e+00 1.094799999999999940e-01 -3.805000000000000049e-02 -1.230699999999999988e-01 2.406210000000000182e+00
2.430229999999999890e+00 -6.880999999999999617e-02 -4.044999999999999984e-02 1.500900000000000012e-01 2.338169999999999860e+00 -1.094799999999999940e-01 3.805000000000000049e-02 1.230699999999999988e-01 2.406210000000000182e+00
-2.090749999999999886e+00 4.052000000000000046e-01 3.987000000000000266e-02 4.042799999999999727e-01 -1.673640000000000017e+00 6.843000000000000471e-02 1.880000000000000074e-02 6.826999999999999735e-02 -1.376160000000000050e+00
-2.090749999999999886e+00 4.052000000000000046e-01 -3.987000000000000266e-02 4.042799999999999727e-01 -1.673640000000000017e+00 -6.843000000000000471e-02 -1.880000000000000074e-02 -6.826999999999999735e-02 -1.376160000000000050e+00
-2.090749999999999886e+00 -4.052000000000000046e-01 -3.987000000000000266e-02 -4.042799999999999727e-01 -1.673640000000000017e+00 6.843000000000000471e-02 -1.880000000000000074e-02 6.826999999999999735e-02 -1.376160000000000050e+00
-2.090749999999999886e+00 -4.052000000000000046e-01 3.987000000000000266e-02 -4.042799999999999727e-01 -1.673640000000000017e+00 -6.843000000000000471e-02 1.880000000000000074e-02 -6.826999999999999735e-02 -1.376160000000000050e+00
-1.361410000000000009e+00 8.641999999999999682e-02 1.163200000000000067e-01 1.647399999999999975e-01 -1.678250000000000020e+00 -3.902999999999999803e-01 1.267399999999999916e-01 -3.866100000000000092e-01 -2.079190000000000094e+00
-1.361410000000000009e+00 -8.641999999999999682e-02 1.163200000000000067e-01 -1.647399999999999975e-01 -1.678250000000000020e+00 3.902999999999999803e-01 1.267399999999999916e-01 3.866100000000000092e-01 -2.079190000000000094e+00
-1.361410000000000009e+00 -8.641999999999999682e-02 -1.163200000000000067e-01 -1.647399999999999975e-01 -1.678250000000000020e+00 -3.902999999999999803e-01 -1.267399999999999916e-01 -3.866100000000000092e-01 -2.079190000000000094e+00
-1.361410000000000009e+00 8.641999999999999682e-02 -1.163200000000000067e-01 1.647399999999999975e-01 -1.678250000000000020e+00 3.902999999999999803e-01 -1.267399999999999916e-01 3.866100000000000092e-01 -2.079190000000000094e+00
