2.520319999999999894e+00 4.329000000000000209e-02 -0.000000000000000000e+00 -4.329000000000000209e-02 2.520319999999999894e+00 0.000000000000000000e+00 -0.000000000000000000e+00 0.000000000000000000e+00 2.569370000000000154e+00
2.520319999999999894e+00 4.329000000000000209e-02 -0.000000000000000000e+00 -4.329000000000000209e-02 2.520319999999999894e+00 0.000000000000000000e+00 -0.000000000000000000e+00 0.000000000000000000e+00 2.569370000000000154e+00
2.220740000000000158e+00 -5.664400000000000546e-01 2.495300000000000018e-01 -6.027200000000000335e-01 8.615399999999999725e-01 4.726299999999999946e-01 -1.018410000000000037e+00 2.575999999999999956e-01 1.909759999999999902e+00
2.220740000000000158e+00 -5.664400000000000546e-01 -2.495300000000000018e-01 -6.027200000000000335e-01 8.615399999999999725e-01 -4.726299999999999946e-01 1.018410000000000037e+00 -2.575999999999999956e-01 1.909759999999999902e+00
8.615399999999999725e-01 6.027200000000000335e-01 4.726299999999999946e-01 5.664400000000000546e-01 2.220740000000000158e+00 -2.495300000000000018e-01 2.575999999999999956e-01 1.018410000000000037e+00 1.909759999999999902e+00
8.615399999999999725e-01 6.027200000000000335e-01 -4.726299999999999946e-01 5.664400000000000546e-01 2.220740000000000158e+00 2.495300000000000018e-01 -2.575999999999999956e-01 -1.018410000000000037e+00 1.909759999999999902e+00
-1.271679999999999922e+00 -3.468600000000000017e-01 -3.050700000000000078e-01 -3.070700000000000096e-01 -1.529630000000000045e+00 -5.479800000000000226e-01 -2.975700000000000012e-01 -5.395600000000000396e-01 -1.597220000000000084e+00
-1.529630000000000045e+00 3.070700000000000096e-01 5.479800000000000226e-01 3.468600000000000017e-01 -1.271679999999999922e+00 -3.050700000000000078e-01 5.395600000000000396e-01 -2.975700000000000012e-01 -1.597220000000000084e+00
-1.529630000000000045e+00 3.070700000000000096e-01 -5.479800000000000226e-01 3.468600000000000017e-01 -1.271679999999999922e+00 3.050700000000000078e-01 -5.395600000000000396e-01 2.975700000000000012e-01 -1.597220000000000084e+00
-1.271679999999999922e+00 -3.468600000000000017e-01 3.050700000000000078e-01 -3.070700000000000096e-01 -1.529630000000000045e+00 5.479800000000000226e-01 2.975700000000000012e-01 5.395600000000000396e-01 -1.597220000000000084e+00
-1.529630000000000045e+00 3.070700000000000096e-01 -5.479800000000000226e-01 3.468600000000000017e-01 -1.271679999999999922e+00 3.050700000000000078e-01 -5.395600000000000396e-01 2.975700000000000012e-01 -1.597220000000000084e+00
-1.529630000000000045e+00 3.070700000000000096e-01 5.479800000000000226e-01 3.468600000000000017e-01 -1.271679999999999922e+00 -3.050700000000000078e-01 5.395600000000000396e-01 -2.975700000000000012e-01 -1.597220000000000084e+00
-1.271679999999999922e+00 -3.468600000000000017e-01 3.050700000000000078e-01 -3.070700000000000096e-01 -1.529630000000000045e+00 5.479800000000000226e-01 2.975700000000000012e-01 5.395600000000000396e-01 -1.597220000000000084e+00
-1.271679999999999922e+00 -3.468600000000000017e-01 -3.050700000000000078e-01 -3.070700000000000096e-01 -1.529630000000000045e+00 -5.479800000000000226e-01 -2.975700000000000012e-01 -5.395600000000000396e-01 -1.597220000000000084e+00
