-1.026438478429175100e-01
-1.026438356648853995e-01
-5.768193833428277018e-02
1.283295254413418185e+00
1.283295406365970059e+00
1.552372816046454718e+00
1.552372938439729566e+00
1.977054427677700454e+00
1.977054602179717291e+00
2.038407363605224010e+00
2.087881244228225075e+00
2.087881433415221366e+00
2.399719623206010954e+00
2.399719846148712588e+00
2.694437245511574375e+00
2.901338201589052979e+00
2.901338465260473676e+00
3.008127309473453970e+00
3.067584637789151802e+00
3.251152703273102240e+00
3.399541719114504534e+00
3.406624414284615376e+00
3.406624825248592003e+00
3.473361628163701642e+00
3.473361959255038656e+00
3.478247072880245927e+00
3.736121893086466361e+00
3.746733510672997092e+00
3.869062845186157062e+00
3.984822442719374358e+00
3.984822906980936441e+00
4.035529643058021421e+00
4.035529791737387129e+00
4.052880383134938036e+00
4.218509108678087927e+00
4.218509191645788192e+00
4.387316526078326895e+00
4.387316993334308357e+00
4.736912496553002505e+00
4.736912918768931391e+00
4.742842407249053593e+00
4.742842839479292749e+00
4.856830705305672957e+00
4.856831003854262363e+00
4.999325834550094605e+00
5.249837797494318892e+00
5.249838111789734363e+00
5.388879113507742957e+00
5.388879595982823290e+00
5.454931136137283865e+00
5.454931603604210366e+00
5.470512699921279420e+00
5.616246753838367134e+00
5.616247296905648057e+00
6.242715450827468260e+00
6.361431623463385421e+00
6.423393573493687114e+00
6.608764952697288919e+00
6.626035768089393763e+00
6.626036160480864190e+00
6.692736353689722861e+00
6.692736779524501856e+00
6.867341195834090861e+00
6.867341465225098140e+00
7.026478798089410560e+00
7.026479374480508078e+00
7.203252383472343645e+00
7.276869924631056641e+00
7.276870446833584083e+00
7.321180785911518996e+00
7.459206687041189276e+00
7.459206693744315331e+00
7.535056953998423346e+00
7.723028395648950273e+00
7.888943154821182802e+00
7.888943775943646486e+00
8.005662471026367299e+00
8.005663545265939263e+00
8.189542929858784959e+00
8.201279272162361522e+00
8.546248715079617142e+00
8.585172898666630914e+00
8.698703179210106384e+00
9.246748385243321877e+00
9.257358743183717209e+00
9.295260733298448486e+00
9.295261846769030001e+00
9.372741365257018842e+00
9.372742608223060046e+00
9.773433895003330818e+00
9.773434754476033604e+00
1.002590195443781518e+01
1.002590325107917657e+01
1.056941412756638954e+01
1.056941545214303702e+01
1.083821788856452173e+01
1.083821968775315092e+01
1.103229418570770370e+01
1.165970372693920609e+01
1.166869937053826156e+01
1.166870104167554700e+01
1.168263009771344230e+01
1.177972380830722088e+01
1.177972567592301800e+01
1.180940006943621157e+01
1.198144578087302570e+01
1.198759754913385400e+01
1.207582990936854905e+01
1.218780218086919831e+01
1.229207085889111006e+01
1.257261623529486450e+01
1.257261834305010595e+01
1.259577143330252724e+01
1.259577357687887300e+01
1.617773123772304444e+01
1.617773494652449884e+01
1.617842662312995117e+01
1.617843033177199175e+01
1.707916903716337131e+01
1.707917117426955045e+01
1.709164734599915647e+01
1.709164965706938233e+01
1.713581246979553185e+01
1.713581506669583732e+01
1.714733043362727116e+01
1.714733317457848827e+01
1.773919972828537794e+01
1.997537884496812310e+01
1.997538042190936736e+01
1.998642289155315765e+01
1.998642444260603668e+01
2.020192631904195224e+01
2.020192770504834812e+01
2.020758882202426321e+01
2.020759020764227643e+01
2.224411146798181349e+01
2.309978469596632422e+01
2.322777062053093289e+01
2.408288724385014490e+01
2.411484864144911100e+01
2.467536342184244447e+01
2.473603551501331310e+01
2.500760452342446882e+01
2.501602284536852494e+01
