-1.206111338144202905e-02
-1.056227399758214933e-02
-1.056227399758214933e-02
7.394686957539177152e-01
7.394686957539177152e-01
1.504659552855728277e+00
1.504659552855728277e+00
1.585622946983298309e+00
1.585622946983298309e+00
2.630834209903771370e+00
2.630834209903771370e+00
3.516569919680255563e+00
4.170800822384113538e+00
4.170800822384113538e+00
4.544032647329902197e+00
5.117881114289389188e+00
5.519820658318528750e+00
5.519820658318528750e+00
5.584677242240593031e+00
5.725116714967477094e+00
5.725116714967477094e+00
5.844153976410956908e+00
6.251939035211395712e+00
6.251939035211395712e+00
6.493086708184328870e+00
6.816492147725250916e+00
6.816492147725250916e+00
7.703880100313088342e+00
1.159514562219897371e+01
1.591528416334436713e+01
1.837923330827485913e+01
1.837923330827485913e+01
1.843490401385372124e+01
1.848379319836704937e+01
1.848379319836704937e+01
2.245043041903651115e+01
