2.536119999999999930e+00 -1.051499999999999935e-01 -1.225000000000000047e-02 -1.433099999999999929e-01 2.491540000000000088e+00 1.276000000000000051e-02 -5.760000000000000363e-03 1.600000000000000077e-03 2.386280000000000179e+00
2.536119999999999930e+00 1.051499999999999935e-01 -1.225000000000000047e-02 1.433099999999999929e-01 2.491540000000000088e+00 -1.276000000000000051e-02 -5.760000000000000363e-03 -1.600000000000000077e-03 2.386280000000000179e+00
2.536119999999999930e+00 -1.051499999999999935e-01 -1.225000000000000047e-02 -1.433099999999999929e-01 2.491540000000000088e+00 1.276000000000000051e-02 -5.760000000000000363e-03 1.600000000000000077e-03 2.386280000000000179e+00
2.536119999999999930e+00 1.051499999999999935e-01 -1.225000000000000047e-02 1.433099999999999929e-01 2.491540000000000088e+00 -1.276000000000000051e-02 -5.760000000000000363e-03 -1.600000000000000077e-03 2.386280000000000179e+00
4.218600000000000350e+00 -2.654500000000000193e-01 4.127500000000000058e-01 8.810999999999999388e-02 4.305209999999999759e+00 1.312200000000000033e-01 -2.228999999999999870e-01 2.194500000000000062e-01 4.181189999999999962e+00
4.218600000000000350e+00 2.654500000000000193e-01 4.127500000000000058e-01 -8.810999999999999388e-02 4.305209999999999759e+00 -1.312200000000000033e-01 -2.228999999999999870e-01 -2.194500000000000062e-01 4.181189999999999962e+00
4.922150000000000247e+00 2.516999999999999793e-01 -4.088899999999999757e-01 -1.501800000000000079e-01 5.044039999999999857e+00 5.526999999999999968e-02 2.852600000000000136e-01 1.792999999999999872e-01 4.982730000000000103e+00
4.922150000000000247e+00 -2.516999999999999793e-01 -4.088899999999999757e-01 1.501800000000000079e-01 5.044039999999999857e+00 -5.526999999999999968e-02 2.852600000000000136e-01 -1.792999999999999872e-01 4.982730000000000103e+00
-2.599089999999999900e+00 7.574800000000000422e-01 1.318000000000000074e-02 7.469799999999999773e-01 -2.669360000000000177e+00 1.094600000000000017e-01 -1.161000000000000053e-02 2.155999999999999930e-02 -1.828470000000000040e+00
-2.599089999999999900e+00 -7.574800000000000422e-01 1.318000000000000074e-02 -7.469799999999999773e-01 -2.669360000000000177e+00 -1.094600000000000017e-01 -1.161000000000000053e-02 -2.155999999999999930e-02 -1.828470000000000040e+00
-2.599089999999999900e+00 7.574800000000000422e-01 1.318000000000000074e-02 7.469799999999999773e-01 -2.669360000000000177e+00 1.094600000000000017e-01 -1.161000000000000053e-02 2.155999999999999930e-02 -1.828470000000000040e+00
-2.599089999999999900e+00 -7.574800000000000422e-01 1.318000000000000074e-02 -7.469799999999999773e-01 -2.669360000000000177e+00 -1.094600000000000017e-01 -1.161000000000000053e-02 -2.155999999999999930e-02 -1.828470000000000040e+00
-2.516189999999999927e+00 6.998999999999999666e-01 6.658000000000000029e-02 7.359099999999999531e-01 -2.704520000000000035e+00 -7.858999999999999320e-02 2.450000000000000094e-02 -1.409199999999999897e-01 -1.836819999999999897e+00
-2.516189999999999927e+00 -6.998999999999999666e-01 6.658000000000000029e-02 -7.359099999999999531e-01 -2.704520000000000035e+00 7.858999999999999320e-02 2.450000000000000094e-02 1.409199999999999897e-01 -1.836819999999999897e+00
-2.516189999999999927e+00 6.998999999999999666e-01 6.658000000000000029e-02 7.359099999999999531e-01 -2.704520000000000035e+00 -7.858999999999999320e-02 2.450000000000000094e-02 -1.409199999999999897e-01 -1.836819999999999897e+00
-2.516189999999999927e+00 -6.998999999999999666e-01 6.658000000000000029e-02 -7.359099999999999531e-01 -2.704520000000000035e+00 7.858999999999999320e-02 2.450000000000000094e-02 1.409199999999999897e-01 -1.836819999999999897e+00
-1.991200000000000081e+00 7.237999999999999989e-02 -6.943000000000000560e-02 1.574000000000000121e-01 -1.792280000000000095e+00 -1.165000000000000063e-02 -3.831999999999999990e-02 1.469999999999999953e-03 -3.302950000000000053e+00
-1.991200000000000081e+00 -7.237999999999999989e-02 -6.943000000000000560e-02 -1.574000000000000121e-01 -1.792280000000000095e+00 1.165000000000000063e-02 -3.831999999999999990e-02 -1.469999999999999953e-03 -3.302950000000000053e+00
-1.991200000000000081e+00 7.237999999999999989e-02 -6.943000000000000560e-02 1.574000000000000121e-01 -1.792280000000000095e+00 -1.165000000000000063e-02 -3.831999999999999990e-02 1.469999999999999953e-03 -3.302950000000000053e+00
-1.991200000000000081e+00 -7.237999999999999989e-02 -6.943000000000000560e-02 -1.574000000000000121e-01 -1.792280000000000095e+00 1.165000000000000063e-02 -3.831999999999999990e-02 -1.469999999999999953e-03 -3.302950000000000053e+00
