1.025269999999999904e+00 6.340000000000000149e-03 -4.705000000000000154e-02 -7.779999999999999589e-03 1.014469999999999983e+00 4.984999999999999848e-02 2.207999999999999893e-02 -3.289000000000000257e-02 9.828900000000000414e-01
1.058840000000000003e+00 -4.193000000000000199e-02 1.493000000000000056e-02 1.789999999999999925e-03 1.000930000000000097e+00 -2.739000000000000115e-02 3.030000000000000141e-03 3.629999999999999980e-03 1.079380000000000006e+00
1.025269999999999904e+00 -6.340000000000000149e-03 -4.705000000000000154e-02 7.779999999999999589e-03 1.014469999999999983e+00 -4.984999999999999848e-02 2.207999999999999893e-02 3.289000000000000257e-02 9.828900000000000414e-01
1.058840000000000003e+00 4.193000000000000199e-02 1.493000000000000056e-02 -1.789999999999999925e-03 1.000930000000000097e+00 2.739000000000000115e-02 3.030000000000000141e-03 -3.629999999999999980e-03 1.079380000000000006e+00
1.986450000000000049e+00 -9.922000000000000264e-02 2.419999999999999929e-01 5.160000000000000003e-02 2.085389999999999855e+00 2.094399999999999873e-01 -2.435400000000000065e-01 -2.222800000000000054e-01 1.899180000000000090e+00
1.986450000000000049e+00 9.922000000000000264e-02 2.419999999999999929e-01 -5.160000000000000003e-02 2.085389999999999855e+00 -2.094399999999999873e-01 -2.435400000000000065e-01 2.222800000000000054e-01 1.899180000000000090e+00
2.963330000000000020e+00 -1.116499999999999992e-01 -3.044399999999999884e-01 7.562000000000000666e-02 2.926489999999999814e+00 -3.167499999999999760e-01 3.116499999999999826e-01 2.648800000000000043e-01 2.878460000000000019e+00
2.963330000000000020e+00 1.116499999999999992e-01 -3.044399999999999884e-01 -7.562000000000000666e-02 2.926489999999999814e+00 3.167499999999999760e-01 3.116499999999999826e-01 -2.648800000000000043e-01 2.878460000000000019e+00
-2.334090000000000220e+00 1.383800000000000030e-01 -3.648000000000000131e-01 1.251800000000000135e-01 -1.261689999999999978e+00 3.370000000000000079e-02 -4.057899999999999840e-01 1.987800000000000122e-01 -1.586519999999999930e+00
-2.334090000000000220e+00 -1.383800000000000030e-01 -3.648000000000000131e-01 -1.251800000000000135e-01 -1.261689999999999978e+00 -3.370000000000000079e-02 -4.057899999999999840e-01 -1.987800000000000122e-01 -1.586519999999999930e+00
-2.021370000000000111e+00 1.944899999999999962e-01 5.463999999999999968e-01 1.388399999999999912e-01 -1.336600000000000010e+00 -1.364100000000000035e-01 4.595199999999999840e-01 -3.151599999999999957e-01 -1.851280000000000037e+00
-2.021370000000000111e+00 -1.944899999999999962e-01 5.463999999999999968e-01 -1.388399999999999912e-01 -1.336600000000000010e+00 1.364100000000000035e-01 4.595199999999999840e-01 3.151599999999999957e-01 -1.851280000000000037e+00
-1.341110000000000024e+00 4.506999999999999895e-02 -1.479000000000000037e-01 7.300000000000000065e-03 -2.096919999999999895e+00 5.386900000000000022e-01 -1.586200000000000110e-01 5.271000000000000130e-01 -1.824449999999999905e+00
-1.337320000000000064e+00 9.457000000000000128e-02 6.085999999999999743e-02 1.492199999999999915e-01 -2.332079999999999931e+00 3.490099999999999869e-01 1.167999999999999941e-02 4.536100000000000132e-01 -1.577669999999999906e+00
-1.337320000000000064e+00 -9.457000000000000128e-02 6.085999999999999743e-02 -1.492199999999999915e-01 -2.332079999999999931e+00 -3.490099999999999869e-01 1.167999999999999941e-02 -4.536100000000000132e-01 -1.577669999999999906e+00
-1.341110000000000024e+00 -4.506999999999999895e-02 -1.479000000000000037e-01 -7.300000000000000065e-03 -2.096919999999999895e+00 -5.386900000000000022e-01 -1.586200000000000110e-01 -5.271000000000000130e-01 -1.824449999999999905e+00
