-4.513907667522883138e-02
-3.018520116517663110e-02
-2.395670300416154891e-02
3.323920473283916266e+00
3.605078540531643227e+00
4.659628906846751129e+00
4.688808531833482895e+00
4.937302951071485424e+00
5.105457237528908010e+00
5.158806956376121633e+00
5.209734063130763815e+00
5.305611463649984927e+00
5.370107277349880803e+00
5.384039482837917667e+00
5.700953449085981006e+00
5.995919928352668293e+00
6.341050894076949440e+00
6.557029105014633430e+00
6.668195180712000791e+00
7.100748343116807249e+00
7.201150584269200294e+00
7.305192727015160870e+00
7.655988184413081044e+00
7.911176486851110745e+00
8.054220102115072777e+00
8.078614103268446200e+00
8.228975691398316528e+00
8.842714055808039930e+00
9.218687680243574434e+00
9.222444379206784504e+00
9.271352087372831008e+00
9.385222542734856788e+00
9.387219150555550229e+00
9.612305184620904441e+00
1.018426374011298741e+01
1.063596601017952281e+01
1.109655660401585209e+01
1.135673626138434322e+01
1.136472724468117335e+01
1.148856281449319283e+01
1.168786065819721287e+01
1.264123686351486420e+01
1.270279618291582047e+01
1.283710425991346149e+01
1.300342401171559104e+01
1.313221895551464691e+01
1.369929242640489875e+01
1.507777300397355980e+01
1.675042522048993021e+01
1.683698738721171040e+01
1.690471618324966485e+01
1.788655793775618719e+01
1.791192541014258666e+01
1.820507415405441876e+01
1.837966164662988078e+01
1.847643325418290416e+01
1.872383488038258292e+01
2.115754234383871335e+01
2.191034629904246955e+01
2.232861398842148759e+01
