-4.129448646444570936e-02
-4.129448646383784838e-02
-4.129448646328587325e-02
8.920512725286050548e-01
8.920512725286326994e-01
8.920512725286583455e-01
2.969871439125562507e+00
2.969871439125570056e+00
2.969871439125579826e+00
3.018002102983916135e+00
3.018002102983917911e+00
3.018002102983924573e+00
3.873898960075343290e+00
3.873898960075355724e+00
4.617194804202465974e+00
4.617194804202489067e+00
4.617194804202506830e+00
4.955273052362936248e+00
4.955273052362940689e+00
4.955273052362946906e+00
6.526638658898148648e+00
6.620720590161834451e+00
6.620720590161836228e+00
6.620720590161853991e+00
1.152931430882189368e+01
1.152931430882189900e+01
1.152931430882191854e+01
1.299639399966918951e+01
1.478734138693422473e+01
1.552656361735087209e+01
1.552656361735087742e+01
1.552656361735088097e+01
1.756370754660201783e+01
1.756370754660202493e+01
1.756370754660203559e+01
1.781071163132822122e+01
1.781071163132822477e+01
1.781071163132822832e+01
1.783391344230354392e+01
1.783391344230354747e+01
1.928226043680725610e+01
1.928226043680726320e+01
1.938487664200592775e+01
1.938487664200593485e+01
1.938487664200594196e+01
1.955601603066642369e+01
1.955601603066642724e+01
1.955601603066642724e+01
