-4.547268596750370095e-02
-4.547268596697244536e-02
-1.354679664517448659e-02
1.234488608331058002e+00
1.234488608331112180e+00
3.932671758076164092e+00
3.932671758076171198e+00
4.098929929502235225e+00
4.098929929502237002e+00
4.272227418707617908e+00
4.970056674323865664e+00
5.378767604331391006e+00
6.942162548415826251e+00
6.942162548415844014e+00
7.804822782241751078e+00
9.036445703850676026e+00
9.036445703850681355e+00
9.165940010157713758e+00
1.129070235441904835e+01
1.148254098333992346e+01
1.148254098333993056e+01
1.286147769800624374e+01
1.293531904310965253e+01
1.293531904310965430e+01
1.715353583393116566e+01
1.731804583934113850e+01
1.889744358241716427e+01
1.889744358241718203e+01
1.907074602421761611e+01
2.442601728894065261e+01
