1.030589999999999895e+00 -2.891000000000000167e-02 -0.000000000000000000e+00 2.891000000000000167e-02 1.030589999999999895e+00 -0.000000000000000000e+00 -0.000000000000000000e+00 -0.000000000000000000e+00 1.340780000000000083e+00
1.030589999999999895e+00 -2.891000000000000167e-02 -0.000000000000000000e+00 2.891000000000000167e-02 1.030589999999999895e+00 -0.000000000000000000e+00 -0.000000000000000000e+00 -0.000000000000000000e+00 1.340780000000000083e+00
4.840840000000000032e+00 -1.935999999999999874e-02 -0.000000000000000000e+00 1.935999999999999874e-02 4.840840000000000032e+00 -0.000000000000000000e+00 -0.000000000000000000e+00 -0.000000000000000000e+00 2.528789999999999871e+00
4.840840000000000032e+00 -1.935999999999999874e-02 -0.000000000000000000e+00 1.935999999999999874e-02 4.840840000000000032e+00 -0.000000000000000000e+00 -0.000000000000000000e+00 -0.000000000000000000e+00 2.528789999999999871e+00
-1.389999999999999902e+00 -4.680000000000000132e-03 1.112800000000000039e-01 -3.685999999999999693e-02 -2.524280000000000079e+00 3.287999999999999950e-02 1.959100000000000008e-01 -3.166999999999999676e-02 -1.289860000000000007e+00
-2.222729999999999873e+00 5.176300000000000345e-01 -2.716999999999999971e-02 4.854600000000000026e-01 -1.691559999999999953e+00 -1.128099999999999936e-01 -1.253799999999999915e-01 -1.538299999999999945e-01 -1.289860000000000007e+00
-2.258700000000000152e+00 -4.646799999999999820e-01 -8.412000000000000033e-02 -4.968600000000000239e-01 -1.655580000000000052e+00 7.993000000000000105e-02 -7.052999999999999547e-02 1.854999999999999982e-01 -1.289860000000000007e+00
-1.389999999999999902e+00 -4.680000000000000132e-03 1.112800000000000039e-01 -3.685999999999999693e-02 -2.524280000000000079e+00 3.287999999999999950e-02 1.959100000000000008e-01 -3.166999999999999676e-02 -1.289860000000000007e+00
-2.258700000000000152e+00 -4.646799999999999820e-01 -8.412000000000000033e-02 -4.968600000000000239e-01 -1.655580000000000052e+00 7.993000000000000105e-02 -7.052999999999999547e-02 1.854999999999999982e-01 -1.289860000000000007e+00
-2.222729999999999873e+00 5.176300000000000345e-01 -2.716999999999999971e-02 4.854600000000000026e-01 -1.691559999999999953e+00 -1.128099999999999936e-01 -1.253799999999999915e-01 -1.538299999999999945e-01 -1.289860000000000007e+00
