2.856549999999999923e+00 0.000000000000000000e+00 0.000000000000000000e+00 0.000000000000000000e+00 2.856549999999999923e+00 -0.000000000000000000e+00 0.000000000000000000e+00 -0.000000000000000000e+00 2.734249999999999847e+00
2.856549999999999923e+00 0.000000000000000000e+00 0.000000000000000000e+00 0.000000000000000000e+00 2.856549999999999923e+00 -0.000000000000000000e+00 0.000000000000000000e+00 -0.000000000000000000e+00 2.734249999999999847e+00
2.856549999999999923e+00 0.000000000000000000e+00 -0.000000000000000000e+00 0.000000000000000000e+00 2.856549999999999923e+00 0.000000000000000000e+00 0.000000000000000000e+00 0.000000000000000000e+00 2.734249999999999847e+00
2.856549999999999923e+00 0.000000000000000000e+00 -0.000000000000000000e+00 0.000000000000000000e+00 2.856549999999999923e+00 0.000000000000000000e+00 0.000000000000000000e+00 0.000000000000000000e+00 2.734249999999999847e+00
2.795760000000000023e+00 0.000000000000000000e+00 0.000000000000000000e+00 0.000000000000000000e+00 2.795760000000000023e+00 0.000000000000000000e+00 0.000000000000000000e+00 0.000000000000000000e+00 2.581280000000000019e+00
2.795760000000000023e+00 0.000000000000000000e+00 0.000000000000000000e+00 0.000000000000000000e+00 2.795760000000000023e+00 0.000000000000000000e+00 0.000000000000000000e+00 0.000000000000000000e+00 2.581280000000000019e+00
2.827339999999999964e+00 0.000000000000000000e+00 0.000000000000000000e+00 0.000000000000000000e+00 2.827339999999999964e+00 -0.000000000000000000e+00 0.000000000000000000e+00 0.000000000000000000e+00 2.743580000000000130e+00
2.827339999999999964e+00 0.000000000000000000e+00 0.000000000000000000e+00 0.000000000000000000e+00 2.827339999999999964e+00 0.000000000000000000e+00 0.000000000000000000e+00 0.000000000000000000e+00 2.743580000000000130e+00
3.776800000000000157e+00 0.000000000000000000e+00 -0.000000000000000000e+00 0.000000000000000000e+00 3.776800000000000157e+00 -0.000000000000000000e+00 0.000000000000000000e+00 0.000000000000000000e+00 4.770599999999999952e+00
3.776800000000000157e+00 0.000000000000000000e+00 -0.000000000000000000e+00 0.000000000000000000e+00 3.776800000000000157e+00 -0.000000000000000000e+00 0.000000000000000000e+00 0.000000000000000000e+00 4.770599999999999952e+00
3.776800000000000157e+00 0.000000000000000000e+00 0.000000000000000000e+00 0.000000000000000000e+00 3.776800000000000157e+00 0.000000000000000000e+00 0.000000000000000000e+00 -0.000000000000000000e+00 4.770599999999999952e+00
3.776800000000000157e+00 0.000000000000000000e+00 0.000000000000000000e+00 0.000000000000000000e+00 3.776800000000000157e+00 0.000000000000000000e+00 -0.000000000000000000e+00 -0.000000000000000000e+00 4.770599999999999952e+00
-1.958369999999999944e+00 -1.211200000000000054e-01 0.000000000000000000e+00 -1.211200000000000054e-01 -1.818510000000000071e+00 0.000000000000000000e+00 0.000000000000000000e+00 0.000000000000000000e+00 -2.549830000000000041e+00
-1.958369999999999944e+00 -1.211200000000000054e-01 0.000000000000000000e+00 -1.211200000000000054e-01 -1.818510000000000071e+00 0.000000000000000000e+00 0.000000000000000000e+00 0.000000000000000000e+00 -2.549830000000000041e+00
-1.958369999999999944e+00 1.211200000000000054e-01 0.000000000000000000e+00 1.211200000000000054e-01 -1.818510000000000071e+00 -0.000000000000000000e+00 0.000000000000000000e+00 0.000000000000000000e+00 -2.549830000000000041e+00
-1.958369999999999944e+00 1.211200000000000054e-01 0.000000000000000000e+00 1.211200000000000054e-01 -1.818510000000000071e+00 -0.000000000000000000e+00 0.000000000000000000e+00 0.000000000000000000e+00 -2.549830000000000041e+00
-1.748590000000000089e+00 -0.000000000000000000e+00 0.000000000000000000e+00 -0.000000000000000000e+00 -2.028290000000000148e+00 0.000000000000000000e+00 -0.000000000000000000e+00 0.000000000000000000e+00 -2.549830000000000041e+00
-1.748590000000000089e+00 -0.000000000000000000e+00 0.000000000000000000e+00 -0.000000000000000000e+00 -2.028290000000000148e+00 0.000000000000000000e+00 -0.000000000000000000e+00 0.000000000000000000e+00 -2.549830000000000041e+00
-2.385720000000000063e+00 -3.146100000000000008e-01 -3.685700000000000087e-01 -3.146100000000000008e-01 -2.022440000000000015e+00 -2.127999999999999892e-01 -3.896399999999999864e-01 -2.249599999999999933e-01 -2.114180000000000170e+00
-2.385720000000000063e+00 -3.146100000000000008e-01 -3.685700000000000087e-01 -3.146100000000000008e-01 -2.022440000000000015e+00 -2.127999999999999892e-01 -3.896399999999999864e-01 -2.249599999999999933e-01 -2.114180000000000170e+00
-2.385720000000000063e+00 3.146100000000000008e-01 3.685700000000000087e-01 3.146100000000000008e-01 -2.022440000000000015e+00 -2.127999999999999892e-01 3.896399999999999864e-01 -2.249599999999999933e-01 -2.114180000000000170e+00
-2.385720000000000063e+00 -3.146100000000000008e-01 3.685700000000000087e-01 -3.146100000000000008e-01 -2.022440000000000015e+00 2.127999999999999892e-01 3.896399999999999864e-01 2.249599999999999933e-01 -2.114180000000000170e+00
-2.385720000000000063e+00 3.146100000000000008e-01 3.685700000000000087e-01 3.146100000000000008e-01 -2.022440000000000015e+00 -2.127999999999999892e-01 3.896399999999999864e-01 -2.249599999999999933e-01 -2.114180000000000170e+00
-2.385720000000000063e+00 -3.146100000000000008e-01 3.685700000000000087e-01 -3.146100000000000008e-01 -2.022440000000000015e+00 2.127999999999999892e-01 3.896399999999999864e-01 2.249599999999999933e-01 -2.114180000000000170e+00
-1.840799999999999992e+00 -0.000000000000000000e+00 0.000000000000000000e+00 -0.000000000000000000e+00 -2.567359999999999864e+00 4.255900000000000238e-01 0.000000000000000000e+00 4.499099999999999766e-01 -2.114180000000000170e+00
-2.385720000000000063e+00 3.146100000000000008e-01 -3.685700000000000087e-01 3.146100000000000008e-01 -2.022440000000000015e+00 2.127999999999999892e-01 -3.896399999999999864e-01 2.249599999999999933e-01 -2.114180000000000170e+00
-1.840799999999999992e+00 -0.000000000000000000e+00 0.000000000000000000e+00 -0.000000000000000000e+00 -2.567359999999999864e+00 4.255900000000000238e-01 0.000000000000000000e+00 4.499099999999999766e-01 -2.114180000000000170e+00
-2.385720000000000063e+00 3.146100000000000008e-01 -3.685700000000000087e-01 3.146100000000000008e-01 -2.022440000000000015e+00 2.127999999999999892e-01 -3.896399999999999864e-01 2.249599999999999933e-01 -2.114180000000000170e+00
-1.840799999999999992e+00 -0.000000000000000000e+00 -0.000000000000000000e+00 -0.000000000000000000e+00 -2.567359999999999864e+00 -4.255900000000000238e-01 -0.000000000000000000e+00 -4.499099999999999766e-01 -2.114180000000000170e+00
-1.840799999999999992e+00 -0.000000000000000000e+00 -0.000000000000000000e+00 -0.000000000000000000e+00 -2.567359999999999864e+00 -4.255900000000000238e-01 -0.000000000000000000e+00 -4.499099999999999766e-01 -2.114180000000000170e+00
