1.410009999999999986e+00 1.310999999999999943e-01 0.000000000000000000e+00 4.564000000000000001e-02 1.485559999999999992e+00 0.000000000000000000e+00 0.000000000000000000e+00 0.000000000000000000e+00 1.240599999999999925e+00
1.410009999999999986e+00 -1.310999999999999943e-01 0.000000000000000000e+00 -4.564000000000000001e-02 1.485559999999999992e+00 0.000000000000000000e+00 0.000000000000000000e+00 0.000000000000000000e+00 1.240599999999999925e+00
1.410009999999999986e+00 1.310999999999999943e-01 0.000000000000000000e+00 4.564000000000000001e-02 1.485559999999999992e+00 0.000000000000000000e+00 0.000000000000000000e+00 0.000000000000000000e+00 1.240599999999999925e+00
1.410009999999999986e+00 -1.310999999999999943e-01 -0.000000000000000000e+00 -4.564000000000000001e-02 1.485559999999999992e+00 0.000000000000000000e+00 0.000000000000000000e+00 0.000000000000000000e+00 1.240599999999999925e+00
2.662669999999999870e+00 0.000000000000000000e+00 -0.000000000000000000e+00 0.000000000000000000e+00 3.001640000000000086e+00 -0.000000000000000000e+00 0.000000000000000000e+00 0.000000000000000000e+00 4.193719999999999892e+00
2.662669999999999870e+00 0.000000000000000000e+00 -0.000000000000000000e+00 0.000000000000000000e+00 3.001640000000000086e+00 -0.000000000000000000e+00 0.000000000000000000e+00 0.000000000000000000e+00 4.193719999999999892e+00
-1.947470000000000034e+00 -0.000000000000000000e+00 -0.000000000000000000e+00 -0.000000000000000000e+00 -1.722329999999999917e+00 -3.211700000000000110e-01 -0.000000000000000000e+00 -3.828300000000000036e-01 -2.441959999999999908e+00
-1.947470000000000034e+00 -0.000000000000000000e+00 0.000000000000000000e+00 -0.000000000000000000e+00 -1.722329999999999917e+00 3.211700000000000110e-01 0.000000000000000000e+00 3.828300000000000036e-01 -2.441959999999999908e+00
-1.587749999999999995e+00 -0.000000000000000000e+00 -0.000000000000000000e+00 -0.000000000000000000e+00 -2.528099999999999792e+00 0.000000000000000000e+00 0.000000000000000000e+00 0.000000000000000000e+00 -1.791009999999999991e+00
-1.587749999999999995e+00 -0.000000000000000000e+00 0.000000000000000000e+00 -0.000000000000000000e+00 -2.528099999999999792e+00 0.000000000000000000e+00 0.000000000000000000e+00 0.000000000000000000e+00 -1.791009999999999991e+00
-1.947470000000000034e+00 -0.000000000000000000e+00 -0.000000000000000000e+00 -0.000000000000000000e+00 -1.722329999999999917e+00 -3.211700000000000110e-01 -0.000000000000000000e+00 -3.828300000000000036e-01 -2.441959999999999908e+00
-1.947470000000000034e+00 -0.000000000000000000e+00 0.000000000000000000e+00 -0.000000000000000000e+00 -1.722329999999999917e+00 3.211700000000000110e-01 0.000000000000000000e+00 3.828300000000000036e-01 -2.441959999999999908e+00
