1.307029999999999914e+00 5.830000000000000113e-03 0.000000000000000000e+00 -5.830000000000000113e-03 1.307029999999999914e+00 0.000000000000000000e+00 -0.000000000000000000e+00 0.000000000000000000e+00 1.103010000000000046e+00
1.307029999999999914e+00 5.830000000000000113e-03 -0.000000000000000000e+00 -5.830000000000000113e-03 1.307029999999999914e+00 -0.000000000000000000e+00 0.000000000000000000e+00 -0.000000000000000000e+00 1.103010000000000046e+00
1.307029999999999914e+00 5.830000000000000113e-03 -0.000000000000000000e+00 -5.830000000000000113e-03 1.307029999999999914e+00 -0.000000000000000000e+00 0.000000000000000000e+00 -0.000000000000000000e+00 1.103010000000000046e+00
1.307029999999999914e+00 5.830000000000000113e-03 0.000000000000000000e+00 -5.830000000000000113e-03 1.307029999999999914e+00 -0.000000000000000000e+00 -0.000000000000000000e+00 0.000000000000000000e+00 1.103010000000000046e+00
4.743940000000000268e+00 5.040099999999999580e-01 0.000000000000000000e+00 -5.040099999999999580e-01 4.743940000000000268e+00 0.000000000000000000e+00 0.000000000000000000e+00 -0.000000000000000000e+00 5.813200000000000145e+00
4.743940000000000268e+00 5.040099999999999580e-01 0.000000000000000000e+00 -5.040099999999999580e-01 4.743940000000000268e+00 0.000000000000000000e+00 0.000000000000000000e+00 -0.000000000000000000e+00 5.813200000000000145e+00
3.439130000000000020e+00 -8.100399999999999823e-01 0.000000000000000000e+00 -2.885300000000000087e-01 3.055169999999999941e+00 0.000000000000000000e+00 0.000000000000000000e+00 0.000000000000000000e+00 3.470930000000000071e+00
3.626850000000000129e+00 1.801500000000000046e-01 0.000000000000000000e+00 7.016599999999999504e-01 2.867449999999999832e+00 0.000000000000000000e+00 0.000000000000000000e+00 0.000000000000000000e+00 3.470930000000000071e+00
2.675460000000000171e+00 -1.523700000000000054e-01 -0.000000000000000000e+00 3.691300000000000137e-01 3.818839999999999790e+00 0.000000000000000000e+00 0.000000000000000000e+00 0.000000000000000000e+00 3.470930000000000071e+00
2.675460000000000171e+00 -1.523700000000000054e-01 0.000000000000000000e+00 3.691300000000000137e-01 3.818839999999999790e+00 0.000000000000000000e+00 0.000000000000000000e+00 0.000000000000000000e+00 3.470930000000000071e+00
3.626850000000000129e+00 1.801500000000000046e-01 -0.000000000000000000e+00 7.016599999999999504e-01 2.867449999999999832e+00 0.000000000000000000e+00 0.000000000000000000e+00 0.000000000000000000e+00 3.470930000000000071e+00
3.439130000000000020e+00 -8.100399999999999823e-01 0.000000000000000000e+00 -2.885300000000000087e-01 3.055169999999999941e+00 0.000000000000000000e+00 0.000000000000000000e+00 0.000000000000000000e+00 3.470930000000000071e+00
-2.277239999999999931e+00 2.816799999999999859e-01 9.055299999999999461e-01 3.220600000000000129e-01 -1.299320000000000030e+00 -3.938699999999999979e-01 1.055260000000000087e+00 -3.652199999999999891e-01 -2.466009999999999813e+00
-1.805229999999999890e+00 -5.945799999999999974e-01 7.938699999999999646e-01 -5.541899999999999604e-01 -1.771330000000000071e+00 5.872699999999999587e-01 8.439200000000000035e-01 7.312699999999999756e-01 -2.466009999999999813e+00
-1.282370000000000010e+00 2.523199999999999887e-01 1.116599999999999954e-01 2.927100000000000257e-01 -2.294189999999999952e+00 -9.811499999999999666e-01 2.113400000000000001e-01 -1.096489999999999965e+00 -2.466009999999999813e+00
-1.282370000000000010e+00 2.523199999999999887e-01 -1.116599999999999954e-01 2.927100000000000257e-01 -2.294189999999999952e+00 9.811499999999999666e-01 -2.113400000000000001e-01 1.096489999999999965e+00 -2.466009999999999813e+00
-1.805229999999999890e+00 -5.945799999999999974e-01 -7.938699999999999646e-01 -5.541899999999999604e-01 -1.771330000000000071e+00 -5.872699999999999587e-01 -8.439200000000000035e-01 -7.312699999999999756e-01 -2.466009999999999813e+00
-2.277239999999999931e+00 2.816799999999999859e-01 -9.055299999999999461e-01 3.220600000000000129e-01 -1.299320000000000030e+00 3.938699999999999979e-01 -1.055260000000000087e+00 3.652199999999999891e-01 -2.466009999999999813e+00
-2.277239999999999931e+00 2.816799999999999859e-01 9.055299999999999461e-01 3.220600000000000129e-01 -1.299320000000000030e+00 -3.938699999999999979e-01 1.055260000000000087e+00 -3.652199999999999891e-01 -2.466009999999999813e+00
-1.805229999999999890e+00 -5.945799999999999974e-01 7.938699999999999646e-01 -5.541899999999999604e-01 -1.771330000000000071e+00 5.872699999999999587e-01 8.439200000000000035e-01 7.312699999999999756e-01 -2.466009999999999813e+00
-1.282370000000000010e+00 2.523199999999999887e-01 1.116599999999999954e-01 2.927100000000000257e-01 -2.294189999999999952e+00 -9.811499999999999666e-01 2.113400000000000001e-01 -1.096489999999999965e+00 -2.466009999999999813e+00
-1.282370000000000010e+00 2.523199999999999887e-01 -1.116599999999999954e-01 2.927100000000000257e-01 -2.294189999999999952e+00 9.811499999999999666e-01 -2.113400000000000001e-01 1.096489999999999965e+00 -2.466009999999999813e+00
-1.805229999999999890e+00 -5.945799999999999974e-01 -7.938699999999999646e-01 -5.541899999999999604e-01 -1.771330000000000071e+00 -5.872699999999999587e-01 -8.439200000000000035e-01 -7.312699999999999756e-01 -2.466009999999999813e+00
-2.277239999999999931e+00 2.816799999999999859e-01 -9.055299999999999461e-01 3.220600000000000129e-01 -1.299320000000000030e+00 3.938699999999999979e-01 -1.055260000000000087e+00 3.652199999999999891e-01 -2.466009999999999813e+00
-1.459910000000000041e+00 6.420799999999999841e-01 0.000000000000000000e+00 3.835799999999999765e-01 -2.786589999999999900e+00 0.000000000000000000e+00 0.000000000000000000e+00 0.000000000000000000e+00 -1.211980000000000057e+00
-2.899049999999999905e+00 4.473099999999999854e-01 0.000000000000000000e+00 1.888100000000000056e-01 -1.347460000000000102e+00 -0.000000000000000000e+00 0.000000000000000000e+00 0.000000000000000000e+00 -1.211980000000000057e+00
-2.010800000000000143e+00 -7.016400000000000414e-01 0.000000000000000000e+00 -9.601300000000000390e-01 -2.235700000000000021e+00 0.000000000000000000e+00 0.000000000000000000e+00 0.000000000000000000e+00 -1.211980000000000057e+00
-2.010800000000000143e+00 -7.016400000000000414e-01 0.000000000000000000e+00 -9.601300000000000390e-01 -2.235700000000000021e+00 0.000000000000000000e+00 0.000000000000000000e+00 0.000000000000000000e+00 -1.211980000000000057e+00
-2.899049999999999905e+00 4.473099999999999854e-01 0.000000000000000000e+00 1.888100000000000056e-01 -1.347460000000000102e+00 -0.000000000000000000e+00 0.000000000000000000e+00 0.000000000000000000e+00 -1.211980000000000057e+00
-1.459910000000000041e+00 6.420799999999999841e-01 0.000000000000000000e+00 3.835799999999999765e-01 -2.786589999999999900e+00 0.000000000000000000e+00 0.000000000000000000e+00 0.000000000000000000e+00 -1.211980000000000057e+00
