-4.083510432577969196e-02
-3.488802788334798705e-02
-1.120332909545940399e-02
4.483409225514508378e+00
5.070430057074562846e+00
5.776154114171710319e+00
6.379787069917538744e+00
6.786560448711857596e+00
7.541394332585999116e+00
8.006756080481842730e+00
8.969824177388563413e+00
9.345281444741861065e+00
1.072064854890423113e+01
1.117425311854973558e+01
1.207503460845082977e+01
1.328752849819540671e+01
1.363107112390005859e+01
1.415012196055436711e+01
1.545596317468538139e+01
1.587643602257557340e+01
1.626717786067951721e+01
1.726689678934446093e+01
1.766019505963470593e+01
1.782427327255618010e+01
