-5.376625912224133885e-02
-5.376625856427058592e-02
-5.258445264524486823e-02
7.915876982369041137e-01
1.059686227144620352e+00
1.059686236581375951e+00
1.333954365786176322e+00
1.333954369534430473e+00
1.400578726812598651e+00
1.681791051230800305e+00
1.681791060149862904e+00
1.746698746206683417e+00
1.954827038384726157e+00
1.954827053731352349e+00
2.062375591399394192e+00
2.584108501978970907e+00
2.584108521328003505e+00
3.411557137144269003e+00
3.562365941337301667e+00
3.562365969408533228e+00
3.917964854359977434e+00
3.917964867121705108e+00
5.333068244453656348e+00
5.623186632150848574e+00
6.071839984716329575e+00
6.228669023154143503e+00
6.228669039208938329e+00
6.271016799530998220e+00
6.271016815477374884e+00
6.468901730587657717e+00
6.468901746046232581e+00
7.361008728428461545e+00
8.141766006217570961e+00
8.184907238325918044e+00
8.405695670198868541e+00
8.405695729682344464e+00
9.172881799085825349e+00
9.172881853594322621e+00
9.430247197184176144e+00
9.430247250205054499e+00
9.565535228098843490e+00
9.565535296051130842e+00
9.626908029061043592e+00
9.956054288723018786e+00
1.062555071513942728e+01
1.157260113371233423e+01
1.157260126332882777e+01
1.164367334650023622e+01
1.164367338944201080e+01
1.262367216779650114e+01
1.320396535136320360e+01
1.320396538923061591e+01
1.336489494908209075e+01
1.497227414256097511e+01
1.634270219394577239e+01
1.634270222454046717e+01
1.655570826029499543e+01
1.760313188043536670e+01
1.878620158520609706e+01
1.878620161182137593e+01
1.991627746342172145e+01
2.035932184528747868e+01
2.035932189440502782e+01
2.739662243781156192e+01
2.739662254731411295e+01
2.775878478968414598e+01
