6.042089999999999961e+00 6.260999999999999899e-02 0.000000000000000000e+00 -6.260999999999999899e-02 6.042089999999999961e+00 -0.000000000000000000e+00 0.000000000000000000e+00 -0.000000000000000000e+00 3.652600000000000069e+00
6.042089999999999961e+00 6.260999999999999899e-02 0.000000000000000000e+00 -6.260999999999999899e-02 6.042089999999999961e+00 -0.000000000000000000e+00 0.000000000000000000e+00 -0.000000000000000000e+00 3.652600000000000069e+00
2.543569999999999887e+00 2.202000000000000138e-02 0.000000000000000000e+00 -2.202000000000000138e-02 2.543569999999999887e+00 -0.000000000000000000e+00 0.000000000000000000e+00 -0.000000000000000000e+00 2.965930000000000177e+00
2.543569999999999887e+00 2.202000000000000138e-02 0.000000000000000000e+00 -2.202000000000000138e-02 2.543569999999999887e+00 -0.000000000000000000e+00 0.000000000000000000e+00 -0.000000000000000000e+00 2.965930000000000177e+00
-1.854230000000000045e+00 -3.405699999999999839e-01 -7.452499999999999680e-01 -2.841500000000000137e-01 -3.869540000000000202e+00 -3.982499999999999929e-01 -6.287899999999999601e-01 -3.497799999999999798e-01 -2.206179999999999808e+00
-3.636229999999999851e+00 -7.446899999999999631e-01 7.175200000000000466e-01 -6.882700000000000484e-01 -2.087549999999999795e+00 -4.462800000000000100e-01 6.173100000000000254e-01 -3.696599999999999886e-01 -2.206179999999999808e+00
-3.095209999999999795e+00 1.000629999999999908e+00 2.773000000000000118e-02 1.057050000000000045e+00 -2.628569999999999851e+00 8.445300000000000029e-01 1.148000000000000062e-02 7.194399999999999684e-01 -2.206179999999999808e+00
-1.854230000000000045e+00 -3.405699999999999839e-01 -7.452499999999999680e-01 -2.841500000000000137e-01 -3.869540000000000202e+00 -3.982499999999999929e-01 -6.287899999999999601e-01 -3.497799999999999798e-01 -2.206179999999999808e+00
-3.095209999999999795e+00 1.000629999999999908e+00 2.773000000000000118e-02 1.057050000000000045e+00 -2.628569999999999851e+00 8.445300000000000029e-01 1.148000000000000062e-02 7.194399999999999684e-01 -2.206179999999999808e+00
-3.636229999999999851e+00 -7.446899999999999631e-01 7.175200000000000466e-01 -6.882700000000000484e-01 -2.087549999999999795e+00 -4.462800000000000100e-01 6.173100000000000254e-01 -3.696599999999999886e-01 -2.206179999999999808e+00
