1.084780000000000078e+00 0.000000000000000000e+00 -2.142999999999999905e-01 0.000000000000000000e+00 1.169920000000000071e+00 -0.000000000000000000e+00 -5.049999999999999802e-03 -0.000000000000000000e+00 6.256199999999999539e-01
9.652699999999999614e-01 0.000000000000000000e+00 2.474800000000000055e-01 0.000000000000000000e+00 1.271349999999999980e+00 0.000000000000000000e+00 5.722000000000000003e-02 -0.000000000000000000e+00 1.388910000000000089e+00
9.652699999999999614e-01 0.000000000000000000e+00 2.474800000000000055e-01 0.000000000000000000e+00 1.271349999999999980e+00 0.000000000000000000e+00 5.722000000000000003e-02 -0.000000000000000000e+00 1.388910000000000089e+00
1.084780000000000078e+00 0.000000000000000000e+00 -2.142999999999999905e-01 0.000000000000000000e+00 1.169920000000000071e+00 -0.000000000000000000e+00 -5.049999999999999802e-03 -0.000000000000000000e+00 6.256199999999999539e-01
1.078770000000000007e+00 0.000000000000000000e+00 3.224600000000000244e-01 0.000000000000000000e+00 7.271999999999999575e-01 0.000000000000000000e+00 2.851500000000000146e-01 0.000000000000000000e+00 1.237749999999999906e+00
6.398399999999999643e-01 0.000000000000000000e+00 1.268950000000000022e+00 0.000000000000000000e+00 2.224429999999999907e+00 0.000000000000000000e+00 1.356370000000000076e+00 0.000000000000000000e+00 1.279509999999999925e+00
-1.454679999999999973e+00 4.996399999999999730e-01 -4.144399999999999751e-01 4.124499999999999833e-01 -1.958539999999999948e+00 6.242299999999999516e-01 -4.364700000000000246e-01 6.287099999999999911e-01 -1.636579999999999924e+00
-1.454679999999999973e+00 -4.996399999999999730e-01 -4.144399999999999751e-01 -4.124499999999999833e-01 -1.958539999999999948e+00 -6.242299999999999516e-01 -4.364700000000000246e-01 -6.287099999999999911e-01 -1.636579999999999924e+00
-1.454679999999999973e+00 -4.996399999999999730e-01 -4.144399999999999751e-01 -4.124499999999999833e-01 -1.958539999999999948e+00 -6.242299999999999516e-01 -4.364700000000000246e-01 -6.287099999999999911e-01 -1.636579999999999924e+00
-1.454679999999999973e+00 4.996399999999999730e-01 -4.144399999999999751e-01 4.124499999999999833e-01 -1.958539999999999948e+00 6.242299999999999516e-01 -4.364700000000000246e-01 6.287099999999999911e-01 -1.636579999999999924e+00
