-2.789221403421247858e-02
-2.789208721091259932e-02
-1.166723498497240774e-02
2.386087348958656928e+00
2.386087349540033209e+00
3.736304431541413784e+00
4.014740135700638923e+00
4.361309930118613565e+00
4.622327439856370290e+00
4.622327440491314832e+00
5.182361459099731782e+00
5.182361459763895617e+00
6.145213150118491896e+00
6.859609245878845130e+00
6.859609246294873230e+00
9.396807704597947009e+00
9.396807704609496881e+00
1.008501177874134669e+01
1.017074966939927094e+01
1.029734592113032932e+01
1.029734592117216074e+01
1.749169746372605871e+01
1.749169746379334711e+01
1.765715184158899831e+01
1.765715184209203770e+01
2.062172613356355200e+01
2.162556368124621997e+01
2.901084275931269474e+01
2.999102735405252673e+01
3.572772330907997684e+01
3.572772330963732657e+01
3.585938077222259324e+01
3.585938077287593728e+01
