-5.263508610337379323e-02
-5.263508610040516095e-02
-1.768962043339741483e-02
1.723374490165085371e+00
1.780802125545547510e+00
1.780802125545565051e+00
1.799866541294573796e+00
2.999238757192828952e+00
2.999238757192835614e+00
3.117146145563937321e+00
3.352640897718428992e+00
3.352640897718437873e+00
3.558842972199184107e+00
3.558842972199192545e+00
3.783827687133148654e+00
3.880859854220919836e+00
4.307144804373844060e+00
4.397873946155343994e+00
4.406260773701571765e+00
4.406260773701584199e+00
4.516774889159561823e+00
5.083680647962106391e+00
5.483080144415676926e+00
5.542484239214853226e+00
5.542484239214860331e+00
6.148745505496706620e+00
6.169003491548063600e+00
6.169003491548076035e+00
6.193435466827070357e+00
6.480842422008890047e+00
6.620120861549477098e+00
6.750558315974493517e+00
6.941957929578002506e+00
6.941957929578007835e+00
7.394557911710383458e+00
8.312103329345697844e+00
8.312103329345701397e+00
8.421793841230179822e+00
8.701751341400854045e+00
8.850499993198962301e+00
9.039649333536512898e+00
9.039649333536530662e+00
9.962349151282515081e+00
9.962349151282518633e+00
1.033125435409782433e+01
1.191264529494095825e+01
1.191264529494095825e+01
1.206890505726436480e+01
1.316281590293514903e+01
1.381912346181610296e+01
1.490939225857006356e+01
1.506708460347583411e+01
1.526609501010095649e+01
1.528881238446645341e+01
1.528881238446647117e+01
1.590172613713201244e+01
1.590172613713202310e+01
1.608962115589248398e+01
2.139285996742749063e+01
2.139285996742749418e+01
2.167855589404408789e+01
2.167855589404409855e+01
2.194873872170169093e+01
2.250634841277840437e+01
2.251563873769820390e+01
2.251563873769820390e+01
2.252010581568701397e+01
2.338370137987000064e+01
2.342636443579194960e+01
2.352521453839954191e+01
2.524322083672322847e+01
2.524322083672324268e+01
