-2.813396484076296014e-02
-1.660365474423556101e-02
-1.048676910488301021e-02
1.548894810301080227e+00
1.636553766601623217e+00
2.029949544468981681e+00
2.054990140348876171e+00
2.473418300100938438e+00
2.494296751455406191e+00
2.627140541994450906e+00
2.658710976825126249e+00
2.666714667356704371e+00
2.960942238807057869e+00
3.070631904387156830e+00
3.076570864600376876e+00
3.209835959059002430e+00
3.379175432923217759e+00
3.627044448051210956e+00
3.769900919647812376e+00
3.830975102083644668e+00
3.918181543794100996e+00
4.683637286858151505e+00
4.776024878935358764e+00
5.272653645029574676e+00
6.074773232050864280e+00
6.196510761885043905e+00
6.390631454614516649e+00
6.522823561159608374e+00
6.914684717234270472e+00
6.950262139388801330e+00
6.960082114059078506e+00
6.968354770864626957e+00
7.143629279532463627e+00
8.002499259711672863e+00
8.319317769109622063e+00
9.074179714016709752e+00
9.433068087608035057e+00
9.449697451352376376e+00
9.471173810528357606e+00
9.970408667428289462e+00
1.027764138695972740e+01
1.031224505563847060e+01
1.058095793153967001e+01
1.185307592719020597e+01
1.205764357397286446e+01
1.233775748048718768e+01
1.349841505218593518e+01
1.401143449632463955e+01
