-1.981326756589569388e-02
-8.111122425385995649e-03
-8.111122423969416989e-03
2.160952090839927564e+00
2.160952090839939554e+00
2.507242178709427005e+00
2.507242178709435443e+00
3.695903323210548042e+00
3.695903323210550706e+00
3.791180104319313404e+00
3.791180104319316513e+00
4.022017448893070224e+00
4.075012587638632056e+00
4.408615367174173905e+00
5.657736371855912161e+00
6.165822575463185906e+00
6.165822575463187682e+00
6.650159831332423721e+00
6.650159831332425497e+00
6.672893138494742082e+00
6.672893138494742082e+00
7.051059641222541252e+00
7.179527369536869763e+00
7.179527369536871539e+00
7.417758885675693747e+00
7.417758885675693747e+00
7.627526009017489450e+00
8.718865780705179702e+00
1.162007225982285874e+01
1.565478281217499301e+01
1.632468751081984593e+01
1.812351208891459464e+01
1.812351208891459464e+01
1.821334367631168405e+01
1.821334367631168760e+01
1.961650599173234966e+01
