2.591180000000000039e+00 -0.000000000000000000e+00 4.066000000000000170e-02 -0.000000000000000000e+00 2.612509999999999888e+00 0.000000000000000000e+00 -9.190000000000000252e-03 0.000000000000000000e+00 2.413679999999999826e+00
2.591180000000000039e+00 -0.000000000000000000e+00 4.066000000000000170e-02 -0.000000000000000000e+00 2.612509999999999888e+00 0.000000000000000000e+00 -9.190000000000000252e-03 0.000000000000000000e+00 2.413679999999999826e+00
2.351220000000000088e+00 -0.000000000000000000e+00 -5.895000000000000240e-02 -0.000000000000000000e+00 2.196750000000000203e+00 0.000000000000000000e+00 4.941000000000000253e-02 0.000000000000000000e+00 2.087159999999999904e+00
2.381510000000000016e+00 -0.000000000000000000e+00 5.242299999999999738e-01 -0.000000000000000000e+00 2.480459999999999887e+00 -0.000000000000000000e+00 6.102400000000000047e-01 -0.000000000000000000e+00 7.905699999999999950e-01
2.381510000000000016e+00 -0.000000000000000000e+00 5.242299999999999738e-01 -0.000000000000000000e+00 2.480459999999999887e+00 -0.000000000000000000e+00 6.102400000000000047e-01 -0.000000000000000000e+00 7.905699999999999950e-01
-2.327529999999999877e+00 0.000000000000000000e+00 -3.884400000000000075e-01 0.000000000000000000e+00 -1.628870000000000040e+00 -0.000000000000000000e+00 -4.178000000000000047e-01 -0.000000000000000000e+00 -1.471670000000000034e+00
-1.910390000000000033e+00 2.873899999999999788e-01 -7.348999999999999977e-02 2.588599999999999790e-01 -2.281239999999999934e+00 1.503500000000000114e-01 -1.039800000000000030e-01 1.261200000000000099e-01 -1.388079999999999981e+00
-1.910390000000000033e+00 -2.873899999999999788e-01 -7.348999999999999977e-02 -2.588599999999999790e-01 -2.281239999999999934e+00 -1.503500000000000114e-01 -1.039800000000000030e-01 -1.261200000000000099e-01 -1.388079999999999981e+00
-1.910390000000000033e+00 2.873899999999999788e-01 -7.348999999999999977e-02 2.588599999999999790e-01 -2.281239999999999934e+00 1.503500000000000114e-01 -1.039800000000000030e-01 1.261200000000000099e-01 -1.388079999999999981e+00
-1.910390000000000033e+00 -2.873899999999999788e-01 -7.348999999999999977e-02 -2.588599999999999790e-01 -2.281239999999999934e+00 -1.503500000000000114e-01 -1.039800000000000030e-01 -1.261200000000000099e-01 -1.388079999999999981e+00
-2.327529999999999877e+00 0.000000000000000000e+00 -3.884400000000000075e-01 0.000000000000000000e+00 -1.628870000000000040e+00 -0.000000000000000000e+00 -4.178000000000000047e-01 -0.000000000000000000e+00 -1.471670000000000034e+00
