1.721649999999999903e+00 4.660999999999999865e-02 -3.672999999999999876e-02 4.395999999999999908e-02 1.727449999999999930e+00 -1.415700000000000014e-01 -2.259999999999999856e-02 3.755000000000000004e-02 1.694800000000000084e+00
1.765220000000000011e+00 -1.881000000000000033e-02 1.409700000000000120e-01 -2.145999999999999991e-02 1.683880000000000043e+00 3.898000000000000076e-02 -2.121999999999999928e-02 -3.833999999999999908e-02 1.694800000000000084e+00
1.686779999999999946e+00 -2.382000000000000089e-02 1.042399999999999993e-01 -2.648000000000000007e-02 1.762320000000000109e+00 -1.025900000000000006e-01 -4.381999999999999784e-02 -8.000000000000000383e-04 1.694800000000000084e+00
1.721649999999999903e+00 4.660999999999999865e-02 3.672999999999999876e-02 4.395999999999999908e-02 1.727449999999999930e+00 1.415700000000000014e-01 2.259999999999999856e-02 -3.755000000000000004e-02 1.694800000000000084e+00
1.765220000000000011e+00 -1.881000000000000033e-02 -1.409700000000000120e-01 -2.145999999999999991e-02 1.683880000000000043e+00 -3.898000000000000076e-02 2.121999999999999928e-02 3.833999999999999908e-02 1.694800000000000084e+00
1.686779999999999946e+00 -2.382000000000000089e-02 -1.042399999999999993e-01 -2.648000000000000007e-02 1.762320000000000109e+00 1.025900000000000006e-01 4.381999999999999784e-02 8.000000000000000383e-04 1.694800000000000084e+00
3.404770000000000074e+00 2.090100000000000013e-01 0.000000000000000000e+00 -2.090100000000000013e-01 3.404770000000000074e+00 -0.000000000000000000e+00 -0.000000000000000000e+00 0.000000000000000000e+00 3.692880000000000162e+00
3.404770000000000074e+00 2.090100000000000013e-01 0.000000000000000000e+00 -2.090100000000000013e-01 3.404770000000000074e+00 0.000000000000000000e+00 -0.000000000000000000e+00 0.000000000000000000e+00 3.692880000000000162e+00
-2.482400000000000162e+00 -2.850900000000000101e-01 1.937699999999999978e-01 -2.823899999999999744e-01 -1.865110000000000046e+00 5.391599999999999726e-01 6.176000000000000240e-02 6.444600000000000328e-01 -2.016579999999999817e+00
-1.773700000000000054e+00 -1.267800000000000038e-01 -3.700399999999999801e-01 -1.240799999999999959e-01 -2.573809999999999931e+00 4.373900000000000010e-01 -5.272400000000000420e-01 3.757199999999999984e-01 -2.016579999999999817e+00
-2.265159999999999840e+00 4.078200000000000158e-01 5.638100000000000334e-01 4.105199999999999960e-01 -2.082349999999999923e+00 1.017699999999999994e-01 5.889999999999999680e-01 2.687399999999999789e-01 -2.016579999999999817e+00
-2.265159999999999840e+00 4.078200000000000158e-01 -5.638100000000000334e-01 4.105199999999999960e-01 -2.082349999999999923e+00 -1.017699999999999994e-01 -5.889999999999999680e-01 -2.687399999999999789e-01 -2.016579999999999817e+00
-2.057160000000000100e+00 -2.089399999999999868e-01 0.000000000000000000e+00 2.089399999999999868e-01 -2.057160000000000100e+00 0.000000000000000000e+00 -0.000000000000000000e+00 -0.000000000000000000e+00 -2.727539999999999853e+00
-2.482400000000000162e+00 -2.850900000000000101e-01 -1.937699999999999978e-01 -2.823899999999999744e-01 -1.865110000000000046e+00 -5.391599999999999726e-01 -6.176000000000000240e-02 -6.444600000000000328e-01 -2.016579999999999817e+00
-2.057160000000000100e+00 -2.089399999999999868e-01 -0.000000000000000000e+00 2.089399999999999868e-01 -2.057160000000000100e+00 0.000000000000000000e+00 0.000000000000000000e+00 0.000000000000000000e+00 -2.727539999999999853e+00
-1.773700000000000054e+00 -1.267800000000000038e-01 3.700399999999999801e-01 -1.240799999999999959e-01 -2.573809999999999931e+00 -4.373900000000000010e-01 5.272400000000000420e-01 -3.757199999999999984e-01 -2.016579999999999817e+00
