-1.709726869417770578e-01
-6.186593609064119925e-02
-3.050214219908805799e-02
2.732680757749814671e+00
3.187453549189771085e+00
3.211613800559551368e+00
3.363532519837108214e+00
3.552158867555364807e+00
3.617668032993274885e+00
3.726475378451587162e+00
4.059090652499275365e+00
4.262490650109964641e+00
4.354490844751426337e+00
4.425265224228204453e+00
4.702244122817580418e+00
4.766497402024943320e+00
4.875671484523206978e+00
5.003531275195993722e+00
5.135831048250926401e+00
5.183508256325918495e+00
5.552805166365171630e+00
5.783732983732122079e+00
6.103611134345851674e+00
6.447998447584975423e+00
6.466891275836489150e+00
6.720069988343930767e+00
6.945755446329275884e+00
7.169973618698453954e+00
7.172444037096349589e+00
7.330361020583894494e+00
7.442081130287736102e+00
7.557088642987999982e+00
7.757462044205157170e+00
7.825517952940576727e+00
7.855897192581740462e+00
7.870755562946513351e+00
8.102045507568558236e+00
8.224807999198311848e+00
8.528962026496374804e+00
8.552794305749468862e+00
8.651710901317725799e+00
8.828956633173984159e+00
8.909353910771727669e+00
8.924107596692858024e+00
9.133027478751030159e+00
9.195160431129231426e+00
9.723023895483267509e+00
1.076399022055299959e+01
1.115493148976079318e+01
1.160139111797596634e+01
1.194260520657080527e+01
1.297436435421484724e+01
1.470288947343044761e+01
1.483993842825229059e+01
1.523404736098919976e+01
1.539898011188668470e+01
1.568233720645211982e+01
1.652908506524502030e+01
1.684812200701058060e+01
1.809883103711056052e+01
