-6.160942355553818139e-02
-3.961528442709082859e-02
-2.537016709915924581e-02
3.669759705146256934e+00
4.238843913449447776e+00
4.482776706372987086e+00
5.257271241218887781e+00
5.601348261626471370e+00
5.730314419181546270e+00
6.362696442389187190e+00
6.436025511353509643e+00
7.215355932577621978e+00
7.233721344136164966e+00
7.795021214931364462e+00
8.312868234462744255e+00
8.459762791540327953e+00
8.694640140287791752e+00
1.000877484863796951e+01
1.093135569263951723e+01
1.137116454676961297e+01
1.140653999164358545e+01
1.218094319055553143e+01
1.237856850252695295e+01
1.335265737436571776e+01
1.357539409211601011e+01
1.390211306478614262e+01
1.398655181934799074e+01
1.486532268908178978e+01
1.494195695253276135e+01
1.628519248558812293e+01
1.845814919231914075e+01
1.985535426526357838e+01
1.986362958061877038e+01
2.157503084101885449e+01
2.586738610197217980e+01
2.610002432624478885e+01
