-3.179286712676378246e-02
-1.798169706159961564e-02
-1.788625061068723279e-02
5.057674559334229158e+00
5.168800952299311469e+00
5.240769161664364795e+00
5.742806208189209727e+00
6.468645481173053824e+00
6.493390858447823710e+00
7.968383881364894172e+00
8.651525411460669446e+00
8.706974022319037942e+00
8.708308115757914081e+00
8.986720636353439318e+00
9.517073836931103870e+00
1.017275817671401583e+01
1.097016460717138919e+01
1.250521898062023674e+01
1.316100688726003121e+01
1.461035454154986368e+01
1.540105041657586682e+01
1.613793599310655935e+01
2.162169604268882850e+01
2.471513902476550939e+01
2.572350619893559198e+01
2.615718316514056951e+01
2.770195034939453294e+01
