2.902719999999999967e+00 1.565499999999999947e-01 -7.012000000000000177e-02 1.378600000000000103e-01 3.333169999999999966e+00 6.816999999999999449e-02 -8.026999999999999413e-02 9.937999999999999612e-02 3.615330000000000155e+00
2.902719999999999967e+00 -1.565499999999999947e-01 -7.012000000000000177e-02 -1.378600000000000103e-01 3.333169999999999966e+00 -6.816999999999999449e-02 -8.026999999999999413e-02 -9.937999999999999612e-02 3.615330000000000155e+00
2.902719999999999967e+00 -1.565499999999999947e-01 7.012000000000000177e-02 -1.378600000000000103e-01 3.333169999999999966e+00 6.816999999999999449e-02 8.026999999999999413e-02 9.937999999999999612e-02 3.615330000000000155e+00
2.902719999999999967e+00 1.565499999999999947e-01 7.012000000000000177e-02 1.378600000000000103e-01 3.333169999999999966e+00 -6.816999999999999449e-02 8.026999999999999413e-02 -9.937999999999999612e-02 3.615330000000000155e+00
1.063260000000000094e+00 -0.000000000000000000e+00 1.284180000000000099e+00 0.000000000000000000e+00 3.478099999999999969e+00 0.000000000000000000e+00 9.009500000000000286e-01 -0.000000000000000000e+00 2.077640000000000153e+00
1.063260000000000094e+00 0.000000000000000000e+00 1.284180000000000099e+00 0.000000000000000000e+00 3.478099999999999969e+00 0.000000000000000000e+00 9.009500000000000286e-01 -0.000000000000000000e+00 2.077640000000000153e+00
1.063260000000000094e+00 -0.000000000000000000e+00 -1.284180000000000099e+00 0.000000000000000000e+00 3.478099999999999969e+00 0.000000000000000000e+00 -9.009500000000000286e-01 -0.000000000000000000e+00 2.077640000000000153e+00
1.063260000000000094e+00 -0.000000000000000000e+00 -1.284180000000000099e+00 0.000000000000000000e+00 3.478099999999999969e+00 0.000000000000000000e+00 -9.009500000000000286e-01 -0.000000000000000000e+00 2.077640000000000153e+00
3.635839999999999961e+00 0.000000000000000000e+00 4.012200000000000211e-01 0.000000000000000000e+00 2.586489999999999956e+00 0.000000000000000000e+00 1.598900000000000043e-01 0.000000000000000000e+00 2.810760000000000147e+00
3.635839999999999961e+00 0.000000000000000000e+00 4.012200000000000211e-01 0.000000000000000000e+00 2.586489999999999956e+00 0.000000000000000000e+00 1.598900000000000043e-01 0.000000000000000000e+00 2.810760000000000147e+00
3.635839999999999961e+00 0.000000000000000000e+00 -4.012200000000000211e-01 0.000000000000000000e+00 2.586489999999999956e+00 0.000000000000000000e+00 -1.598900000000000043e-01 -0.000000000000000000e+00 2.810760000000000147e+00
3.635839999999999961e+00 0.000000000000000000e+00 -4.012200000000000211e-01 0.000000000000000000e+00 2.586489999999999956e+00 0.000000000000000000e+00 -1.598900000000000043e-01 -0.000000000000000000e+00 2.810760000000000147e+00
-1.986029999999999962e+00 -0.000000000000000000e+00 8.923200000000000021e-01 0.000000000000000000e+00 -1.766780000000000017e+00 0.000000000000000000e+00 6.581599999999999673e-01 -0.000000000000000000e+00 -2.267889999999999961e+00
-1.986029999999999962e+00 -0.000000000000000000e+00 8.923200000000000021e-01 0.000000000000000000e+00 -1.766780000000000017e+00 0.000000000000000000e+00 6.581599999999999673e-01 -0.000000000000000000e+00 -2.267889999999999961e+00
-1.986029999999999962e+00 0.000000000000000000e+00 -8.923200000000000021e-01 0.000000000000000000e+00 -1.766780000000000017e+00 0.000000000000000000e+00 -6.581599999999999673e-01 0.000000000000000000e+00 -2.267889999999999961e+00
-1.986029999999999962e+00 0.000000000000000000e+00 -8.923200000000000021e-01 0.000000000000000000e+00 -1.766780000000000017e+00 0.000000000000000000e+00 -6.581599999999999673e-01 0.000000000000000000e+00 -2.267889999999999961e+00
-2.512539999999999996e+00 -0.000000000000000000e+00 -3.249600000000000266e-01 0.000000000000000000e+00 -1.807620000000000005e+00 0.000000000000000000e+00 -5.655000000000000304e-02 0.000000000000000000e+00 -2.376819999999999933e+00
-2.512539999999999996e+00 -0.000000000000000000e+00 -3.249600000000000266e-01 0.000000000000000000e+00 -1.807620000000000005e+00 0.000000000000000000e+00 -5.655000000000000304e-02 0.000000000000000000e+00 -2.376819999999999933e+00
-2.512539999999999996e+00 0.000000000000000000e+00 3.249600000000000266e-01 0.000000000000000000e+00 -1.807620000000000005e+00 0.000000000000000000e+00 5.655000000000000304e-02 0.000000000000000000e+00 -2.376819999999999933e+00
-2.512539999999999996e+00 0.000000000000000000e+00 3.249600000000000266e-01 0.000000000000000000e+00 -1.807620000000000005e+00 0.000000000000000000e+00 5.655000000000000304e-02 0.000000000000000000e+00 -2.376819999999999933e+00
-1.551619999999999999e+00 4.710199999999999942e-01 -3.733699999999999797e-01 6.107599999999999696e-01 -2.911680000000000046e+00 1.345000000000000015e-02 -2.221700000000000064e-01 1.026100000000000068e-01 -1.929510000000000058e+00
-1.551619999999999999e+00 -4.710199999999999942e-01 -3.733699999999999797e-01 -6.107599999999999696e-01 -2.911680000000000046e+00 -1.345000000000000015e-02 -2.221700000000000064e-01 -1.026100000000000068e-01 -1.929510000000000058e+00
-1.551619999999999999e+00 -4.710199999999999942e-01 3.733699999999999797e-01 -6.107599999999999696e-01 -2.911680000000000046e+00 1.345000000000000015e-02 2.221700000000000064e-01 1.026100000000000068e-01 -1.929510000000000058e+00
-1.551619999999999999e+00 4.710199999999999942e-01 3.733699999999999797e-01 6.107599999999999696e-01 -2.911680000000000046e+00 -1.345000000000000015e-02 2.221700000000000064e-01 -1.026100000000000068e-01 -1.929510000000000058e+00
-1.551619999999999999e+00 4.710199999999999942e-01 -3.733699999999999797e-01 6.107599999999999696e-01 -2.911680000000000046e+00 1.345000000000000015e-02 -2.221700000000000064e-01 1.026100000000000068e-01 -1.929510000000000058e+00
-1.551619999999999999e+00 -4.710199999999999942e-01 -3.733699999999999797e-01 -6.107599999999999696e-01 -2.911680000000000046e+00 -1.345000000000000015e-02 -2.221700000000000064e-01 -1.026100000000000068e-01 -1.929510000000000058e+00
-1.551619999999999999e+00 -4.710199999999999942e-01 3.733699999999999797e-01 -6.107599999999999696e-01 -2.911680000000000046e+00 1.345000000000000015e-02 2.221700000000000064e-01 1.026100000000000068e-01 -1.929510000000000058e+00
-1.551619999999999999e+00 4.710199999999999942e-01 3.733699999999999797e-01 6.107599999999999696e-01 -2.911680000000000046e+00 -1.345000000000000015e-02 2.221700000000000064e-01 -1.026100000000000068e-01 -1.929510000000000058e+00
