1.667459999999999942e+00 3.397800000000000264e-01 1.244999999999999996e-01 2.795000000000000262e-01 1.992199999999999971e+00 2.132699999999999874e-01 -8.051999999999999436e-02 -1.511899999999999911e-01 2.318090000000000206e+00
1.667459999999999942e+00 3.397800000000000264e-01 -1.244999999999999996e-01 2.795000000000000262e-01 1.992199999999999971e+00 -2.132699999999999874e-01 8.051999999999999436e-02 1.511899999999999911e-01 2.318090000000000206e+00
1.667459999999999942e+00 -3.397800000000000264e-01 1.244999999999999996e-01 -2.795000000000000262e-01 1.992199999999999971e+00 -2.132699999999999874e-01 -8.051999999999999436e-02 1.511899999999999911e-01 2.318090000000000206e+00
1.667459999999999942e+00 -3.397800000000000264e-01 -1.244999999999999996e-01 -2.795000000000000262e-01 1.992199999999999971e+00 2.132699999999999874e-01 8.051999999999999436e-02 -1.511899999999999911e-01 2.318090000000000206e+00
2.356949999999999878e+00 -0.000000000000000000e+00 1.150700000000000056e-01 0.000000000000000000e+00 2.064280000000000115e+00 0.000000000000000000e+00 -8.558000000000000329e-02 0.000000000000000000e+00 1.961940000000000017e+00
2.356949999999999878e+00 0.000000000000000000e+00 -1.150700000000000056e-01 0.000000000000000000e+00 2.064280000000000115e+00 0.000000000000000000e+00 8.558000000000000329e-02 -0.000000000000000000e+00 1.961940000000000017e+00
2.356949999999999878e+00 -0.000000000000000000e+00 1.150700000000000056e-01 0.000000000000000000e+00 2.064280000000000115e+00 0.000000000000000000e+00 -8.558000000000000329e-02 0.000000000000000000e+00 1.961940000000000017e+00
2.356949999999999878e+00 0.000000000000000000e+00 -1.150700000000000056e-01 0.000000000000000000e+00 2.064280000000000115e+00 0.000000000000000000e+00 8.558000000000000329e-02 0.000000000000000000e+00 1.961940000000000017e+00
2.720400000000000151e+00 0.000000000000000000e+00 1.889999999999999970e-03 0.000000000000000000e+00 3.033249999999999780e+00 0.000000000000000000e+00 1.726000000000000104e-02 0.000000000000000000e+00 3.159730000000000150e+00
2.720400000000000151e+00 -0.000000000000000000e+00 -1.889999999999999970e-03 0.000000000000000000e+00 3.033249999999999780e+00 0.000000000000000000e+00 -1.726000000000000104e-02 -0.000000000000000000e+00 3.159730000000000150e+00
2.720400000000000151e+00 0.000000000000000000e+00 1.889999999999999970e-03 0.000000000000000000e+00 3.033249999999999780e+00 0.000000000000000000e+00 1.726000000000000104e-02 -0.000000000000000000e+00 3.159730000000000150e+00
2.720400000000000151e+00 -0.000000000000000000e+00 -1.889999999999999970e-03 0.000000000000000000e+00 3.033249999999999780e+00 0.000000000000000000e+00 -1.726000000000000104e-02 -0.000000000000000000e+00 3.159730000000000150e+00
-1.637089999999999934e+00 -1.991799999999999959e-01 -1.098399999999999932e-01 -2.370099999999999985e-01 -1.990809999999999969e+00 -1.040399999999999936e-01 -6.285999999999999921e-02 3.284999999999999726e-02 -1.657280000000000086e+00
-1.637089999999999934e+00 -1.991799999999999959e-01 1.098399999999999932e-01 -2.370099999999999985e-01 -1.990809999999999969e+00 1.040399999999999936e-01 6.285999999999999921e-02 -3.284999999999999726e-02 -1.657280000000000086e+00
-1.637089999999999934e+00 1.991799999999999959e-01 -1.098399999999999932e-01 2.370099999999999985e-01 -1.990809999999999969e+00 1.040399999999999936e-01 -6.285999999999999921e-02 -3.284999999999999726e-02 -1.657280000000000086e+00
-1.637089999999999934e+00 1.991799999999999959e-01 1.098399999999999932e-01 2.370099999999999985e-01 -1.990809999999999969e+00 -1.040399999999999936e-01 6.285999999999999921e-02 3.284999999999999726e-02 -1.657280000000000086e+00
-1.637089999999999934e+00 -1.991799999999999959e-01 -1.098399999999999932e-01 -2.370099999999999985e-01 -1.990809999999999969e+00 -1.040399999999999936e-01 -6.285999999999999921e-02 3.284999999999999726e-02 -1.657280000000000086e+00
-1.637089999999999934e+00 -1.991799999999999959e-01 1.098399999999999932e-01 -2.370099999999999985e-01 -1.990809999999999969e+00 1.040399999999999936e-01 6.285999999999999921e-02 -3.284999999999999726e-02 -1.657280000000000086e+00
-1.637089999999999934e+00 1.991799999999999959e-01 -1.098399999999999932e-01 2.370099999999999985e-01 -1.990809999999999969e+00 1.040399999999999936e-01 -6.285999999999999921e-02 -3.284999999999999726e-02 -1.657280000000000086e+00
-1.637089999999999934e+00 1.991799999999999959e-01 1.098399999999999932e-01 2.370099999999999985e-01 -1.990809999999999969e+00 -1.040399999999999936e-01 6.285999999999999921e-02 3.284999999999999726e-02 -1.657280000000000086e+00
-2.026390000000000136e+00 0.000000000000000000e+00 -1.380000000000000115e-01 0.000000000000000000e+00 -1.571209999999999996e+00 0.000000000000000000e+00 4.939999999999999947e-03 -0.000000000000000000e+00 -1.695470000000000033e+00
-2.026390000000000136e+00 0.000000000000000000e+00 1.380000000000000115e-01 0.000000000000000000e+00 -1.571209999999999996e+00 0.000000000000000000e+00 -4.939999999999999947e-03 0.000000000000000000e+00 -1.695470000000000033e+00
-2.026390000000000136e+00 0.000000000000000000e+00 -1.380000000000000115e-01 0.000000000000000000e+00 -1.571209999999999996e+00 0.000000000000000000e+00 4.939999999999999947e-03 0.000000000000000000e+00 -1.695470000000000033e+00
-2.026390000000000136e+00 0.000000000000000000e+00 1.380000000000000115e-01 0.000000000000000000e+00 -1.571209999999999996e+00 0.000000000000000000e+00 -4.939999999999999947e-03 0.000000000000000000e+00 -1.695470000000000033e+00
-1.444250000000000034e+00 0.000000000000000000e+00 1.030000000000000100e-03 0.000000000000000000e+00 -1.536909999999999998e+00 0.000000000000000000e+00 7.620000000000000037e-03 -0.000000000000000000e+00 -2.429730000000000167e+00
-1.444250000000000034e+00 -0.000000000000000000e+00 -1.030000000000000100e-03 0.000000000000000000e+00 -1.536909999999999998e+00 0.000000000000000000e+00 -7.620000000000000037e-03 0.000000000000000000e+00 -2.429730000000000167e+00
-1.444250000000000034e+00 0.000000000000000000e+00 1.030000000000000100e-03 0.000000000000000000e+00 -1.536909999999999998e+00 0.000000000000000000e+00 7.620000000000000037e-03 -0.000000000000000000e+00 -2.429730000000000167e+00
-1.444250000000000034e+00 -0.000000000000000000e+00 -1.030000000000000100e-03 0.000000000000000000e+00 -1.536909999999999998e+00 0.000000000000000000e+00 -7.620000000000000037e-03 0.000000000000000000e+00 -2.429730000000000167e+00
