2.515629999999999811e+00 4.550799999999999845e-01 -1.720200000000000062e-01 4.550799999999999845e-01 2.515629999999999811e+00 -1.720200000000000062e-01 5.256999999999999867e-02 5.256999999999999867e-02 2.795170000000000154e+00
2.515629999999999811e+00 -4.550799999999999845e-01 -1.720200000000000062e-01 -4.550799999999999845e-01 2.515629999999999811e+00 1.720200000000000062e-01 5.256999999999999867e-02 -5.256999999999999867e-02 2.795170000000000154e+00
2.515629999999999811e+00 4.550799999999999845e-01 1.720200000000000062e-01 4.550799999999999845e-01 2.515629999999999811e+00 1.720200000000000062e-01 -5.256999999999999867e-02 -5.256999999999999867e-02 2.795170000000000154e+00
2.515629999999999811e+00 -4.550799999999999845e-01 1.720200000000000062e-01 -4.550799999999999845e-01 2.515629999999999811e+00 -1.720200000000000062e-01 -5.256999999999999867e-02 5.256999999999999867e-02 2.795170000000000154e+00
2.230259999999999909e+00 -5.127999999999999919e-02 0.000000000000000000e+00 5.127999999999999919e-02 2.230259999999999909e+00 0.000000000000000000e+00 0.000000000000000000e+00 0.000000000000000000e+00 1.417669999999999986e+00
2.230259999999999909e+00 5.127999999999999919e-02 0.000000000000000000e+00 -5.127999999999999919e-02 2.230259999999999909e+00 0.000000000000000000e+00 0.000000000000000000e+00 0.000000000000000000e+00 1.417669999999999986e+00
2.852539999999999853e+00 1.510900000000000021e-01 8.591000000000000025e-02 1.510900000000000021e-01 2.852539999999999853e+00 8.591000000000000025e-02 -5.170999999999999902e-02 -5.170999999999999902e-02 3.177690000000000126e+00
2.852539999999999853e+00 -1.510900000000000021e-01 8.591000000000000025e-02 -1.510900000000000021e-01 2.852539999999999853e+00 -8.591000000000000025e-02 -5.170999999999999902e-02 5.170999999999999902e-02 3.177690000000000126e+00
2.852539999999999853e+00 1.510900000000000021e-01 -8.591000000000000025e-02 1.510900000000000021e-01 2.852539999999999853e+00 -8.591000000000000025e-02 5.170999999999999902e-02 5.170999999999999902e-02 3.177690000000000126e+00
2.852539999999999853e+00 -1.510900000000000021e-01 -8.591000000000000025e-02 -1.510900000000000021e-01 2.852539999999999853e+00 8.591000000000000025e-02 5.170999999999999902e-02 -5.170999999999999902e-02 3.177690000000000126e+00
-2.174700000000000077e+00 8.282199999999999562e-01 0.000000000000000000e+00 8.282199999999999562e-01 -2.174700000000000077e+00 0.000000000000000000e+00 0.000000000000000000e+00 0.000000000000000000e+00 -1.755079999999999973e+00
-2.174700000000000077e+00 -8.282199999999999562e-01 0.000000000000000000e+00 -8.282199999999999562e-01 -2.174700000000000077e+00 0.000000000000000000e+00 0.000000000000000000e+00 -0.000000000000000000e+00 -1.755079999999999973e+00
-1.593129999999999935e+00 -1.439699999999999869e-01 -5.308000000000000218e-02 -1.439699999999999869e-01 -1.593129999999999935e+00 -5.308000000000000218e-02 3.899999999999999821e-03 3.899999999999999821e-03 -2.440380000000000216e+00
-1.593129999999999935e+00 1.439699999999999869e-01 -5.308000000000000218e-02 1.439699999999999869e-01 -1.593129999999999935e+00 5.308000000000000218e-02 3.899999999999999821e-03 -3.899999999999999821e-03 -2.440380000000000216e+00
-1.593129999999999935e+00 -1.439699999999999869e-01 5.308000000000000218e-02 -1.439699999999999869e-01 -1.593129999999999935e+00 5.308000000000000218e-02 -3.899999999999999821e-03 -3.899999999999999821e-03 -2.440380000000000216e+00
-1.593129999999999935e+00 1.439699999999999869e-01 5.308000000000000218e-02 1.439699999999999869e-01 -1.593129999999999935e+00 -5.308000000000000218e-02 -3.899999999999999821e-03 3.899999999999999821e-03 -2.440380000000000216e+00
-2.091419999999999835e+00 1.887600000000000111e-01 1.836800000000000099e-01 6.489999999999999936e-02 -1.711400000000000032e+00 8.490999999999999936e-02 1.162099999999999939e-01 5.757000000000000312e-02 -1.681890000000000107e+00
-2.091419999999999835e+00 -1.887600000000000111e-01 1.836800000000000099e-01 -6.489999999999999936e-02 -1.711400000000000032e+00 -8.490999999999999936e-02 1.162099999999999939e-01 -5.757000000000000312e-02 -1.681890000000000107e+00
-2.091419999999999835e+00 1.887600000000000111e-01 -1.836800000000000099e-01 6.489999999999999936e-02 -1.711400000000000032e+00 -8.490999999999999936e-02 -1.162099999999999939e-01 -5.757000000000000312e-02 -1.681890000000000107e+00
-2.091419999999999835e+00 -1.887600000000000111e-01 -1.836800000000000099e-01 -6.489999999999999936e-02 -1.711400000000000032e+00 8.490999999999999936e-02 -1.162099999999999939e-01 5.757000000000000312e-02 -1.681890000000000107e+00
-1.711400000000000032e+00 -6.489999999999999936e-02 -8.490999999999999936e-02 -1.887600000000000111e-01 -2.091419999999999835e+00 1.836800000000000099e-01 -5.757000000000000312e-02 1.162099999999999939e-01 -1.681890000000000107e+00
-1.711400000000000032e+00 6.489999999999999936e-02 -8.490999999999999936e-02 1.887600000000000111e-01 -2.091419999999999835e+00 -1.836800000000000099e-01 -5.757000000000000312e-02 -1.162099999999999939e-01 -1.681890000000000107e+00
-1.711400000000000032e+00 -6.489999999999999936e-02 8.490999999999999936e-02 -1.887600000000000111e-01 -2.091419999999999835e+00 -1.836800000000000099e-01 5.757000000000000312e-02 -1.162099999999999939e-01 -1.681890000000000107e+00
-1.711400000000000032e+00 6.489999999999999936e-02 8.490999999999999936e-02 1.887600000000000111e-01 -2.091419999999999835e+00 1.836800000000000099e-01 5.757000000000000312e-02 1.162099999999999939e-01 -1.681890000000000107e+00
