-4.007778158236875721e-02
-3.495655014229098745e-02
-2.322347956878229383e-02
3.265460325572115075e+00
3.402905314752643129e+00
4.619617374372811724e+00
4.885679934854005424e+00
5.210291106777395598e+00
5.857223946818860050e+00
6.203142763983200858e+00
6.458301732529323935e+00
6.809840585676735003e+00
7.449864951112136424e+00
8.263801210626775529e+00
9.575466915907382415e+00
1.072396772845173629e+01
1.448660325504887147e+01
1.542663896488914332e+01
1.851164853554884004e+01
1.862134960765364866e+01
1.874793056477560427e+01
1.911487527314035617e+01
1.956384286910537540e+01
2.048523634524503478e+01
