1.186120000000000063e+00 -0.000000000000000000e+00 2.534000000000000141e-02 -0.000000000000000000e+00 1.202509999999999968e+00 0.000000000000000000e+00 2.858000000000000124e-02 0.000000000000000000e+00 1.185340000000000060e+00
1.186120000000000063e+00 -0.000000000000000000e+00 2.534000000000000141e-02 -0.000000000000000000e+00 1.202509999999999968e+00 0.000000000000000000e+00 2.858000000000000124e-02 0.000000000000000000e+00 1.185340000000000060e+00
1.311549999999999994e+00 -0.000000000000000000e+00 1.339000000000000086e-02 -0.000000000000000000e+00 1.076429999999999998e+00 0.000000000000000000e+00 3.799000000000000293e-02 0.000000000000000000e+00 9.525700000000000278e-01
1.311549999999999994e+00 -0.000000000000000000e+00 1.339000000000000086e-02 -0.000000000000000000e+00 1.076429999999999998e+00 0.000000000000000000e+00 3.799000000000000293e-02 0.000000000000000000e+00 9.525700000000000278e-01
2.290000000000000036e+00 -0.000000000000000000e+00 -4.876199999999999979e-01 -0.000000000000000000e+00 3.046240000000000059e+00 0.000000000000000000e+00 -5.660300000000000331e-01 0.000000000000000000e+00 5.522160000000000402e+00
2.290000000000000036e+00 -0.000000000000000000e+00 -4.876199999999999979e-01 -0.000000000000000000e+00 3.046240000000000059e+00 0.000000000000000000e+00 -5.660300000000000331e-01 0.000000000000000000e+00 5.522160000000000402e+00
-1.817630000000000079e+00 1.216200000000000059e-01 1.838799999999999879e-01 2.273799999999999988e-01 -1.175349999999999895e+00 5.448699999999999655e-01 1.545300000000000007e-01 9.660800000000000498e-01 -3.200359999999999872e+00
-1.817630000000000079e+00 -1.216200000000000059e-01 1.838799999999999879e-01 -2.273799999999999988e-01 -1.175349999999999895e+00 -5.448699999999999655e-01 1.545300000000000007e-01 -9.660800000000000498e-01 -3.200359999999999872e+00
-1.817630000000000079e+00 -1.216200000000000059e-01 1.838799999999999879e-01 -2.273799999999999988e-01 -1.175349999999999895e+00 -5.448699999999999655e-01 1.545300000000000007e-01 -9.660800000000000498e-01 -3.200359999999999872e+00
-1.817630000000000079e+00 1.216200000000000059e-01 1.838799999999999879e-01 2.273799999999999988e-01 -1.175349999999999895e+00 5.448699999999999655e-01 1.545300000000000007e-01 9.660800000000000498e-01 -3.200359999999999872e+00
-1.152409999999999934e+00 0.000000000000000000e+00 8.114000000000000379e-02 0.000000000000000000e+00 -2.974470000000000169e+00 -0.000000000000000000e+00 1.903900000000000037e-01 -0.000000000000000000e+00 -1.259360000000000035e+00
-1.152409999999999934e+00 0.000000000000000000e+00 8.114000000000000379e-02 0.000000000000000000e+00 -2.974470000000000169e+00 -0.000000000000000000e+00 1.903900000000000037e-01 -0.000000000000000000e+00 -1.259360000000000035e+00
