2.603450000000000042e+00 2.857000000000000164e-02 -0.000000000000000000e+00 -2.857000000000000164e-02 2.603450000000000042e+00 -0.000000000000000000e+00 -0.000000000000000000e+00 -0.000000000000000000e+00 2.511859999999999982e+00
2.603450000000000042e+00 2.857000000000000164e-02 -0.000000000000000000e+00 -2.857000000000000164e-02 2.603450000000000042e+00 -0.000000000000000000e+00 -0.000000000000000000e+00 -0.000000000000000000e+00 2.511859999999999982e+00
7.948100000000000165e-01 6.078000000000000069e-01 -4.436999999999999833e-01 4.648200000000000109e-01 2.064400000000000013e+00 3.989999999999999623e-03 -4.751600000000000268e-01 -8.453399999999999803e-01 1.789239999999999942e+00
2.064400000000000013e+00 -4.648200000000000109e-01 -3.989999999999999623e-03 -6.078000000000000069e-01 7.948100000000000165e-01 -4.436999999999999833e-01 8.453399999999999803e-01 -4.751600000000000268e-01 1.789239999999999942e+00
2.064400000000000013e+00 -4.648200000000000109e-01 3.989999999999999623e-03 -6.078000000000000069e-01 7.948100000000000165e-01 4.436999999999999833e-01 -8.453399999999999803e-01 4.751600000000000268e-01 1.789239999999999942e+00
7.948100000000000165e-01 6.078000000000000069e-01 4.436999999999999833e-01 4.648200000000000109e-01 2.064400000000000013e+00 -3.989999999999999623e-03 4.751600000000000268e-01 8.453399999999999803e-01 1.789239999999999942e+00
-1.197740000000000027e+00 -3.355099999999999749e-01 3.622099999999999764e-01 -2.497399999999999898e-01 -1.533590000000000009e+00 5.670699999999999630e-01 5.488699999999999690e-01 6.128900000000000459e-01 -1.522580000000000044e+00
-1.197740000000000027e+00 -3.355099999999999749e-01 -3.622099999999999764e-01 -2.497399999999999898e-01 -1.533590000000000009e+00 -5.670699999999999630e-01 -5.488699999999999690e-01 -6.128900000000000459e-01 -1.522580000000000044e+00
-1.533590000000000009e+00 2.497399999999999898e-01 -5.670699999999999630e-01 3.355099999999999749e-01 -1.197740000000000027e+00 3.622099999999999764e-01 -6.128900000000000459e-01 5.488699999999999690e-01 -1.522580000000000044e+00
-1.533590000000000009e+00 2.497399999999999898e-01 5.670699999999999630e-01 3.355099999999999749e-01 -1.197740000000000027e+00 -3.622099999999999764e-01 6.128900000000000459e-01 -5.488699999999999690e-01 -1.522580000000000044e+00
-1.533590000000000009e+00 2.497399999999999898e-01 5.670699999999999630e-01 3.355099999999999749e-01 -1.197740000000000027e+00 -3.622099999999999764e-01 6.128900000000000459e-01 -5.488699999999999690e-01 -1.522580000000000044e+00
-1.533590000000000009e+00 2.497399999999999898e-01 -5.670699999999999630e-01 3.355099999999999749e-01 -1.197740000000000027e+00 3.622099999999999764e-01 -6.128900000000000459e-01 5.488699999999999690e-01 -1.522580000000000044e+00
-1.197740000000000027e+00 -3.355099999999999749e-01 -3.622099999999999764e-01 -2.497399999999999898e-01 -1.533590000000000009e+00 -5.670699999999999630e-01 -5.488699999999999690e-01 -6.128900000000000459e-01 -1.522580000000000044e+00
-1.197740000000000027e+00 -3.355099999999999749e-01 3.622099999999999764e-01 -2.497399999999999898e-01 -1.533590000000000009e+00 5.670699999999999630e-01 5.488699999999999690e-01 6.128900000000000459e-01 -1.522580000000000044e+00
