5.192350000000000243e+00 3.522999999999999743e-02 0.000000000000000000e+00 -3.522999999999999743e-02 5.192350000000000243e+00 0.000000000000000000e+00 0.000000000000000000e+00 0.000000000000000000e+00 5.100690000000000168e+00
5.192350000000000243e+00 3.522999999999999743e-02 0.000000000000000000e+00 -3.522999999999999743e-02 5.192350000000000243e+00 0.000000000000000000e+00 0.000000000000000000e+00 0.000000000000000000e+00 5.100690000000000168e+00
4.198470000000000368e+00 1.068999999999999985e-02 0.000000000000000000e+00 -1.068999999999999985e-02 4.198470000000000368e+00 0.000000000000000000e+00 0.000000000000000000e+00 0.000000000000000000e+00 3.640950000000000131e+00
4.198470000000000368e+00 1.068999999999999985e-02 0.000000000000000000e+00 -1.068999999999999985e-02 4.198470000000000368e+00 0.000000000000000000e+00 0.000000000000000000e+00 0.000000000000000000e+00 3.640950000000000131e+00
-2.352549999999999919e+00 -5.120099999999999651e-01 3.042699999999999849e-01 -4.890499999999999847e-01 -2.342859999999999943e+00 -4.105500000000000260e-01 3.183000000000000274e-01 -2.610399999999999943e-01 -2.185410000000000075e+00
-2.342859999999999943e+00 4.890499999999999847e-01 4.105500000000000260e-01 5.120099999999999651e-01 -2.352549999999999919e+00 3.042699999999999849e-01 2.610399999999999943e-01 3.183000000000000274e-01 -2.185410000000000075e+00
-2.342859999999999943e+00 4.890499999999999847e-01 -4.105500000000000260e-01 5.120099999999999651e-01 -2.352549999999999919e+00 -3.042699999999999849e-01 -2.610399999999999943e-01 -3.183000000000000274e-01 -2.185410000000000075e+00
-2.352549999999999919e+00 -5.120099999999999651e-01 -3.042699999999999849e-01 -4.890499999999999847e-01 -2.342859999999999943e+00 4.105500000000000260e-01 -3.183000000000000274e-01 2.610399999999999943e-01 -2.185410000000000075e+00
-2.352549999999999919e+00 -5.120099999999999651e-01 -3.042699999999999849e-01 -4.890499999999999847e-01 -2.342859999999999943e+00 4.105500000000000260e-01 -3.183000000000000274e-01 2.610399999999999943e-01 -2.185410000000000075e+00
-2.342859999999999943e+00 4.890499999999999847e-01 -4.105500000000000260e-01 5.120099999999999651e-01 -2.352549999999999919e+00 -3.042699999999999849e-01 -2.610399999999999943e-01 -3.183000000000000274e-01 -2.185410000000000075e+00
-2.342859999999999943e+00 4.890499999999999847e-01 4.105500000000000260e-01 5.120099999999999651e-01 -2.352549999999999919e+00 3.042699999999999849e-01 2.610399999999999943e-01 3.183000000000000274e-01 -2.185410000000000075e+00
-2.352549999999999919e+00 -5.120099999999999651e-01 3.042699999999999849e-01 -4.890499999999999847e-01 -2.342859999999999943e+00 -4.105500000000000260e-01 3.183000000000000274e-01 -2.610399999999999943e-01 -2.185410000000000075e+00
