-3.461648698779155181e-02
-3.050828212596156178e-02
-1.950251906872611796e-02
1.599237648919493049e+00
2.604847318613316087e+00
3.796585616923390916e+00
4.542727455796195635e+00
5.116646449249858897e+00
8.512439640210867964e+00
1.137858332350752200e+01
1.185775987818687582e+01
1.407045007914993739e+01
1.469545424413445467e+01
1.481708698111563827e+01
2.168374325941437419e+01
2.182974511595407918e+01
2.193117005444254985e+01
2.760198860058074999e+01
2.776420203011877774e+01
2.798231122956023498e+01
2.869368335908341905e+01
