1.378039999999999932e+00 1.259500000000000064e-01 -1.147900000000000031e-01 1.514800000000000035e-01 1.275360000000000049e+00 -9.959999999999999409e-02 -1.643199999999999938e-01 -1.131500000000000006e-01 1.314740000000000020e+00
1.467929999999999957e+00 1.435599999999999932e-01 2.198999999999999913e-02 1.416399999999999881e-01 1.370400000000000063e+00 6.690999999999999726e-02 6.829000000000000348e-02 5.627000000000000057e-02 1.192639999999999922e+00
1.280980000000000008e+00 6.015000000000000208e-02 5.942999999999999672e-02 8.229000000000000203e-02 1.533619999999999983e+00 -1.839999999999999969e-02 6.464000000000000301e-02 1.993999999999999939e-02 1.318459999999999965e+00
1.280980000000000008e+00 -6.015000000000000208e-02 5.942999999999999672e-02 -8.229000000000000203e-02 1.533619999999999983e+00 1.839999999999999969e-02 6.464000000000000301e-02 -1.993999999999999939e-02 1.318459999999999965e+00
1.378039999999999932e+00 -1.259500000000000064e-01 -1.147900000000000031e-01 -1.514800000000000035e-01 1.275360000000000049e+00 9.959999999999999409e-02 -1.643199999999999938e-01 1.131500000000000006e-01 1.314740000000000020e+00
1.467929999999999957e+00 -1.435599999999999932e-01 2.198999999999999913e-02 -1.416399999999999881e-01 1.370400000000000063e+00 -6.690999999999999726e-02 6.829000000000000348e-02 -5.627000000000000057e-02 1.192639999999999922e+00
1.467929999999999957e+00 -1.435599999999999932e-01 2.198999999999999913e-02 -1.416399999999999881e-01 1.370400000000000063e+00 -6.690999999999999726e-02 6.829000000000000348e-02 -5.627000000000000057e-02 1.192639999999999922e+00
1.378039999999999932e+00 -1.259500000000000064e-01 -1.147900000000000031e-01 -1.514800000000000035e-01 1.275360000000000049e+00 9.959999999999999409e-02 -1.643199999999999938e-01 1.131500000000000006e-01 1.314740000000000020e+00
1.280980000000000008e+00 -6.015000000000000208e-02 5.942999999999999672e-02 -8.229000000000000203e-02 1.533619999999999983e+00 1.839999999999999969e-02 6.464000000000000301e-02 -1.993999999999999939e-02 1.318459999999999965e+00
1.280980000000000008e+00 6.015000000000000208e-02 5.942999999999999672e-02 8.229000000000000203e-02 1.533619999999999983e+00 -1.839999999999999969e-02 6.464000000000000301e-02 1.993999999999999939e-02 1.318459999999999965e+00
1.467929999999999957e+00 1.435599999999999932e-01 2.198999999999999913e-02 1.416399999999999881e-01 1.370400000000000063e+00 6.690999999999999726e-02 6.829000000000000348e-02 5.627000000000000057e-02 1.192639999999999922e+00
1.378039999999999932e+00 1.259500000000000064e-01 -1.147900000000000031e-01 1.514800000000000035e-01 1.275360000000000049e+00 -9.959999999999999409e-02 -1.643199999999999938e-01 -1.131500000000000006e-01 1.314740000000000020e+00
2.754150000000000098e+00 8.819000000000000450e-02 1.083999999999999964e-01 7.227000000000000091e-02 3.032519999999999882e+00 2.153700000000000059e-01 7.062000000000000222e-02 1.809600000000000097e-01 3.109170000000000211e+00
2.754150000000000098e+00 -8.819000000000000450e-02 1.083999999999999964e-01 -7.227000000000000091e-02 3.032519999999999882e+00 -2.153700000000000059e-01 7.062000000000000222e-02 -1.809600000000000097e-01 3.109170000000000211e+00
2.754150000000000098e+00 -8.819000000000000450e-02 1.083999999999999964e-01 -7.227000000000000091e-02 3.032519999999999882e+00 -2.153700000000000059e-01 7.062000000000000222e-02 -1.809600000000000097e-01 3.109170000000000211e+00
2.754150000000000098e+00 8.819000000000000450e-02 1.083999999999999964e-01 7.227000000000000091e-02 3.032519999999999882e+00 2.153700000000000059e-01 7.062000000000000222e-02 1.809600000000000097e-01 3.109170000000000211e+00
-1.336119999999999974e+00 -3.661200000000000010e-01 -4.244200000000000195e-01 -3.304599999999999760e-01 -2.763339999999999907e+00 -1.171859999999999902e+00 -4.478300000000000058e-01 -1.100440000000000085e+00 -2.481250000000000178e+00
-1.699429999999999996e+00 -4.598000000000000004e-02 2.243499999999999939e-01 1.106000000000000039e-02 -1.810899999999999954e+00 2.257699999999999985e-01 3.092900000000000094e-01 2.972299999999999942e-01 -2.407439999999999802e+00
-1.991160000000000041e+00 2.295000000000000095e-01 -1.212700000000000028e-01 3.316299999999999804e-01 -2.255749999999999922e+00 3.261100000000000110e-01 -8.208000000000000018e-02 2.044999999999999873e-01 -1.730830000000000091e+00
-2.522450000000000081e+00 1.278600000000000014e-01 3.409000000000000224e-02 1.908100000000000074e-01 -1.763589999999999991e+00 3.645000000000000323e-02 -4.252000000000000224e-02 1.641000000000000097e-02 -1.556110000000000104e+00
-2.522450000000000081e+00 -1.278600000000000014e-01 3.409000000000000224e-02 -1.908100000000000074e-01 -1.763589999999999991e+00 -3.645000000000000323e-02 -4.252000000000000224e-02 -1.641000000000000097e-02 -1.556110000000000104e+00
-1.991160000000000041e+00 -2.295000000000000095e-01 -1.212700000000000028e-01 -3.316299999999999804e-01 -2.255749999999999922e+00 -3.261100000000000110e-01 -8.208000000000000018e-02 -2.044999999999999873e-01 -1.730830000000000091e+00
-1.699429999999999996e+00 4.598000000000000004e-02 2.243499999999999939e-01 -1.106000000000000039e-02 -1.810899999999999954e+00 -2.257699999999999985e-01 3.092900000000000094e-01 -2.972299999999999942e-01 -2.407439999999999802e+00
-1.336119999999999974e+00 3.661200000000000010e-01 -4.244200000000000195e-01 3.304599999999999760e-01 -2.763339999999999907e+00 1.171859999999999902e+00 -4.478300000000000058e-01 1.100440000000000085e+00 -2.481250000000000178e+00
-1.699429999999999996e+00 4.598000000000000004e-02 2.243499999999999939e-01 -1.106000000000000039e-02 -1.810899999999999954e+00 -2.257699999999999985e-01 3.092900000000000094e-01 -2.972299999999999942e-01 -2.407439999999999802e+00
-1.991160000000000041e+00 -2.295000000000000095e-01 -1.212700000000000028e-01 -3.316299999999999804e-01 -2.255749999999999922e+00 -3.261100000000000110e-01 -8.208000000000000018e-02 -2.044999999999999873e-01 -1.730830000000000091e+00
-2.522450000000000081e+00 -1.278600000000000014e-01 3.409000000000000224e-02 -1.908100000000000074e-01 -1.763589999999999991e+00 -3.645000000000000323e-02 -4.252000000000000224e-02 -1.641000000000000097e-02 -1.556110000000000104e+00
-2.522450000000000081e+00 1.278600000000000014e-01 3.409000000000000224e-02 1.908100000000000074e-01 -1.763589999999999991e+00 3.645000000000000323e-02 -4.252000000000000224e-02 1.641000000000000097e-02 -1.556110000000000104e+00
-1.991160000000000041e+00 2.295000000000000095e-01 -1.212700000000000028e-01 3.316299999999999804e-01 -2.255749999999999922e+00 3.261100000000000110e-01 -8.208000000000000018e-02 2.044999999999999873e-01 -1.730830000000000091e+00
-1.699429999999999996e+00 -4.598000000000000004e-02 2.243499999999999939e-01 1.106000000000000039e-02 -1.810899999999999954e+00 2.257699999999999985e-01 3.092900000000000094e-01 2.972299999999999942e-01 -2.407439999999999802e+00
