-2.890683679808454809e-02
-1.788052292122807585e-02
-1.543508253081511683e-02
1.103741804552516026e+00
1.122467966482031621e+00
1.205229155009538866e+00
1.246174594973954219e+00
1.348314380890904829e+00
1.412318317371216603e+00
1.676559324327663303e+00
2.335264220659388101e+00
2.387881376827544422e+00
2.449596645171268516e+00
2.477237558093944969e+00
2.598149894156071671e+00
3.049666871063567264e+00
3.084391813669835170e+00
3.289689109114783960e+00
3.296137797977038986e+00
3.910266222934301261e+00
4.303320378420432135e+00
4.403514430680017355e+00
4.654037175285286487e+00
4.795572472666250974e+00
5.072524253027299146e+00
5.147771495246050044e+00
5.555211297096030343e+00
5.970599057880602523e+00
6.170157248709418951e+00
6.495430188660995974e+00
6.734770414625183221e+00
7.019635508732090301e+00
7.610712158465920751e+00
7.672275889272839322e+00
7.927257751781917605e+00
8.063408595936794043e+00
8.399936986811301409e+00
8.626369569032156903e+00
8.666182621613950587e+00
9.049121995950962116e+00
9.158370438570715422e+00
9.398623504327581202e+00
9.407464568917848879e+00
9.940907245498765477e+00
1.028345187900232638e+01
1.043170470461659782e+01
1.107335294771667478e+01
1.111622655263895609e+01
1.151998230246463528e+01
1.170227664843307203e+01
1.216524213965103307e+01
1.230879576935591047e+01
1.262461573464246456e+01
1.280089484831125901e+01
1.526906046095966296e+01
1.527321030100174859e+01
1.680070565483628187e+01
1.729867978619256164e+01
1.878137210696160153e+01
1.906111749005159695e+01
2.045553872129690021e+01
2.059594290782381165e+01
2.092599361874653141e+01
2.119048521442366351e+01
2.132598524243289262e+01
2.169029345115756158e+01
2.241475764016988848e+01
2.319302405038949999e+01
2.505544413082668598e+01
2.549767064755106816e+01
2.682952521589196948e+01
2.703107688504169914e+01
