-1.033490053169356798e-01
-6.957824746283855499e-02
-5.263836994056712154e-02
1.857210230426270314e+00
2.237723043631628883e+00
3.577637292963052662e+00
4.067082713690489904e+00
4.196386326352710583e+00
4.873704463752392968e+00
5.167032155889877743e+00
5.384402334521445788e+00
5.810840644863701776e+00
6.344732326899220176e+00
7.203545786624806269e+00
7.292540915209183794e+00
7.570772998842324242e+00
8.202700311482798767e+00
8.597776863817761850e+00
8.624161495473051886e+00
9.330461097930799141e+00
9.435225370917219578e+00
9.561730303663662056e+00
9.819594889810883132e+00
1.009212856636299449e+01
1.018622353966375549e+01
1.089818484886359329e+01
1.094054390786856601e+01
1.167750028901733828e+01
1.277732327210985019e+01
1.320750729698833048e+01
1.465609020168748877e+01
1.492711703578423688e+01
1.539562976951576445e+01
1.586292217720303910e+01
1.603871896380755047e+01
1.623708305084383241e+01
1.709258614136550136e+01
1.710182686147886244e+01
1.851866072371325700e+01
2.300273251159522658e+01
2.491518627263300445e+01
2.517276180715973766e+01
2.542810661453188104e+01
2.569838370403866534e+01
2.605325885565949662e+01
2.657426661264615220e+01
2.789821999698188648e+01
2.961916057217016984e+01
