-4.577953898535312011e-02
-4.577944916781802320e-02
-2.508183879979731384e-02
2.837007128994341265e+00
2.974270892219315510e+00
2.974270892313506831e+00
3.115367766748470935e+00
3.199669632730749669e+00
3.199669632964172283e+00
3.877837946705280370e+00
3.904918537524694866e+00
3.904918537690537317e+00
4.457760841881577285e+00
4.457760842234129939e+00
4.642133643725361303e+00
4.642133644131000381e+00
4.926065772030177925e+00
4.928423947285209827e+00
5.338692556651259302e+00
5.517633718150768196e+00
5.517633718280337440e+00
6.351368032994484381e+00
6.678283118286129749e+00
6.678283118433925303e+00
7.573373105864487975e+00
7.573373106569024849e+00
7.702273872321021564e+00
7.747382471348941202e+00
7.747382471888506927e+00
8.126951333046525505e+00
1.105329696895057090e+01
1.105329696914107451e+01
1.196346323978270831e+01
1.196346323984641558e+01
1.236121495568887418e+01
1.257295131688093015e+01
1.582896198994566461e+01
1.582896199038658835e+01
1.644199351517225693e+01
1.644199351537533715e+01
1.714026106033722385e+01
1.839123962228119069e+01
1.839123962242386767e+01
2.354254309824487734e+01
2.442787463192758679e+01
