1.218620000000000037e+00 2.318999999999999881e-02 -0.000000000000000000e+00 -2.318999999999999881e-02 1.218620000000000037e+00 -0.000000000000000000e+00 -0.000000000000000000e+00 -0.000000000000000000e+00 6.464199999999999946e-01
1.287749999999999950e+00 -5.219000000000000028e-02 2.009700000000000097e-01 -2.058000000000000107e-02 6.601200000000000401e-01 1.559200000000000030e-01 -1.336999999999999994e-02 2.902000000000000066e-02 1.190960000000000019e+00
8.485300000000000065e-01 2.741600000000000148e-01 3.454999999999999738e-02 3.057699999999999863e-01 1.099329999999999918e+00 -2.520100000000000118e-01 3.182000000000000106e-02 -2.929999999999999879e-03 1.190960000000000019e+00
7.855199999999999960e-01 -2.693900000000000183e-01 -2.355200000000000071e-01 -2.377799999999999914e-01 1.162349999999999994e+00 9.608999999999999486e-02 -1.845000000000000112e-02 -2.608999999999999861e-02 1.190960000000000019e+00
1.287749999999999950e+00 -5.219000000000000028e-02 2.009700000000000097e-01 -2.058000000000000107e-02 6.601200000000000401e-01 1.559200000000000030e-01 -1.336999999999999994e-02 2.902000000000000066e-02 1.190960000000000019e+00
8.485300000000000065e-01 2.741600000000000148e-01 3.454999999999999738e-02 3.057699999999999863e-01 1.099329999999999918e+00 -2.520100000000000118e-01 3.182000000000000106e-02 -2.929999999999999879e-03 1.190960000000000019e+00
1.218620000000000037e+00 2.318999999999999881e-02 -0.000000000000000000e+00 -2.318999999999999881e-02 1.218620000000000037e+00 -0.000000000000000000e+00 -0.000000000000000000e+00 -0.000000000000000000e+00 6.464199999999999946e-01
7.855199999999999960e-01 -2.693900000000000183e-01 -2.355200000000000071e-01 -2.377799999999999914e-01 1.162349999999999994e+00 9.608999999999999486e-02 -1.845000000000000112e-02 -2.608999999999999861e-02 1.190960000000000019e+00
2.138009999999999966e+00 -2.630000000000000046e-02 -0.000000000000000000e+00 2.630000000000000046e-02 2.138009999999999966e+00 -0.000000000000000000e+00 -0.000000000000000000e+00 -0.000000000000000000e+00 1.913159999999999972e+00
-2.206539999999999946e+00 6.597999999999999698e-02 6.167099999999999804e-01 4.105999999999999928e-02 -1.266420000000000101e+00 7.378999999999999448e-02 6.193300000000000471e-01 4.799999999999999580e-03 -1.725300000000000056e+00
-1.455100000000000060e+00 3.927800000000000180e-01 -3.722599999999999798e-01 3.678699999999999748e-01 -2.017860000000000209e+00 4.971900000000000208e-01 -3.138199999999999878e-01 5.339500000000000357e-01 -1.725300000000000056e+00
-2.206539999999999946e+00 6.597999999999999698e-02 6.167099999999999804e-01 4.105999999999999928e-02 -1.266420000000000101e+00 7.378999999999999448e-02 6.193300000000000471e-01 4.799999999999999580e-03 -1.725300000000000056e+00
-1.547800000000000065e+00 -4.213899999999999868e-01 -2.444500000000000006e-01 -4.462999999999999745e-01 -1.925159999999999982e+00 -5.709800000000000431e-01 -3.054999999999999938e-01 -5.387499999999999512e-01 -1.725300000000000056e+00
-1.455100000000000060e+00 3.927800000000000180e-01 -3.722599999999999798e-01 3.678699999999999748e-01 -2.017860000000000209e+00 4.971900000000000208e-01 -3.138199999999999878e-01 5.339500000000000357e-01 -1.725300000000000056e+00
-1.547800000000000065e+00 -4.213899999999999868e-01 -2.444500000000000006e-01 -4.462999999999999745e-01 -1.925159999999999982e+00 -5.709800000000000431e-01 -3.054999999999999938e-01 -5.387499999999999512e-01 -1.725300000000000056e+00
