-2.827867242565293426e-02
-2.827850854075853251e-02
-1.033575712407260039e-02
2.989732806027743717e+00
3.453500173065229717e+00
3.453500173366968351e+00
3.973368005215391019e+00
6.782192456308475670e+00
7.791912403461528136e+00
7.791912403922583330e+00
8.662408375603151356e+00
8.662408376349022276e+00
9.869609043760696920e+00
9.869609044361199679e+00
1.052892838672737952e+01
1.127847551702224216e+01
1.151248476207101845e+01
1.151248476301128676e+01
1.172016168248195456e+01
1.172016168259930602e+01
1.184902977608810026e+01
1.250340454994831241e+01
1.275147675685825810e+01
1.301455378944558738e+01
1.349103063335820529e+01
1.362335396000422705e+01
1.362335396033459567e+01
1.476748534700630344e+01
1.476748534731002671e+01
1.549452233938687584e+01
1.588631506960192041e+01
1.588631506963894147e+01
1.589399287189994148e+01
1.589399287193850618e+01
1.648608737882688402e+01
1.663038368809132450e+01
1.663038368855897886e+01
1.764160907885802843e+01
1.764160907901877451e+01
1.851562081330955678e+01
1.851562081342606447e+01
2.173957935781087869e+01
