-4.205482056161984061e-02
-2.335334285018442896e-02
-1.970484796777207531e-02
1.546137652137351326e+00
1.757408210553080607e+00
1.932918145071272020e+00
2.184029598707996289e+00
2.392105303634740388e+00
2.404014330984367565e+00
2.615443980655387968e+00
2.735528569711485503e+00
2.809261075828110688e+00
2.870814018297062731e+00
2.892766066558692284e+00
3.049856902163066597e+00
3.427574708514547819e+00
3.519371593714700541e+00
3.535808792053854788e+00
4.998498764329381672e+00
5.090970314038043121e+00
5.259091837940485625e+00
6.289775741474612936e+00
6.993371060060693978e+00
7.292580545103190204e+00
8.384612301405784507e+00
9.103341607992025075e+00
1.159119293559660591e+01
1.178526868107875991e+01
1.339544199462623730e+01
1.444610450532704604e+01
1.604798163920595400e+01
1.610391747105527571e+01
1.657706189276197861e+01
1.723320623941206975e+01
1.872776152872053501e+01
1.924501899976294439e+01
