-1.580849555562492403e-01
-5.788067974599785809e-02
-5.042902230789955698e-02
3.266157069815382563e+00
3.525805773012723687e+00
3.727628602657931278e+00
4.735236504284281445e+00
5.029875574008180195e+00
5.125160543208843400e+00
5.454550514131130790e+00
5.555001163407311537e+00
5.730517560579416525e+00
5.782261622279538216e+00
5.975964856594514707e+00
6.170909552528057951e+00
6.193047482022704386e+00
6.377426443329056838e+00
6.638269390061503294e+00
6.711175339601552103e+00
7.491500238106299392e+00
7.513457448200077771e+00
7.649857220577162664e+00
7.714962946064849447e+00
7.724093248516741284e+00
8.023616754208577007e+00
8.134566052335236108e+00
8.214197983266029013e+00
8.283390282249072811e+00
8.373529088870512282e+00
8.433229186124508558e+00
8.656254369377254676e+00
8.890946097036479756e+00
9.417446946774054695e+00
9.494933594725766923e+00
9.515958885061689188e+00
9.876738124273435560e+00
9.914368793761662246e+00
9.949615710324087203e+00
1.034824698739258686e+01
1.040701678853496581e+01
1.045512780378068918e+01
1.074998495357393580e+01
1.082833791689236236e+01
1.127394252997649637e+01
1.172377673861240055e+01
1.204500499759661025e+01
1.261390291919078166e+01
1.279182161782633997e+01
1.285234098007246928e+01
1.291249033977990557e+01
1.316477607154485518e+01
1.331259699621061365e+01
1.332529529715382566e+01
1.348067842313820641e+01
1.352875104085094549e+01
1.396932667870519040e+01
1.426629139059351381e+01
1.476045776822914668e+01
1.539636714295974684e+01
1.590272811456471125e+01
1.594873130660257665e+01
1.596615599277739506e+01
1.685051494415433737e+01
1.726213207487039725e+01
1.733402673703117358e+01
1.775047746833965689e+01
1.891716207014186324e+01
1.938161017351527349e+01
2.371133074605864266e+01
2.389289125640032552e+01
2.399756162324068498e+01
2.420638529098106417e+01
2.478192669995699404e+01
2.490421800070783931e+01
2.494454587232155873e+01
2.564831874999169514e+01
2.641691191706959785e+01
2.648280891141283178e+01
2.721750626998205291e+01
2.803204559164038301e+01
2.839349137046916383e+01
2.885706567350551310e+01
2.925881235731379348e+01
3.090973906292793671e+01
