9.963899999999999979e-01 4.723000000000000115e-02 -2.891000000000000167e-02 6.393999999999999684e-02 9.510499999999999510e-01 4.311999999999999861e-02 7.009999999999999738e-03 3.080000000000000099e-02 1.021030000000000104e+00
9.963899999999999979e-01 -4.723000000000000115e-02 -2.891000000000000167e-02 -6.393999999999999684e-02 9.510499999999999510e-01 -4.311999999999999861e-02 7.009999999999999738e-03 -3.080000000000000099e-02 1.021030000000000104e+00
9.963899999999999979e-01 4.723000000000000115e-02 -2.891000000000000167e-02 6.393999999999999684e-02 9.510499999999999510e-01 4.311999999999999861e-02 7.009999999999999738e-03 3.080000000000000099e-02 1.021030000000000104e+00
9.963899999999999979e-01 -4.723000000000000115e-02 -2.891000000000000167e-02 -6.393999999999999684e-02 9.510499999999999510e-01 -4.311999999999999861e-02 7.009999999999999738e-03 -3.080000000000000099e-02 1.021030000000000104e+00
8.989000000000000323e-01 7.190000000000000210e-03 -6.620000000000000016e-03 3.550000000000000204e-03 1.071639999999999926e+00 -2.134000000000000133e-02 -5.020000000000000157e-03 2.145999999999999991e-02 1.030159999999999965e+00
8.989000000000000323e-01 -7.190000000000000210e-03 -6.620000000000000016e-03 -3.550000000000000204e-03 1.071639999999999926e+00 2.134000000000000133e-02 -5.020000000000000157e-03 -2.145999999999999991e-02 1.030159999999999965e+00
8.989000000000000323e-01 7.190000000000000210e-03 -6.620000000000000016e-03 3.550000000000000204e-03 1.071639999999999926e+00 -2.134000000000000133e-02 -5.020000000000000157e-03 2.145999999999999991e-02 1.030159999999999965e+00
8.989000000000000323e-01 -7.190000000000000210e-03 -6.620000000000000016e-03 -3.550000000000000204e-03 1.071639999999999926e+00 2.134000000000000133e-02 -5.020000000000000157e-03 -2.145999999999999991e-02 1.030159999999999965e+00
1.020270000000000010e+00 -3.676999999999999713e-02 4.060000000000000241e-03 -5.827999999999999847e-02 9.482300000000000173e-01 5.208999999999999742e-02 -2.659999999999999865e-02 6.647999999999999743e-02 1.000879999999999992e+00
1.020270000000000010e+00 3.676999999999999713e-02 4.060000000000000241e-03 5.827999999999999847e-02 9.482300000000000173e-01 -5.208999999999999742e-02 -2.659999999999999865e-02 -6.647999999999999743e-02 1.000879999999999992e+00
1.020270000000000010e+00 -3.676999999999999713e-02 4.060000000000000241e-03 -5.827999999999999847e-02 9.482300000000000173e-01 5.208999999999999742e-02 -2.659999999999999865e-02 6.647999999999999743e-02 1.000879999999999992e+00
1.020270000000000010e+00 3.676999999999999713e-02 4.060000000000000241e-03 5.827999999999999847e-02 9.482300000000000173e-01 -5.208999999999999742e-02 -2.659999999999999865e-02 -6.647999999999999743e-02 1.000879999999999992e+00
2.316190000000000193e+00 -2.546599999999999975e-01 -2.060099999999999987e-01 -2.655699999999999728e-01 8.642199999999999882e-01 -8.982700000000000129e-01 -1.443699999999999983e-01 -9.129300000000000193e-01 1.683210000000000095e+00
2.316190000000000193e+00 2.546599999999999975e-01 -2.060099999999999987e-01 2.655699999999999728e-01 8.642199999999999882e-01 8.982700000000000129e-01 -1.443699999999999983e-01 9.129300000000000193e-01 1.683210000000000095e+00
2.316190000000000193e+00 -2.546599999999999975e-01 -2.060099999999999987e-01 -2.655699999999999728e-01 8.642199999999999882e-01 -8.982700000000000129e-01 -1.443699999999999983e-01 -9.129300000000000193e-01 1.683210000000000095e+00
2.316190000000000193e+00 2.546599999999999975e-01 -2.060099999999999987e-01 2.655699999999999728e-01 8.642199999999999882e-01 8.982700000000000129e-01 -1.443699999999999983e-01 9.129300000000000193e-01 1.683210000000000095e+00
-1.407869999999999955e+00 -1.296200000000000130e-01 3.918300000000000116e-01 -1.497499999999999942e-01 -1.270829999999999904e+00 4.071699999999999764e-01 3.883699999999999930e-01 3.466199999999999837e-01 -1.882339999999999902e+00
-1.570540000000000047e+00 3.746700000000000030e-01 -3.410500000000000198e-01 3.499800000000000133e-01 -1.433829999999999938e+00 3.721700000000000008e-01 -3.709500000000000020e-01 4.334899999999999864e-01 -1.583869999999999889e+00
-1.570540000000000047e+00 -3.746700000000000030e-01 -3.410500000000000198e-01 -3.499800000000000133e-01 -1.433829999999999938e+00 -3.721700000000000008e-01 -3.709500000000000020e-01 -4.334899999999999864e-01 -1.583869999999999889e+00
-1.570540000000000047e+00 -3.746700000000000030e-01 -3.410500000000000198e-01 -3.499800000000000133e-01 -1.433829999999999938e+00 -3.721700000000000008e-01 -3.709500000000000020e-01 -4.334899999999999864e-01 -1.583869999999999889e+00
-2.253350000000000186e+00 -3.887000000000000177e-02 1.867099999999999871e-01 -9.023000000000000465e-02 -1.130479999999999929e+00 -4.954999999999999682e-02 1.515600000000000003e-01 -6.349000000000000477e-02 -1.269069999999999920e+00
-2.253350000000000186e+00 3.887000000000000177e-02 1.867099999999999871e-01 9.023000000000000465e-02 -1.130479999999999929e+00 4.954999999999999682e-02 1.515600000000000003e-01 6.349000000000000477e-02 -1.269069999999999920e+00
-2.253350000000000186e+00 -3.887000000000000177e-02 1.867099999999999871e-01 -9.023000000000000465e-02 -1.130479999999999929e+00 -4.954999999999999682e-02 1.515600000000000003e-01 -6.349000000000000477e-02 -1.269069999999999920e+00
-2.253350000000000186e+00 3.887000000000000177e-02 1.867099999999999871e-01 9.023000000000000465e-02 -1.130479999999999929e+00 4.954999999999999682e-02 1.515600000000000003e-01 6.349000000000000477e-02 -1.269069999999999920e+00
-1.407869999999999955e+00 1.296200000000000130e-01 3.918300000000000116e-01 1.497499999999999942e-01 -1.270829999999999904e+00 -4.071699999999999764e-01 3.883699999999999930e-01 -3.466199999999999837e-01 -1.882339999999999902e+00
-1.407869999999999955e+00 -1.296200000000000130e-01 3.918300000000000116e-01 -1.497499999999999942e-01 -1.270829999999999904e+00 4.071699999999999764e-01 3.883699999999999930e-01 3.466199999999999837e-01 -1.882339999999999902e+00
-1.407869999999999955e+00 1.296200000000000130e-01 3.918300000000000116e-01 1.497499999999999942e-01 -1.270829999999999904e+00 -4.071699999999999764e-01 3.883699999999999930e-01 -3.466199999999999837e-01 -1.882339999999999902e+00
-1.570540000000000047e+00 3.746700000000000030e-01 -3.410500000000000198e-01 3.499800000000000133e-01 -1.433829999999999938e+00 3.721700000000000008e-01 -3.709500000000000020e-01 4.334899999999999864e-01 -1.583869999999999889e+00
