-7.454892692475027782e-02
-5.378489156874298460e-02
-4.420940188852476999e-02
2.932057173207753387e+00
2.980835980761527004e+00
3.142238491914625342e+00
3.196226372500661661e+00
3.693263189536882596e+00
4.269001451449305762e+00
4.744502372596397954e+00
4.989231508036517937e+00
5.222159228183638646e+00
5.428530332890604271e+00
5.442934262093496400e+00
5.459592203744747962e+00
5.888017003032031127e+00
5.901545650684504984e+00
6.484242455213777845e+00
6.551308878946000114e+00
6.974970160108978412e+00
7.247927963660439232e+00
7.338524655674213193e+00
7.346262381036686051e+00
7.670941340510402107e+00
7.702847677454181863e+00
7.864835085371005619e+00
7.984201807131487527e+00
8.060660200888046134e+00
8.089936040698114894e+00
8.315994932086461233e+00
8.623379727700900332e+00
8.978611641653191811e+00
9.076995480389305371e+00
9.743733860493760446e+00
9.906437829974350961e+00
1.006475688784371592e+01
1.039843461111979472e+01
1.099723897916332938e+01
1.258946647947791853e+01
1.274264085675132918e+01
1.305314747486438343e+01
1.323229948499352737e+01
1.378531882973074651e+01
1.410696617946432241e+01
1.459948813909518606e+01
1.461535531859600567e+01
1.464233982609704476e+01
1.465887145394674462e+01
1.489317977686751249e+01
1.512994812061658934e+01
1.523660586585398669e+01
1.587218676496776126e+01
1.641995009916967163e+01
1.669685724991444076e+01
1.682812043870305274e+01
1.732114669782788852e+01
1.766475183671369464e+01
1.801772757159696781e+01
1.879603868167036751e+01
1.887105159137284716e+01
1.900438432635175445e+01
1.990598816202994570e+01
1.991705126498323253e+01
2.009981174377476520e+01
2.106869846507525068e+01
2.114804065014602585e+01
2.133867896490169258e+01
2.241659548585056072e+01
2.285169605900121326e+01
2.328672945903453595e+01
2.401929131858566180e+01
2.410953961742063356e+01
