-9.854015095672773172e-02
-3.035175227639760887e-02
-2.435562775347004799e-02
2.517241849112655583e+00
2.818695871511532225e+00
2.915052453808683275e+00
3.324156414353716116e+00
3.350226196444251681e+00
3.725397618925675225e+00
4.584595776527677025e+00
4.646274998917710342e+00
4.687744408976231014e+00
4.946018667361760102e+00
5.283822771581805355e+00
6.128927377614937555e+00
6.619367948210397756e+00
6.872245657300559252e+00
6.919626459564106824e+00
7.179358567166249649e+00
7.309825535831643961e+00
7.542878211918389475e+00
8.620415433583499265e+00
9.048562753489321153e+00
9.374980531584839127e+00
9.378900653897279227e+00
1.025425506783286700e+01
1.063438519778523883e+01
1.064043896972474279e+01
1.084659533677254473e+01
1.085156099139616792e+01
1.114014945689467950e+01
1.156776906995426657e+01
1.165396907531044413e+01
1.189674393600721025e+01
1.222907328382708059e+01
1.253864278837698620e+01
1.262263025530307914e+01
1.300882364119769186e+01
1.323910418577922776e+01
1.353142827985288221e+01
1.357165678261589825e+01
1.410068214137908349e+01
1.415285473123045890e+01
1.445124044682619768e+01
1.474371593149284188e+01
1.482731113314166116e+01
1.550213685899673877e+01
1.555035380048585125e+01
1.593288450572831749e+01
1.623354505148896720e+01
1.656539984852851433e+01
1.686504288485507175e+01
1.762958630958439699e+01
1.773023628076332514e+01
