-9.309672064157331617e-02
-9.309672064104095035e-02
-1.905242924540826582e-02
1.402303790952613483e+00
1.857726180895865387e+00
1.857726180895905799e+00
3.769698564086857662e+00
3.769698564086862103e+00
4.047808073088480008e+00
4.349931091218403267e+00
4.539651465709399147e+00
5.446029638319624944e+00
5.489400618384766339e+00
5.489400618384770780e+00
5.506907412112606259e+00
5.506907412112611588e+00
5.996088526033889643e+00
6.331591713793621956e+00
6.331591713793624621e+00
7.165910239249146940e+00
7.165910239249148717e+00
7.273885136946497632e+00
7.379179875636148189e+00
7.385479044108996582e+00
7.385479044109000135e+00
7.447131351971556512e+00
8.991528700117244810e+00
9.553114234664551674e+00
9.783977761050739019e+00
9.783977761050739019e+00
1.027619288385388430e+01
1.027619288385388785e+01
1.151229828225927854e+01
1.151229828225928209e+01
1.156179736773774458e+01
1.260297323928137736e+01
1.275364002603085822e+01
1.300689589839116422e+01
1.300689589839117311e+01
1.340087604819193423e+01
1.368152396622859079e+01
1.368152396622859790e+01
1.511234015852649115e+01
1.554529966978738287e+01
2.037395596562828715e+01
2.153193058828248496e+01
2.153193058828249562e+01
2.157658991063566845e+01
2.157658991063568266e+01
2.347102883527868045e+01
2.456037045852211165e+01
2.459093601020537889e+01
2.665502410292521063e+01
2.698484794672204856e+01
