1.390220000000000011e+00 0.000000000000000000e+00 -4.805999999999999855e-02 0.000000000000000000e+00 1.018049999999999899e+00 -0.000000000000000000e+00 -4.850999999999999757e-02 -0.000000000000000000e+00 1.204900000000000082e+00
1.390220000000000011e+00 0.000000000000000000e+00 -4.805999999999999855e-02 0.000000000000000000e+00 1.018049999999999899e+00 -0.000000000000000000e+00 -4.850999999999999757e-02 -0.000000000000000000e+00 1.204900000000000082e+00
1.139620000000000077e+00 0.000000000000000000e+00 -9.899999999999999946e-04 0.000000000000000000e+00 1.273020000000000040e+00 -0.000000000000000000e+00 -3.746000000000000024e-02 -0.000000000000000000e+00 1.286920000000000064e+00
1.139620000000000077e+00 0.000000000000000000e+00 -9.899999999999999946e-04 0.000000000000000000e+00 1.273020000000000040e+00 -0.000000000000000000e+00 -3.746000000000000024e-02 -0.000000000000000000e+00 1.286920000000000064e+00
1.222429999999999906e+00 0.000000000000000000e+00 -2.878999999999999962e-02 0.000000000000000000e+00 1.186970000000000081e+00 -0.000000000000000000e+00 1.187000000000000034e-02 -0.000000000000000000e+00 1.074519999999999920e+00
1.222429999999999906e+00 0.000000000000000000e+00 -2.878999999999999962e-02 0.000000000000000000e+00 1.186970000000000081e+00 -0.000000000000000000e+00 1.187000000000000034e-02 -0.000000000000000000e+00 1.074519999999999920e+00
2.061970000000000081e+00 0.000000000000000000e+00 6.702099999999999724e-01 0.000000000000000000e+00 2.276619999999999866e+00 0.000000000000000000e+00 6.973399999999999599e-01 0.000000000000000000e+00 2.203640000000000043e+00
2.061970000000000081e+00 0.000000000000000000e+00 6.702099999999999724e-01 0.000000000000000000e+00 2.276619999999999866e+00 0.000000000000000000e+00 6.973399999999999599e-01 0.000000000000000000e+00 2.203640000000000043e+00
-2.163390000000000146e+00 -0.000000000000000000e+00 1.137999999999999949e-02 -0.000000000000000000e+00 -1.443540000000000045e+00 0.000000000000000000e+00 -4.859000000000000125e-02 0.000000000000000000e+00 -2.175429999999999975e+00
-2.163390000000000146e+00 -0.000000000000000000e+00 1.137999999999999949e-02 -0.000000000000000000e+00 -1.443540000000000045e+00 0.000000000000000000e+00 -4.859000000000000125e-02 0.000000000000000000e+00 -2.175429999999999975e+00
-1.825420000000000043e+00 2.369600000000000040e-01 -3.018700000000000272e-01 2.189099999999999935e-01 -2.155559999999999921e+00 1.930699999999999916e-01 -2.873299999999999743e-01 2.244599999999999929e-01 -1.797279999999999989e+00
-1.825420000000000043e+00 -2.369600000000000040e-01 -3.018700000000000272e-01 -2.189099999999999935e-01 -2.155559999999999921e+00 -1.930699999999999916e-01 -2.873299999999999743e-01 -2.244599999999999929e-01 -1.797279999999999989e+00
-1.825420000000000043e+00 2.369600000000000040e-01 -3.018700000000000272e-01 2.189099999999999935e-01 -2.155559999999999921e+00 1.930699999999999916e-01 -2.873299999999999743e-01 2.244599999999999929e-01 -1.797279999999999989e+00
-1.825420000000000043e+00 -2.369600000000000040e-01 -3.018700000000000272e-01 -2.189099999999999935e-01 -2.155559999999999921e+00 -1.930699999999999916e-01 -2.873299999999999743e-01 -2.244599999999999929e-01 -1.797279999999999989e+00
