2.612220000000000208e+00 -8.124000000000000665e-02 0.000000000000000000e+00 6.281000000000000472e-02 2.771689999999999987e+00 0.000000000000000000e+00 0.000000000000000000e+00 0.000000000000000000e+00 3.114329999999999821e+00
2.612220000000000208e+00 -8.124000000000000665e-02 0.000000000000000000e+00 6.281000000000000472e-02 2.771689999999999987e+00 0.000000000000000000e+00 0.000000000000000000e+00 0.000000000000000000e+00 3.114329999999999821e+00
2.612220000000000208e+00 8.124000000000000665e-02 0.000000000000000000e+00 -6.281000000000000472e-02 2.771689999999999987e+00 -0.000000000000000000e+00 0.000000000000000000e+00 0.000000000000000000e+00 3.114329999999999821e+00
2.612220000000000208e+00 8.124000000000000665e-02 0.000000000000000000e+00 -6.281000000000000472e-02 2.771689999999999987e+00 -0.000000000000000000e+00 0.000000000000000000e+00 0.000000000000000000e+00 3.114329999999999821e+00
2.792850000000000055e+00 3.385199999999999876e-01 0.000000000000000000e+00 -1.260000000000000009e-01 2.763669999999999849e+00 0.000000000000000000e+00 0.000000000000000000e+00 0.000000000000000000e+00 3.082710000000000061e+00
2.792850000000000055e+00 -3.385199999999999876e-01 0.000000000000000000e+00 1.260000000000000009e-01 2.763669999999999849e+00 0.000000000000000000e+00 0.000000000000000000e+00 -0.000000000000000000e+00 3.082710000000000061e+00
2.792850000000000055e+00 3.385199999999999876e-01 0.000000000000000000e+00 -1.260000000000000009e-01 2.763669999999999849e+00 0.000000000000000000e+00 0.000000000000000000e+00 0.000000000000000000e+00 3.082710000000000061e+00
2.792850000000000055e+00 -3.385199999999999876e-01 0.000000000000000000e+00 1.260000000000000009e-01 2.763669999999999849e+00 0.000000000000000000e+00 0.000000000000000000e+00 -0.000000000000000000e+00 3.082710000000000061e+00
4.531159999999999854e+00 8.423199999999999577e-01 -0.000000000000000000e+00 1.200990000000000002e+00 4.748820000000000263e+00 -0.000000000000000000e+00 0.000000000000000000e+00 0.000000000000000000e+00 3.159689999999999888e+00
4.531159999999999854e+00 8.423199999999999577e-01 0.000000000000000000e+00 1.200990000000000002e+00 4.748820000000000263e+00 -0.000000000000000000e+00 0.000000000000000000e+00 0.000000000000000000e+00 3.159689999999999888e+00
4.531159999999999854e+00 -8.423199999999999577e-01 0.000000000000000000e+00 -1.200990000000000002e+00 4.748820000000000263e+00 0.000000000000000000e+00 0.000000000000000000e+00 0.000000000000000000e+00 3.159689999999999888e+00
4.531159999999999854e+00 -8.423199999999999577e-01 -0.000000000000000000e+00 -1.200990000000000002e+00 4.748820000000000263e+00 0.000000000000000000e+00 0.000000000000000000e+00 0.000000000000000000e+00 3.159689999999999888e+00
-1.919349999999999890e+00 7.933999999999999386e-02 0.000000000000000000e+00 4.978500000000000147e-01 -3.643769999999999953e+00 0.000000000000000000e+00 0.000000000000000000e+00 0.000000000000000000e+00 -1.542640000000000011e+00
-1.919349999999999890e+00 7.933999999999999386e-02 0.000000000000000000e+00 4.978500000000000147e-01 -3.643769999999999953e+00 0.000000000000000000e+00 0.000000000000000000e+00 0.000000000000000000e+00 -1.542640000000000011e+00
-1.919349999999999890e+00 -7.933999999999999386e-02 0.000000000000000000e+00 -4.978500000000000147e-01 -3.643769999999999953e+00 -0.000000000000000000e+00 0.000000000000000000e+00 0.000000000000000000e+00 -1.542640000000000011e+00
-1.919349999999999890e+00 -7.933999999999999386e-02 0.000000000000000000e+00 -4.978500000000000147e-01 -3.643769999999999953e+00 -0.000000000000000000e+00 0.000000000000000000e+00 0.000000000000000000e+00 -1.542640000000000011e+00
-2.217480000000000118e+00 -2.053300000000000125e-01 0.000000000000000000e+00 -3.522500000000000075e-01 -1.608619999999999939e+00 -0.000000000000000000e+00 0.000000000000000000e+00 0.000000000000000000e+00 -2.233290000000000219e+00
-2.217480000000000118e+00 -2.053300000000000125e-01 0.000000000000000000e+00 -3.522500000000000075e-01 -1.608619999999999939e+00 -0.000000000000000000e+00 0.000000000000000000e+00 0.000000000000000000e+00 -2.233290000000000219e+00
-2.217480000000000118e+00 2.053300000000000125e-01 0.000000000000000000e+00 3.522500000000000075e-01 -1.608619999999999939e+00 0.000000000000000000e+00 0.000000000000000000e+00 0.000000000000000000e+00 -2.233290000000000219e+00
-2.217480000000000118e+00 2.053300000000000125e-01 0.000000000000000000e+00 3.522500000000000075e-01 -1.608619999999999939e+00 0.000000000000000000e+00 0.000000000000000000e+00 0.000000000000000000e+00 -2.233290000000000219e+00
-2.365540000000000198e+00 1.241799999999999987e-01 -3.460799999999999987e-01 -5.750000000000000250e-02 -1.946669999999999900e+00 3.243800000000000017e-01 -4.481200000000000183e-01 3.285500000000000087e-01 -2.251320000000000210e+00
-2.365540000000000198e+00 1.241799999999999987e-01 3.460799999999999987e-01 -5.750000000000000250e-02 -1.946669999999999900e+00 -3.243800000000000017e-01 4.481200000000000183e-01 -3.285500000000000087e-01 -2.251320000000000210e+00
-2.365540000000000198e+00 -1.241799999999999987e-01 3.460799999999999987e-01 5.750000000000000250e-02 -1.946669999999999900e+00 3.243800000000000017e-01 4.481200000000000183e-01 3.285500000000000087e-01 -2.251320000000000210e+00
-2.365540000000000198e+00 -1.241799999999999987e-01 -3.460799999999999987e-01 5.750000000000000250e-02 -1.946669999999999900e+00 -3.243800000000000017e-01 -4.481200000000000183e-01 -3.285500000000000087e-01 -2.251320000000000210e+00
-2.136629999999999807e+00 6.039999999999999813e-01 0.000000000000000000e+00 4.468599999999999794e-01 -2.276860000000000106e+00 0.000000000000000000e+00 0.000000000000000000e+00 0.000000000000000000e+00 -2.156330000000000080e+00
-2.136629999999999807e+00 -6.039999999999999813e-01 0.000000000000000000e+00 -4.468599999999999794e-01 -2.276860000000000106e+00 0.000000000000000000e+00 0.000000000000000000e+00 0.000000000000000000e+00 -2.156330000000000080e+00
-2.365540000000000198e+00 -1.241799999999999987e-01 -3.460799999999999987e-01 5.750000000000000250e-02 -1.946669999999999900e+00 -3.243800000000000017e-01 -4.481200000000000183e-01 -3.285500000000000087e-01 -2.251320000000000210e+00
-2.365540000000000198e+00 -1.241799999999999987e-01 3.460799999999999987e-01 5.750000000000000250e-02 -1.946669999999999900e+00 3.243800000000000017e-01 4.481200000000000183e-01 3.285500000000000087e-01 -2.251320000000000210e+00
-2.365540000000000198e+00 1.241799999999999987e-01 3.460799999999999987e-01 -5.750000000000000250e-02 -1.946669999999999900e+00 -3.243800000000000017e-01 4.481200000000000183e-01 -3.285500000000000087e-01 -2.251320000000000210e+00
-2.365540000000000198e+00 1.241799999999999987e-01 -3.460799999999999987e-01 -5.750000000000000250e-02 -1.946669999999999900e+00 3.243800000000000017e-01 -4.481200000000000183e-01 3.285500000000000087e-01 -2.251320000000000210e+00
