-1.563378018201553310e-01
-7.918160358766515583e-02
-3.495609942617681348e-02
2.414006471438598922e+00
2.733662428089904672e+00
2.800960639210906766e+00
3.209766616257078375e+00
3.437773372667542571e+00
3.542372652551731615e+00
3.549452474492956533e+00
3.773268863484387392e+00
3.880384411080626261e+00
4.027090158739695447e+00
4.155448263916600382e+00
4.184093103368029531e+00
4.215954663177413408e+00
4.662650789603595136e+00
4.679527395183394667e+00
4.939114433333668508e+00
5.056341637014594603e+00
5.143772034841021856e+00
5.260029305096628249e+00
5.532024759092830202e+00
5.569828544555748273e+00
5.635538217703924602e+00
5.702209934498879029e+00
5.822058040003495805e+00
5.865036690018314403e+00
5.884560631759296889e+00
6.035981010428928428e+00
6.051546897764404243e+00
6.619964767173160958e+00
6.654130107931561788e+00
6.968142793687972514e+00
7.119111687341437289e+00
7.459978577129093402e+00
7.464364465369642154e+00
7.585343655626335391e+00
7.696891070579812144e+00
7.900311798576296063e+00
7.996176869043140734e+00
8.170083401613451812e+00
8.206168176832241201e+00
8.256303349144733517e+00
8.333802460679057944e+00
8.725387947307616798e+00
8.727274953143535186e+00
8.863675965899560083e+00
9.885734917881817907e+00
1.015325894869701528e+01
1.026967439504788437e+01
1.031165514402860950e+01
1.058060001706624220e+01
1.061095296919878272e+01
1.065227493340795206e+01
1.082532422187694010e+01
1.094348068369639648e+01
1.146073587293882667e+01
1.216862933785013645e+01
1.217642982203110513e+01
1.221069764550605541e+01
1.224257221797151374e+01
1.252167397526355153e+01
1.313854888331924542e+01
1.323909850482661987e+01
1.323915369724154090e+01
1.363209236752493680e+01
1.423882842763595669e+01
2.250995189780523731e+01
2.258432588022941090e+01
2.285026624693265163e+01
2.293458052095081001e+01
2.338990012985600586e+01
2.356188634095047973e+01
2.356699766894923087e+01
2.379849941552557269e+01
2.406459652706896790e+01
2.408735562356926607e+01
2.421588407062247228e+01
2.431715928128612703e+01
2.433729077004305452e+01
2.465024554974346316e+01
2.473376694280499066e+01
2.595344609087187848e+01
