-3.679545338761298634e+00
-2.708145049660375836e+00
-4.159973425395888103e-02
5.028057308742612391e-02
1.221168280786886495e-01
2.157030757777922858e+00
3.821285712950551083e+00
4.240181257918108848e+00
5.416007468606371944e+00
5.787551373422096468e+00
5.810389900858633716e+00
5.839455043066947404e+00
6.096205090053975262e+00
6.294859061170472003e+00
6.319687737538935757e+00
6.648501229600547902e+00
6.827876390210941615e+00
7.019985598275825467e+00
7.093907477547194418e+00
7.185134995252350443e+00
7.429373614242321011e+00
7.534736777087836401e+00
7.705497479072977107e+00
7.737964738870292791e+00
7.757234107592731576e+00
8.018145390300677633e+00
8.424467971332077809e+00
8.484738870466197014e+00
8.503766677184881217e+00
8.561328570963738116e+00
8.621232324905761857e+00
8.653064081584048495e+00
8.992148875546934761e+00
8.998016236926893896e+00
9.029158294104716376e+00
9.275127891301552907e+00
9.356664090368960629e+00
9.504702767577741795e+00
9.550669191213776443e+00
9.574607433205812868e+00
9.676213453619137539e+00
9.734514091622653353e+00
9.734833265136080271e+00
9.789925147824165563e+00
9.793785243714506095e+00
9.880666288262142771e+00
1.002792441136250368e+01
1.003131372253903741e+01
1.009773375565032438e+01
1.022601461958665503e+01
1.043002809200435443e+01
1.046345244171348909e+01
1.047139756670521926e+01
1.070649924111518381e+01
1.072738901131118716e+01
1.076369959632839191e+01
1.089424967586111492e+01
1.105510384392656853e+01
1.110679935895125503e+01
1.111804767034212738e+01
1.112711997778400885e+01
1.124127741851432205e+01
1.138094789549622732e+01
1.144243876977281538e+01
1.149653104201436982e+01
1.167344679175777955e+01
1.170646056671272461e+01
1.197663016044162632e+01
1.230768678509491387e+01
1.242308439961670707e+01
1.255153150017956953e+01
1.280455098783241219e+01
1.285759176517904478e+01
1.286524488690363022e+01
1.299811109353970728e+01
1.307846703555122403e+01
1.325671203579530122e+01
1.335536794700917262e+01
1.381106368097692894e+01
1.385927819188286492e+01
1.419229114695720995e+01
1.431585683778655316e+01
1.435527777509024716e+01
1.456846337126877700e+01
1.467737950044216788e+01
1.470907787728381066e+01
1.556555851872974117e+01
1.591569712579376805e+01
1.703181743091441191e+01
1.703231742893491329e+01
1.708919790393920124e+01
1.738169899635821025e+01
1.786773421561894537e+01
1.807002454342550024e+01
1.934966746484290212e+01
1.967140551663759496e+01
