-3.804537528452612422e-02
-1.250850291987631001e-02
-1.245249294434144956e-02
3.989677567584026252e-01
1.555486925566429646e+00
1.672342858653499409e+00
1.975156044156749724e+00
2.278273401593975400e+00
2.329777738918076047e+00
2.560332124671129250e+00
2.705763421246612843e+00
3.051488352905056711e+00
3.212410743642190702e+00
3.299109311793945398e+00
3.392814447146864421e+00
3.761830588653362728e+00
4.094133917988038718e+00
4.249587736274627936e+00
5.784277689480343376e+00
6.038583513497632893e+00
6.528730959121551436e+00
7.259827786243558734e+00
7.591523564654683476e+00
7.755702189290961002e+00
1.033821201640254195e+01
1.090380791099263824e+01
1.193588307676380467e+01
1.261887762945901237e+01
1.282526359165132135e+01
1.293453977732828264e+01
1.304000329290145288e+01
1.321638188563026794e+01
1.459655352917158666e+01
1.472895529522163116e+01
1.524834815705562185e+01
1.530854008030563662e+01
