1.062920000000000087e+00 -0.000000000000000000e+00 3.014000000000000012e-02 -0.000000000000000000e+00 1.241360000000000019e+00 0.000000000000000000e+00 4.902000000000000107e-02 0.000000000000000000e+00 1.084410000000000096e+00
1.062920000000000087e+00 -0.000000000000000000e+00 3.014000000000000012e-02 -0.000000000000000000e+00 1.241360000000000019e+00 0.000000000000000000e+00 4.902000000000000107e-02 0.000000000000000000e+00 1.084410000000000096e+00
1.400199999999999889e+00 -0.000000000000000000e+00 -4.925999999999999823e-02 -0.000000000000000000e+00 9.549800000000000511e-01 0.000000000000000000e+00 -1.436399999999999899e-01 0.000000000000000000e+00 1.080049999999999955e+00
1.400199999999999889e+00 -0.000000000000000000e+00 -4.925999999999999823e-02 -0.000000000000000000e+00 9.549800000000000511e-01 0.000000000000000000e+00 -1.436399999999999899e-01 0.000000000000000000e+00 1.080049999999999955e+00
3.434250000000000025e+00 -0.000000000000000000e+00 1.000500000000000000e-01 -0.000000000000000000e+00 4.580400000000000027e+00 0.000000000000000000e+00 3.133600000000000274e-01 0.000000000000000000e+00 4.846189999999999998e+00
3.434250000000000025e+00 -0.000000000000000000e+00 1.000500000000000000e-01 -0.000000000000000000e+00 4.580400000000000027e+00 0.000000000000000000e+00 3.133600000000000274e-01 0.000000000000000000e+00 4.846189999999999998e+00
-2.010790000000000077e+00 -8.897599999999999953e-01 -7.114000000000000323e-01 -5.735700000000000243e-01 -2.610250000000000181e+00 -9.392099999999999893e-01 -5.259200000000000541e-01 -8.797300000000000120e-01 -2.424970000000000070e+00
-2.010790000000000077e+00 8.897599999999999953e-01 -7.114000000000000323e-01 5.735700000000000243e-01 -2.610250000000000181e+00 9.392099999999999893e-01 -5.259200000000000541e-01 8.797300000000000120e-01 -2.424970000000000070e+00
-1.943289999999999962e+00 -2.043000000000000024e-02 3.152400000000000202e-01 -1.228100000000000025e-01 -2.083250000000000046e+00 5.441899999999999515e-01 1.535900000000000043e-01 4.237799999999999900e-01 -2.292839999999999989e+00
-1.943289999999999962e+00 2.043000000000000024e-02 3.152400000000000202e-01 1.228100000000000025e-01 -2.083250000000000046e+00 -5.441899999999999515e-01 1.535900000000000043e-01 -4.237799999999999900e-01 -2.292839999999999989e+00
-1.943289999999999962e+00 -2.043000000000000024e-02 3.152400000000000202e-01 -1.228100000000000025e-01 -2.083250000000000046e+00 5.441899999999999515e-01 1.535900000000000043e-01 4.237799999999999900e-01 -2.292839999999999989e+00
-1.943289999999999962e+00 2.043000000000000024e-02 3.152400000000000202e-01 1.228100000000000025e-01 -2.083250000000000046e+00 -5.441899999999999515e-01 1.535900000000000043e-01 -4.237799999999999900e-01 -2.292839999999999989e+00
