1.061339999999999950e+00 -0.000000000000000000e+00 -2.037999999999999881e-02 -0.000000000000000000e+00 1.208479999999999999e+00 0.000000000000000000e+00 -1.112999999999999927e-02 0.000000000000000000e+00 1.009800000000000031e+00
1.061339999999999950e+00 -0.000000000000000000e+00 -2.037999999999999881e-02 -0.000000000000000000e+00 1.208479999999999999e+00 0.000000000000000000e+00 -1.112999999999999927e-02 0.000000000000000000e+00 1.009800000000000031e+00
1.307169999999999943e+00 -0.000000000000000000e+00 6.969000000000000195e-02 -0.000000000000000000e+00 9.194600000000000550e-01 0.000000000000000000e+00 6.279999999999999992e-03 0.000000000000000000e+00 9.995399999999999840e-01
1.307169999999999943e+00 -0.000000000000000000e+00 6.969000000000000195e-02 -0.000000000000000000e+00 9.194600000000000550e-01 0.000000000000000000e+00 6.279999999999999992e-03 0.000000000000000000e+00 9.995399999999999840e-01
4.199040000000000106e+00 -0.000000000000000000e+00 -1.282099999999999906e-01 -0.000000000000000000e+00 5.312730000000000175e+00 0.000000000000000000e+00 -6.579000000000000126e-02 0.000000000000000000e+00 6.101079999999999615e+00
4.199040000000000106e+00 -0.000000000000000000e+00 -1.282099999999999906e-01 -0.000000000000000000e+00 5.312730000000000175e+00 0.000000000000000000e+00 -6.579000000000000126e-02 0.000000000000000000e+00 6.101079999999999615e+00
-1.960979999999999945e+00 -9.092999999999999972e-01 -7.224800000000000111e-01 -9.027699999999999614e-01 -3.120340000000000114e+00 -1.325260000000000105e+00 -7.821299999999999919e-01 -1.302030000000000021e+00 -2.742500000000000160e+00
-2.303279999999999994e+00 9.979000000000000370e-02 4.006899999999999906e-01 7.800999999999999601e-02 -2.160169999999999924e+00 6.539300000000000113e-01 4.263899999999999912e-01 6.906499999999999861e-01 -2.683959999999999901e+00
-2.303279999999999994e+00 -9.979000000000000370e-02 4.006899999999999906e-01 -7.800999999999999601e-02 -2.160169999999999924e+00 -6.539300000000000113e-01 4.263899999999999912e-01 -6.906499999999999861e-01 -2.683959999999999901e+00
-2.303279999999999994e+00 9.979000000000000370e-02 4.006899999999999906e-01 7.800999999999999601e-02 -2.160169999999999924e+00 6.539300000000000113e-01 4.263899999999999912e-01 6.906499999999999861e-01 -2.683959999999999901e+00
-2.303279999999999994e+00 -9.979000000000000370e-02 4.006899999999999906e-01 -7.800999999999999601e-02 -2.160169999999999924e+00 -6.539300000000000113e-01 4.263899999999999912e-01 -6.906499999999999861e-01 -2.683959999999999901e+00
-1.960979999999999945e+00 9.092999999999999972e-01 -7.224800000000000111e-01 9.027699999999999614e-01 -3.120340000000000114e+00 1.325260000000000105e+00 -7.821299999999999919e-01 1.302030000000000021e+00 -2.742500000000000160e+00
