2.766760000000000108e+00 -0.000000000000000000e+00 1.363399999999999890e-01 0.000000000000000000e+00 2.530429999999999957e+00 0.000000000000000000e+00 -2.155999999999999930e-02 -0.000000000000000000e+00 2.222370000000000179e+00
2.766760000000000108e+00 0.000000000000000000e+00 -1.363399999999999890e-01 0.000000000000000000e+00 2.530429999999999957e+00 0.000000000000000000e+00 2.155999999999999930e-02 0.000000000000000000e+00 2.222370000000000179e+00
2.766760000000000108e+00 -0.000000000000000000e+00 1.363399999999999890e-01 0.000000000000000000e+00 2.530429999999999957e+00 0.000000000000000000e+00 -2.155999999999999930e-02 -0.000000000000000000e+00 2.222370000000000179e+00
2.766760000000000108e+00 0.000000000000000000e+00 -1.363399999999999890e-01 0.000000000000000000e+00 2.530429999999999957e+00 0.000000000000000000e+00 2.155999999999999930e-02 0.000000000000000000e+00 2.222370000000000179e+00
1.984259999999999913e+00 -3.929000000000000270e-01 -1.109099999999999947e-01 -3.881200000000000205e-01 2.349920000000000009e+00 2.587400000000000255e-01 -6.133000000000000257e-02 8.153000000000000524e-02 2.585799999999999876e+00
1.984259999999999913e+00 -3.929000000000000270e-01 1.109099999999999947e-01 -3.881200000000000205e-01 2.349920000000000009e+00 -2.587400000000000255e-01 6.133000000000000257e-02 -8.153000000000000524e-02 2.585799999999999876e+00
1.984259999999999913e+00 3.929000000000000270e-01 -1.109099999999999947e-01 3.881200000000000205e-01 2.349920000000000009e+00 -2.587400000000000255e-01 -6.133000000000000257e-02 -8.153000000000000524e-02 2.585799999999999876e+00
1.984259999999999913e+00 3.929000000000000270e-01 1.109099999999999947e-01 3.881200000000000205e-01 2.349920000000000009e+00 2.587400000000000255e-01 6.133000000000000257e-02 8.153000000000000524e-02 2.585799999999999876e+00
2.545539999999999914e+00 0.000000000000000000e+00 -6.190000000000000190e-03 0.000000000000000000e+00 2.965549999999999908e+00 0.000000000000000000e+00 -9.433999999999999331e-02 -0.000000000000000000e+00 3.521749999999999936e+00
2.545539999999999914e+00 0.000000000000000000e+00 6.190000000000000190e-03 0.000000000000000000e+00 2.965549999999999908e+00 0.000000000000000000e+00 9.433999999999999331e-02 -0.000000000000000000e+00 3.521749999999999936e+00
2.545539999999999914e+00 0.000000000000000000e+00 -6.190000000000000190e-03 0.000000000000000000e+00 2.965549999999999908e+00 0.000000000000000000e+00 -9.433999999999999331e-02 -0.000000000000000000e+00 3.521749999999999936e+00
2.545539999999999914e+00 0.000000000000000000e+00 6.190000000000000190e-03 0.000000000000000000e+00 2.965549999999999908e+00 0.000000000000000000e+00 9.433999999999999331e-02 -0.000000000000000000e+00 3.521749999999999936e+00
-1.752299999999999969e+00 -2.399100000000000121e-01 -9.425000000000000044e-02 -3.167599999999999860e-01 -2.279059999999999864e+00 -6.672999999999999765e-02 -1.723999999999999838e-02 5.217999999999999722e-02 -1.826510000000000078e+00
-1.752299999999999969e+00 -2.399100000000000121e-01 9.425000000000000044e-02 -3.167599999999999860e-01 -2.279059999999999864e+00 6.672999999999999765e-02 1.723999999999999838e-02 -5.217999999999999722e-02 -1.826510000000000078e+00
-1.752299999999999969e+00 2.399100000000000121e-01 -9.425000000000000044e-02 3.167599999999999860e-01 -2.279059999999999864e+00 6.672999999999999765e-02 -1.723999999999999838e-02 -5.217999999999999722e-02 -1.826510000000000078e+00
-1.752299999999999969e+00 2.399100000000000121e-01 9.425000000000000044e-02 3.167599999999999860e-01 -2.279059999999999864e+00 -6.672999999999999765e-02 1.723999999999999838e-02 5.217999999999999722e-02 -1.826510000000000078e+00
-1.752299999999999969e+00 -2.399100000000000121e-01 -9.425000000000000044e-02 -3.167599999999999860e-01 -2.279059999999999864e+00 -6.672999999999999765e-02 -1.723999999999999838e-02 5.217999999999999722e-02 -1.826510000000000078e+00
-1.752299999999999969e+00 -2.399100000000000121e-01 9.425000000000000044e-02 -3.167599999999999860e-01 -2.279059999999999864e+00 6.672999999999999765e-02 1.723999999999999838e-02 -5.217999999999999722e-02 -1.826510000000000078e+00
-1.752299999999999969e+00 2.399100000000000121e-01 -9.425000000000000044e-02 3.167599999999999860e-01 -2.279059999999999864e+00 6.672999999999999765e-02 -1.723999999999999838e-02 -5.217999999999999722e-02 -1.826510000000000078e+00
-1.752299999999999969e+00 2.399100000000000121e-01 9.425000000000000044e-02 3.167599999999999860e-01 -2.279059999999999864e+00 -6.672999999999999765e-02 1.723999999999999838e-02 5.217999999999999722e-02 -1.826510000000000078e+00
-2.257359999999999811e+00 0.000000000000000000e+00 3.064000000000000057e-02 0.000000000000000000e+00 -1.706709999999999949e+00 0.000000000000000000e+00 5.088999999999999774e-02 -0.000000000000000000e+00 -1.866279999999999939e+00
-2.257359999999999811e+00 -0.000000000000000000e+00 -3.064000000000000057e-02 0.000000000000000000e+00 -1.706709999999999949e+00 0.000000000000000000e+00 -5.088999999999999774e-02 0.000000000000000000e+00 -1.866279999999999939e+00
-2.257359999999999811e+00 0.000000000000000000e+00 3.064000000000000057e-02 0.000000000000000000e+00 -1.706709999999999949e+00 0.000000000000000000e+00 5.088999999999999774e-02 0.000000000000000000e+00 -1.866279999999999939e+00
-2.257359999999999811e+00 -0.000000000000000000e+00 -3.064000000000000057e-02 0.000000000000000000e+00 -1.706709999999999949e+00 0.000000000000000000e+00 -5.088999999999999774e-02 0.000000000000000000e+00 -1.866279999999999939e+00
-1.534589999999999899e+00 -0.000000000000000000e+00 2.922999999999999904e-02 0.000000000000000000e+00 -1.581059999999999910e+00 0.000000000000000000e+00 2.296000000000000124e-02 0.000000000000000000e+00 -2.810620000000000118e+00
-1.534589999999999899e+00 0.000000000000000000e+00 -2.922999999999999904e-02 0.000000000000000000e+00 -1.581059999999999910e+00 0.000000000000000000e+00 -2.296000000000000124e-02 0.000000000000000000e+00 -2.810620000000000118e+00
-1.534589999999999899e+00 -0.000000000000000000e+00 2.922999999999999904e-02 0.000000000000000000e+00 -1.581059999999999910e+00 0.000000000000000000e+00 2.296000000000000124e-02 0.000000000000000000e+00 -2.810620000000000118e+00
-1.534589999999999899e+00 0.000000000000000000e+00 -2.922999999999999904e-02 0.000000000000000000e+00 -1.581059999999999910e+00 0.000000000000000000e+00 -2.296000000000000124e-02 0.000000000000000000e+00 -2.810620000000000118e+00
