1.006159999999999943e+00 0.000000000000000000e+00 -1.531200000000000061e-01 0.000000000000000000e+00 1.168160000000000087e+00 -0.000000000000000000e+00 -2.399999999999999911e-01 -0.000000000000000000e+00 1.762659999999999894e+00
1.392120000000000024e+00 0.000000000000000000e+00 -2.870000000000000155e-03 0.000000000000000000e+00 1.372959999999999958e+00 -0.000000000000000000e+00 -8.330000000000000598e-03 -0.000000000000000000e+00 8.092700000000000449e-01
1.105350000000000055e+00 0.000000000000000000e+00 9.476999999999999313e-02 0.000000000000000000e+00 1.041789999999999994e+00 -0.000000000000000000e+00 1.362299999999999900e-01 -0.000000000000000000e+00 1.762550000000000061e+00
1.105350000000000055e+00 0.000000000000000000e+00 9.476999999999999313e-02 0.000000000000000000e+00 1.041789999999999994e+00 -0.000000000000000000e+00 1.362299999999999900e-01 -0.000000000000000000e+00 1.762550000000000061e+00
5.684890000000000221e+00 0.000000000000000000e+00 8.429999999999999993e-03 0.000000000000000000e+00 5.661159999999999748e+00 -0.000000000000000000e+00 1.099999999999999936e-02 -0.000000000000000000e+00 3.028500000000000192e+00
5.684890000000000221e+00 0.000000000000000000e+00 8.429999999999999993e-03 0.000000000000000000e+00 5.661159999999999748e+00 -0.000000000000000000e+00 1.099999999999999936e-02 -0.000000000000000000e+00 3.028500000000000192e+00
-1.639049999999999896e+00 -0.000000000000000000e+00 -2.002500000000000113e-01 -0.000000000000000000e+00 -3.693179999999999907e+00 0.000000000000000000e+00 -2.818300000000000249e-01 0.000000000000000000e+00 -2.037640000000000118e+00
-3.175159999999999982e+00 8.728299999999999947e-01 8.752999999999999670e-02 8.840900000000000425e-01 -2.140159999999999840e+00 1.474499999999999977e-01 1.293799999999999950e-01 2.209699999999999998e-01 -2.019680000000000142e+00
-3.175159999999999982e+00 -8.728299999999999947e-01 8.752999999999999670e-02 -8.840900000000000425e-01 -2.140159999999999840e+00 -1.474499999999999977e-01 1.293799999999999950e-01 -2.209699999999999998e-01 -2.019680000000000142e+00
-3.175159999999999982e+00 -8.728299999999999947e-01 8.752999999999999670e-02 -8.840900000000000425e-01 -2.140159999999999840e+00 -1.474499999999999977e-01 1.293799999999999950e-01 -2.209699999999999998e-01 -2.019680000000000142e+00
-3.175159999999999982e+00 8.728299999999999947e-01 8.752999999999999670e-02 8.840900000000000425e-01 -2.140159999999999840e+00 1.474499999999999977e-01 1.293799999999999950e-01 2.209699999999999998e-01 -2.019680000000000142e+00
-1.639049999999999896e+00 -0.000000000000000000e+00 -2.002500000000000113e-01 -0.000000000000000000e+00 -3.693179999999999907e+00 0.000000000000000000e+00 -2.818300000000000249e-01 0.000000000000000000e+00 -2.037640000000000118e+00
