-2.546822453453432417e-02
-2.546822453391427848e-02
-2.546822453264042246e-02
2.551024986185113974e+00
2.551024986185115306e+00
2.551024986185121968e+00
3.235026392462190259e+00
3.235026392462195588e+00
3.235026392462203582e+00
3.564329046266195622e+00
3.564329046266213386e+00
3.564329046266215606e+00
4.796496764536099633e+00
4.796496764536106738e+00
7.060147880690016642e+00
7.060147880690019306e+00
7.060147880690026412e+00
8.826605204420095774e+00
1.011699193472139591e+01
1.011699193472139768e+01
1.011699193472139768e+01
1.052270923326594421e+01
1.052270923326594598e+01
1.149488021637480095e+01
1.149488021637480273e+01
1.149488021637480273e+01
1.205098884693711092e+01
1.205098884693711803e+01
1.205098884693711980e+01
1.277951537698029227e+01
1.277951537698029405e+01
1.277951537698030116e+01
1.430304728885128895e+01
1.430304728885129073e+01
1.461377905341431038e+01
1.461377905341431749e+01
1.461377905341432104e+01
1.561611104002052031e+01
1.561611104002052386e+01
1.561611104002052564e+01
1.733746481147996832e+01
1.776262098372331977e+01
