-6.082034070746021592e-02
-3.951344365996974778e-02
-3.182329163709653186e-02
9.872623031829164120e-01
1.245846029275870848e+00
1.258055167664165142e+00
1.399908868382593541e+00
1.527427711813626576e+00
1.694243341772681877e+00
1.801715495296706271e+00
1.890966959877613318e+00
2.018499677571968132e+00
2.107674090097920061e+00
2.396810324070843379e+00
2.421223473684230854e+00
2.612975501170296422e+00
2.706984143288152733e+00
2.850903341391701762e+00
2.929277216763511493e+00
3.179734141057683150e+00
3.239341886383079849e+00
3.394622184129250542e+00
3.560313954013880178e+00
3.608849052303717997e+00
3.620040201217701537e+00
3.644729744202702015e+00
4.235158370438297126e+00
4.253567918325216191e+00
4.326779555050388026e+00
4.576039640837335831e+00
4.777676281093164334e+00
4.782503710047564027e+00
4.806052557793369928e+00
5.065822798333880606e+00
5.434735321026859189e+00
5.493875041872338549e+00
5.509226620892405890e+00
5.666255388568823825e+00
5.834943476884920877e+00
5.846872573999708500e+00
5.919100573886252548e+00
6.016957168247802912e+00
6.027781664603254264e+00
6.088753445575378009e+00
6.533303758649179116e+00
6.892778229921983524e+00
6.902762804230552440e+00
7.318845668708727104e+00
8.038442908634657158e+00
8.123882186571584896e+00
8.655040493050668360e+00
8.771369217039845623e+00
9.057342816652553807e+00
9.387009925691623735e+00
9.808743422730948680e+00
9.900641105720824342e+00
9.987785320625937047e+00
1.017260388327403398e+01
1.068728529489393075e+01
1.073967672296752696e+01
1.083791739532679266e+01
1.093112956498345589e+01
1.111082606934205330e+01
1.123944620098789926e+01
1.139061319973932740e+01
1.144358477678154173e+01
1.234960583521551669e+01
1.257223630020082972e+01
1.957392584689668880e+01
1.962496570196942258e+01
1.995014706012148409e+01
2.028821249224895595e+01
2.041115513131413550e+01
2.073163671124522978e+01
2.074370054805753227e+01
2.095089898570378395e+01
2.128152429929061284e+01
2.137416031481197720e+01
2.143960309184219781e+01
2.175430903754886103e+01
2.251683547675872177e+01
2.258673364433888153e+01
2.268242748227941874e+01
2.290262651263767424e+01
