2.808670000000000222e+00 -2.330000000000000127e-02 0.000000000000000000e+00 2.330000000000000127e-02 2.808670000000000222e+00 0.000000000000000000e+00 0.000000000000000000e+00 0.000000000000000000e+00 1.683689999999999909e+00
2.635580000000000034e+00 -2.701799999999999757e-01 -0.000000000000000000e+00 2.701799999999999757e-01 2.635580000000000034e+00 0.000000000000000000e+00 0.000000000000000000e+00 -0.000000000000000000e+00 3.691739999999999799e+00
2.635580000000000034e+00 -2.701799999999999757e-01 0.000000000000000000e+00 2.701799999999999757e-01 2.635580000000000034e+00 0.000000000000000000e+00 0.000000000000000000e+00 0.000000000000000000e+00 3.691739999999999799e+00
2.821400000000000130e+00 1.114399999999999974e-01 -0.000000000000000000e+00 -1.114399999999999974e-01 2.821400000000000130e+00 0.000000000000000000e+00 0.000000000000000000e+00 0.000000000000000000e+00 1.892549999999999955e+00
2.821400000000000130e+00 1.114399999999999974e-01 0.000000000000000000e+00 -1.114399999999999974e-01 2.821400000000000130e+00 0.000000000000000000e+00 0.000000000000000000e+00 0.000000000000000000e+00 1.892549999999999955e+00
2.821400000000000130e+00 1.114399999999999974e-01 0.000000000000000000e+00 -1.114399999999999974e-01 2.821400000000000130e+00 -0.000000000000000000e+00 0.000000000000000000e+00 0.000000000000000000e+00 1.892549999999999955e+00
2.821400000000000130e+00 1.114399999999999974e-01 -0.000000000000000000e+00 -1.114399999999999974e-01 2.821400000000000130e+00 -0.000000000000000000e+00 0.000000000000000000e+00 0.000000000000000000e+00 1.892549999999999955e+00
2.808670000000000222e+00 -2.330000000000000127e-02 0.000000000000000000e+00 2.330000000000000127e-02 2.808670000000000222e+00 0.000000000000000000e+00 0.000000000000000000e+00 0.000000000000000000e+00 1.683689999999999909e+00
5.100530000000000008e+00 1.200999999999999984e-02 0.000000000000000000e+00 -1.200999999999999984e-02 5.100530000000000008e+00 0.000000000000000000e+00 0.000000000000000000e+00 0.000000000000000000e+00 4.236270000000000202e+00
5.100530000000000008e+00 1.200999999999999984e-02 -0.000000000000000000e+00 -1.200999999999999984e-02 5.100530000000000008e+00 -0.000000000000000000e+00 0.000000000000000000e+00 0.000000000000000000e+00 4.236270000000000202e+00
5.100530000000000008e+00 1.200999999999999984e-02 -0.000000000000000000e+00 -1.200999999999999984e-02 5.100530000000000008e+00 -0.000000000000000000e+00 0.000000000000000000e+00 0.000000000000000000e+00 4.236270000000000202e+00
5.100530000000000008e+00 1.200999999999999984e-02 0.000000000000000000e+00 -1.200999999999999984e-02 5.100530000000000008e+00 0.000000000000000000e+00 0.000000000000000000e+00 0.000000000000000000e+00 4.236270000000000202e+00
-1.724229999999999929e+00 3.345600000000000240e-01 0.000000000000000000e+00 3.441899999999999959e-01 -2.904920000000000169e+00 0.000000000000000000e+00 0.000000000000000000e+00 0.000000000000000000e+00 -2.210510000000000197e+00
-3.182920000000000194e+00 2.721999999999999975e-01 -7.949699999999999545e-01 2.518699999999999828e-01 -1.598549999999999915e+00 3.112199999999999966e-01 -8.860599999999999588e-01 3.472000000000000086e-01 -1.833590000000000053e+00
-3.182920000000000194e+00 2.721999999999999975e-01 7.949699999999999545e-01 2.518699999999999828e-01 -1.598549999999999915e+00 -3.112199999999999966e-01 8.860599999999999588e-01 -3.472000000000000086e-01 -1.833590000000000053e+00
-2.221569999999999823e+00 -8.068999999999999506e-01 6.670099999999999918e-01 -8.272399999999999753e-01 -2.559890000000000221e+00 5.328500000000000458e-01 7.437200000000000477e-01 5.937500000000000000e-01 -1.833590000000000053e+00
-2.221569999999999823e+00 -8.068999999999999506e-01 -6.670099999999999918e-01 -8.272399999999999753e-01 -2.559890000000000221e+00 -5.328500000000000458e-01 -7.437200000000000477e-01 -5.937500000000000000e-01 -1.833590000000000053e+00
-2.315840000000000121e+00 -6.857499999999999707e-01 0.000000000000000000e+00 -6.761300000000000088e-01 -2.313309999999999977e+00 -0.000000000000000000e+00 0.000000000000000000e+00 0.000000000000000000e+00 -2.210510000000000197e+00
-2.903649999999999842e+00 3.367499999999999938e-01 0.000000000000000000e+00 3.463800000000000212e-01 -1.725489999999999968e+00 -0.000000000000000000e+00 0.000000000000000000e+00 0.000000000000000000e+00 -2.210510000000000197e+00
-1.767709999999999892e+00 5.652000000000000357e-01 -1.279599999999999904e-01 5.448600000000000110e-01 -3.013749999999999929e+00 8.440800000000000525e-01 -1.423500000000000043e-01 9.409600000000000186e-01 -1.833590000000000053e+00
-1.767709999999999892e+00 5.652000000000000357e-01 1.279599999999999904e-01 5.448600000000000110e-01 -3.013749999999999929e+00 -8.440800000000000525e-01 1.423500000000000043e-01 -9.409600000000000186e-01 -1.833590000000000053e+00
-1.767709999999999892e+00 5.652000000000000357e-01 1.279599999999999904e-01 5.448600000000000110e-01 -3.013749999999999929e+00 -8.440800000000000525e-01 1.423500000000000043e-01 -9.409600000000000186e-01 -1.833590000000000053e+00
-1.767709999999999892e+00 5.652000000000000357e-01 -1.279599999999999904e-01 5.448600000000000110e-01 -3.013749999999999929e+00 8.440800000000000525e-01 -1.423500000000000043e-01 9.409600000000000186e-01 -1.833590000000000053e+00
-2.903649999999999842e+00 3.367499999999999938e-01 0.000000000000000000e+00 3.463800000000000212e-01 -1.725489999999999968e+00 -0.000000000000000000e+00 0.000000000000000000e+00 0.000000000000000000e+00 -2.210510000000000197e+00
-2.315840000000000121e+00 -6.857499999999999707e-01 0.000000000000000000e+00 -6.761300000000000088e-01 -2.313309999999999977e+00 -0.000000000000000000e+00 0.000000000000000000e+00 0.000000000000000000e+00 -2.210510000000000197e+00
-2.221569999999999823e+00 -8.068999999999999506e-01 -6.670099999999999918e-01 -8.272399999999999753e-01 -2.559890000000000221e+00 -5.328500000000000458e-01 -7.437200000000000477e-01 -5.937500000000000000e-01 -1.833590000000000053e+00
-2.221569999999999823e+00 -8.068999999999999506e-01 6.670099999999999918e-01 -8.272399999999999753e-01 -2.559890000000000221e+00 5.328500000000000458e-01 7.437200000000000477e-01 5.937500000000000000e-01 -1.833590000000000053e+00
-3.182920000000000194e+00 2.721999999999999975e-01 7.949699999999999545e-01 2.518699999999999828e-01 -1.598549999999999915e+00 -3.112199999999999966e-01 8.860599999999999588e-01 -3.472000000000000086e-01 -1.833590000000000053e+00
-3.182920000000000194e+00 2.721999999999999975e-01 -7.949699999999999545e-01 2.518699999999999828e-01 -1.598549999999999915e+00 3.112199999999999966e-01 -8.860599999999999588e-01 3.472000000000000086e-01 -1.833590000000000053e+00
-1.724229999999999929e+00 3.345600000000000240e-01 0.000000000000000000e+00 3.441899999999999959e-01 -2.904920000000000169e+00 0.000000000000000000e+00 0.000000000000000000e+00 0.000000000000000000e+00 -2.210510000000000197e+00
