-1.214703795151882426e-01
-4.844163892450294856e-02
-4.844161701228429789e-02
1.461549744086647173e+00
1.474005806343491098e+00
1.639720742536452835e+00
1.639720743750426868e+00
1.870355619613416787e+00
1.870355619803797609e+00
2.259505985218044355e+00
2.259505986032370739e+00
2.839819091264939033e+00
3.057683633958246272e+00
3.057683635596182725e+00
3.175922120346177824e+00
3.175922120804367754e+00
3.504296525107621463e+00
3.504296526646285326e+00
3.506860232343814054e+00
3.575563540595121825e+00
4.321997216209172876e+00
4.542030731569168367e+00
4.542030732766581202e+00
4.656179647459455673e+00
4.656179647814737699e+00
4.815881090025856182e+00
4.815881090198663728e+00
5.447611458617587665e+00
5.447611458760537317e+00
5.797877258703729275e+00
6.113089358439254717e+00
6.113089358766138126e+00
6.444747726213106986e+00
6.926142582332775355e+00
7.026329192653085087e+00
7.063001600740971497e+00
7.195141877129771046e+00
7.195141878069407859e+00
7.306848844240794172e+00
7.306848844372130003e+00
8.411180128062659023e+00
8.733520635977182422e+00
9.192964522712845366e+00
9.192964522755298518e+00
9.214595960002041508e+00
9.214595961069557362e+00
1.091556503830745406e+01
1.099373848445237911e+01
1.119375844297385925e+01
1.119375844383726104e+01
1.206400702174455120e+01
1.206400702197871588e+01
1.241670932705690333e+01
1.241670932723626031e+01
1.303440321840308336e+01
1.319414945920705406e+01
1.321731999345048791e+01
1.321731999371459487e+01
1.351074940263279167e+01
1.399160464646068824e+01
1.477916015778794190e+01
1.490357954994586365e+01
1.603756581084580191e+01
1.603756581128288161e+01
1.617299470000806139e+01
1.617299470003953843e+01
2.094877177473095387e+01
2.221651878352333753e+01
2.221651878369035771e+01
2.256093992927767289e+01
2.256093992947966953e+01
2.283211185012368105e+01
2.283211185048160274e+01
2.307265949665415405e+01
2.307265949669919536e+01
2.419825087709471134e+01
2.424618790330666229e+01
2.622909489036206665e+01
2.670612331643191695e+01
2.670612331671447137e+01
2.678625255165957242e+01
2.678625255166083718e+01
2.812827306655377058e+01
2.856183387038532473e+01
