1.139510000000000023e+00 0.000000000000000000e+00 1.018099999999999977e-01 0.000000000000000000e+00 1.450739999999999919e+00 -0.000000000000000000e+00 9.267000000000000237e-02 -0.000000000000000000e+00 1.203119999999999967e+00
1.139510000000000023e+00 0.000000000000000000e+00 1.018099999999999977e-01 0.000000000000000000e+00 1.450739999999999919e+00 -0.000000000000000000e+00 9.267000000000000237e-02 -0.000000000000000000e+00 1.203119999999999967e+00
4.506120000000000125e+00 0.000000000000000000e+00 -1.988499999999999990e-01 0.000000000000000000e+00 5.547450000000000436e+00 -0.000000000000000000e+00 -9.079999999999999530e-03 -0.000000000000000000e+00 4.267579999999999707e+00
4.506120000000000125e+00 0.000000000000000000e+00 -1.988499999999999990e-01 0.000000000000000000e+00 5.547450000000000436e+00 -0.000000000000000000e+00 -9.079999999999999530e-03 -0.000000000000000000e+00 4.267579999999999707e+00
6.336520000000000152e+00 3.856499999999999928e-01 -4.627600000000000047e-01 -4.955800000000000205e-01 4.824690000000000367e+00 5.269099999999999895e-01 -5.326100000000000279e-01 8.429999999999999993e-02 6.312870000000000203e+00
6.336520000000000152e+00 -3.856499999999999928e-01 -4.627600000000000047e-01 4.955800000000000205e-01 4.824690000000000367e+00 -5.269099999999999895e-01 -5.326100000000000279e-01 -8.429999999999999993e-02 6.312870000000000203e+00
6.336520000000000152e+00 3.856499999999999928e-01 -4.627600000000000047e-01 -4.955800000000000205e-01 4.824690000000000367e+00 5.269099999999999895e-01 -5.326100000000000279e-01 8.429999999999999993e-02 6.312870000000000203e+00
6.336520000000000152e+00 -3.856499999999999928e-01 -4.627600000000000047e-01 4.955800000000000205e-01 4.824690000000000367e+00 -5.269099999999999895e-01 -5.326100000000000279e-01 -8.429999999999999993e-02 6.312870000000000203e+00
-2.491800000000000015e+00 5.029400000000000537e-01 1.789379999999999971e+00 2.156000000000000139e-01 -1.087660000000000071e+00 -2.181599999999999928e-01 1.650069999999999926e+00 -5.275699999999999834e-01 -2.802919999999999856e+00
-2.491800000000000015e+00 -5.029400000000000537e-01 1.789379999999999971e+00 -2.156000000000000139e-01 -1.087660000000000071e+00 2.181599999999999928e-01 1.650069999999999926e+00 5.275699999999999834e-01 -2.802919999999999856e+00
-2.491800000000000015e+00 5.029400000000000537e-01 1.789379999999999971e+00 2.156000000000000139e-01 -1.087660000000000071e+00 -2.181599999999999928e-01 1.650069999999999926e+00 -5.275699999999999834e-01 -2.802919999999999856e+00
-2.491800000000000015e+00 -5.029400000000000537e-01 1.789379999999999971e+00 -2.156000000000000139e-01 -1.087660000000000071e+00 2.181599999999999928e-01 1.650069999999999926e+00 5.275699999999999834e-01 -2.802919999999999856e+00
-1.294319999999999915e+00 3.542299999999999893e-01 -2.170300000000000007e-01 5.229000000000000314e-02 -2.982219999999999871e+00 1.208700000000000108e+00 -2.249899999999999956e-01 1.427100000000000035e+00 -2.159759999999999902e+00
-1.294319999999999915e+00 -3.542299999999999893e-01 -2.170300000000000007e-01 -5.229000000000000314e-02 -2.982219999999999871e+00 -1.208700000000000108e+00 -2.249899999999999956e-01 -1.427100000000000035e+00 -2.159759999999999902e+00
-1.294319999999999915e+00 3.542299999999999893e-01 -2.170300000000000007e-01 5.229000000000000314e-02 -2.982219999999999871e+00 1.208700000000000108e+00 -2.249899999999999956e-01 1.427100000000000035e+00 -2.159759999999999902e+00
-1.294319999999999915e+00 -3.542299999999999893e-01 -2.170300000000000007e-01 -5.229000000000000314e-02 -2.982219999999999871e+00 -1.208700000000000108e+00 -2.249899999999999956e-01 -1.427100000000000035e+00 -2.159759999999999902e+00
-3.403599999999999959e+00 1.613029999999999964e+00 -3.276800000000000268e-01 1.490969999999999906e+00 -1.860519999999999952e+00 2.501200000000000090e-01 -3.801399999999999779e-01 4.296099999999999919e-01 -1.196320000000000050e+00
-3.403599999999999959e+00 -1.613029999999999964e+00 -3.276800000000000268e-01 -1.490969999999999906e+00 -1.860519999999999952e+00 -2.501200000000000090e-01 -3.801399999999999779e-01 -4.296099999999999919e-01 -1.196320000000000050e+00
-3.403599999999999959e+00 1.613029999999999964e+00 -3.276800000000000268e-01 1.490969999999999906e+00 -1.860519999999999952e+00 2.501200000000000090e-01 -3.801399999999999779e-01 4.296099999999999919e-01 -1.196320000000000050e+00
-3.403599999999999959e+00 -1.613029999999999964e+00 -3.276800000000000268e-01 -1.490969999999999906e+00 -1.860519999999999952e+00 -2.501200000000000090e-01 -3.801399999999999779e-01 -4.296099999999999919e-01 -1.196320000000000050e+00
-1.969610000000000083e+00 2.903000000000000025e-01 -7.333800000000000319e-01 3.855700000000000238e-01 -2.393390000000000128e+00 -7.637399999999999745e-01 -5.541199999999999459e-01 -7.576899999999999746e-01 -2.889229999999999965e+00
-1.969610000000000083e+00 2.903000000000000025e-01 -7.333800000000000319e-01 3.855700000000000238e-01 -2.393390000000000128e+00 -7.637399999999999745e-01 -5.541199999999999459e-01 -7.576899999999999746e-01 -2.889229999999999965e+00
-1.969610000000000083e+00 -2.903000000000000025e-01 -7.333800000000000319e-01 -3.855700000000000238e-01 -2.393390000000000128e+00 7.637399999999999745e-01 -5.541199999999999459e-01 7.576899999999999746e-01 -2.889229999999999965e+00
-1.969610000000000083e+00 -2.903000000000000025e-01 -7.333800000000000319e-01 -3.855700000000000238e-01 -2.393390000000000128e+00 7.637399999999999745e-01 -5.541199999999999459e-01 7.576899999999999746e-01 -2.889229999999999965e+00
