1.042650000000000077e+00 5.709000000000000186e-02 -2.152999999999999914e-01 5.521000000000000213e-02 1.571709999999999940e+00 -1.769399999999999862e-01 -2.143599999999999950e-01 -1.573900000000000021e-01 1.438749999999999973e+00
1.834140000000000104e+00 -2.415000000000000133e-02 3.293000000000000094e-02 -8.225000000000000366e-02 1.085749999999999993e+00 6.542000000000000592e-02 6.743000000000000382e-02 4.968999999999999806e-02 1.070519999999999916e+00
1.042650000000000077e+00 5.709000000000000186e-02 -2.152999999999999914e-01 5.521000000000000213e-02 1.571709999999999940e+00 -1.769399999999999862e-01 -2.143599999999999950e-01 -1.573900000000000021e-01 1.438749999999999973e+00
1.834140000000000104e+00 2.415000000000000133e-02 3.293000000000000094e-02 8.225000000000000366e-02 1.085749999999999993e+00 -6.542000000000000592e-02 6.743000000000000382e-02 -4.968999999999999806e-02 1.070519999999999916e+00
1.042650000000000077e+00 -5.709000000000000186e-02 -2.152999999999999914e-01 -5.521000000000000213e-02 1.571709999999999940e+00 1.769399999999999862e-01 -2.143599999999999950e-01 1.573900000000000021e-01 1.438749999999999973e+00
1.362970000000000015e+00 8.729000000000000647e-02 8.573999999999999677e-02 5.213999999999999885e-02 9.505599999999999605e-01 6.080000000000000335e-03 6.239000000000000101e-02 -3.148999999999999716e-02 1.674539999999999917e+00
1.042650000000000077e+00 -5.709000000000000186e-02 -2.152999999999999914e-01 -5.521000000000000213e-02 1.571709999999999940e+00 1.769399999999999862e-01 -2.143599999999999950e-01 1.573900000000000021e-01 1.438749999999999973e+00
1.834140000000000104e+00 -2.415000000000000133e-02 3.293000000000000094e-02 -8.225000000000000366e-02 1.085749999999999993e+00 6.542000000000000592e-02 6.743000000000000382e-02 4.968999999999999806e-02 1.070519999999999916e+00
1.362970000000000015e+00 -8.729000000000000647e-02 8.573999999999999677e-02 -5.213999999999999885e-02 9.505599999999999605e-01 -6.080000000000000335e-03 6.239000000000000101e-02 3.148999999999999716e-02 1.674539999999999917e+00
1.362970000000000015e+00 -8.729000000000000647e-02 8.573999999999999677e-02 -5.213999999999999885e-02 9.505599999999999605e-01 -6.080000000000000335e-03 6.239000000000000101e-02 3.148999999999999716e-02 1.674539999999999917e+00
1.362970000000000015e+00 8.729000000000000647e-02 8.573999999999999677e-02 5.213999999999999885e-02 9.505599999999999605e-01 6.080000000000000335e-03 6.239000000000000101e-02 -3.148999999999999716e-02 1.674539999999999917e+00
1.834140000000000104e+00 2.415000000000000133e-02 3.293000000000000094e-02 8.225000000000000366e-02 1.085749999999999993e+00 -6.542000000000000592e-02 6.743000000000000382e-02 -4.968999999999999806e-02 1.070519999999999916e+00
2.373209999999999820e+00 -3.704600000000000115e-01 -1.484399999999999886e-01 -4.020099999999999785e-01 1.944069999999999965e+00 9.369999999999999857e-03 -1.883999999999999911e-02 -3.279999999999999930e-03 2.186589999999999812e+00
2.373209999999999820e+00 -3.704600000000000115e-01 -1.484399999999999886e-01 -4.020099999999999785e-01 1.944069999999999965e+00 9.369999999999999857e-03 -1.883999999999999911e-02 -3.279999999999999930e-03 2.186589999999999812e+00
2.373209999999999820e+00 3.704600000000000115e-01 -1.484399999999999886e-01 4.020099999999999785e-01 1.944069999999999965e+00 -9.369999999999999857e-03 -1.883999999999999911e-02 3.279999999999999930e-03 2.186589999999999812e+00
2.373209999999999820e+00 3.704600000000000115e-01 -1.484399999999999886e-01 4.020099999999999785e-01 1.944069999999999965e+00 -9.369999999999999857e-03 -1.883999999999999911e-02 3.279999999999999930e-03 2.186589999999999812e+00
-2.169649999999999856e+00 -9.321999999999999731e-02 1.737999999999999962e-02 -9.941999999999999449e-02 -1.784980000000000011e+00 -4.950999999999999845e-02 -2.426999999999999991e-02 -2.426999999999999991e-02 -2.272749999999999826e+00
-2.261709999999999887e+00 9.228000000000000091e-02 -9.039999999999999425e-03 2.024900000000000033e-01 -2.012880000000000003e+00 7.613999999999999935e-02 -1.132000000000000020e-02 5.002000000000000196e-02 -1.730569999999999942e+00
-2.261709999999999887e+00 -9.228000000000000091e-02 -9.039999999999999425e-03 -2.024900000000000033e-01 -2.012880000000000003e+00 -7.613999999999999935e-02 -1.132000000000000020e-02 -5.002000000000000196e-02 -1.730569999999999942e+00
-2.181610000000000049e+00 -1.293499999999999928e-01 2.367299999999999960e-01 -1.281100000000000017e-01 -1.754240000000000022e+00 -2.679000000000000131e-02 1.389700000000000102e-01 -8.550000000000000655e-02 -2.367090000000000138e+00
-2.169649999999999856e+00 -9.321999999999999731e-02 1.737999999999999962e-02 -9.941999999999999449e-02 -1.784980000000000011e+00 -4.950999999999999845e-02 -2.426999999999999991e-02 -2.426999999999999991e-02 -2.272749999999999826e+00
-2.169649999999999856e+00 9.321999999999999731e-02 1.737999999999999962e-02 9.941999999999999449e-02 -1.784980000000000011e+00 4.950999999999999845e-02 -2.426999999999999991e-02 2.426999999999999991e-02 -2.272749999999999826e+00
-2.169649999999999856e+00 9.321999999999999731e-02 1.737999999999999962e-02 9.941999999999999449e-02 -1.784980000000000011e+00 4.950999999999999845e-02 -2.426999999999999991e-02 2.426999999999999991e-02 -2.272749999999999826e+00
-2.261709999999999887e+00 -9.228000000000000091e-02 -9.039999999999999425e-03 -2.024900000000000033e-01 -2.012880000000000003e+00 -7.613999999999999935e-02 -1.132000000000000020e-02 -5.002000000000000196e-02 -1.730569999999999942e+00
-2.181610000000000049e+00 1.293499999999999928e-01 2.367299999999999960e-01 1.281100000000000017e-01 -1.754240000000000022e+00 2.679000000000000131e-02 1.389700000000000102e-01 8.550000000000000655e-02 -2.367090000000000138e+00
-2.181610000000000049e+00 1.293499999999999928e-01 2.367299999999999960e-01 1.281100000000000017e-01 -1.754240000000000022e+00 2.679000000000000131e-02 1.389700000000000102e-01 8.550000000000000655e-02 -2.367090000000000138e+00
-2.261709999999999887e+00 9.228000000000000091e-02 -9.039999999999999425e-03 2.024900000000000033e-01 -2.012880000000000003e+00 7.613999999999999935e-02 -1.132000000000000020e-02 5.002000000000000196e-02 -1.730569999999999942e+00
-2.181610000000000049e+00 -1.293499999999999928e-01 2.367299999999999960e-01 -1.281100000000000017e-01 -1.754240000000000022e+00 -2.679000000000000131e-02 1.389700000000000102e-01 -8.550000000000000655e-02 -2.367090000000000138e+00
