-1.569602977970515900e-01
-5.194592630183225007e-02
-4.372571937100553502e-02
3.397223155221374968e-01
1.095686862681532592e+00
1.464989245356252523e+00
1.521938283333958974e+00
1.547255091992745024e+00
2.105922088245216983e+00
2.191442933168965990e+00
2.289697439369007714e+00
3.432312041269549141e+00
3.435620447659674781e+00
4.069421628691453741e+00
5.031443681974206328e+00
5.584208586100775307e+00
7.047756069929810074e+00
7.564976930121841470e+00
7.922437612228119264e+00
8.373831509844983145e+00
8.466708575796223712e+00
8.706641853458091163e+00
9.531859102345697110e+00
1.013181601170536439e+01
1.057489149539155449e+01
1.469951555215601857e+01
1.483828195986473730e+01
1.617189512416674546e+01
1.636677528489879663e+01
1.739583457430880387e+01
1.759345484140182236e+01
1.934505273443409124e+01
2.145324354456364446e+01
2.150253114290115874e+01
2.234753976411853671e+01
2.355512995990212133e+01
2.555735715195953972e+01
2.569241415266900219e+01
2.744606001805948026e+01
