1.216290000000000093e+00 3.346999999999999975e-02 -9.390999999999999348e-02 9.390999999999999348e-02 1.216290000000000093e+00 -3.346999999999999975e-02 -3.346999999999999975e-02 -9.390999999999999348e-02 1.216290000000000093e+00
1.216290000000000093e+00 -3.346999999999999975e-02 9.390999999999999348e-02 -9.390999999999999348e-02 1.216290000000000093e+00 -3.346999999999999975e-02 3.346999999999999975e-02 -9.390999999999999348e-02 1.216290000000000093e+00
1.216290000000000093e+00 -3.346999999999999975e-02 -9.390999999999999348e-02 -9.390999999999999348e-02 1.216290000000000093e+00 3.346999999999999975e-02 -3.346999999999999975e-02 9.390999999999999348e-02 1.216290000000000093e+00
1.216290000000000093e+00 3.346999999999999975e-02 9.390999999999999348e-02 9.390999999999999348e-02 1.216290000000000093e+00 3.346999999999999975e-02 3.346999999999999975e-02 9.390999999999999348e-02 1.216290000000000093e+00
1.875320000000000098e+00 -2.342100000000000015e-01 1.958699999999999886e-01 -1.958699999999999886e-01 1.875320000000000098e+00 2.342100000000000015e-01 2.342100000000000015e-01 1.958699999999999886e-01 1.875320000000000098e+00
1.875320000000000098e+00 2.342100000000000015e-01 -1.958699999999999886e-01 1.958699999999999886e-01 1.875320000000000098e+00 2.342100000000000015e-01 -2.342100000000000015e-01 1.958699999999999886e-01 1.875320000000000098e+00
1.875320000000000098e+00 2.342100000000000015e-01 1.958699999999999886e-01 1.958699999999999886e-01 1.875320000000000098e+00 -2.342100000000000015e-01 2.342100000000000015e-01 -1.958699999999999886e-01 1.875320000000000098e+00
1.875320000000000098e+00 -2.342100000000000015e-01 -1.958699999999999886e-01 -1.958699999999999886e-01 1.875320000000000098e+00 -2.342100000000000015e-01 -2.342100000000000015e-01 -1.958699999999999886e-01 1.875320000000000098e+00
1.559539999999999926e+00 -6.612400000000000500e-01 6.596999999999999531e-01 -6.596999999999999531e-01 1.559539999999999926e+00 6.612400000000000500e-01 6.612400000000000500e-01 6.596999999999999531e-01 1.559539999999999926e+00
1.559539999999999926e+00 6.612400000000000500e-01 -6.596999999999999531e-01 6.596999999999999531e-01 1.559539999999999926e+00 6.612400000000000500e-01 -6.612400000000000500e-01 6.596999999999999531e-01 1.559539999999999926e+00
1.559539999999999926e+00 6.612400000000000500e-01 6.596999999999999531e-01 6.596999999999999531e-01 1.559539999999999926e+00 -6.612400000000000500e-01 6.612400000000000500e-01 -6.596999999999999531e-01 1.559539999999999926e+00
1.559539999999999926e+00 -6.612400000000000500e-01 -6.596999999999999531e-01 -6.596999999999999531e-01 1.559539999999999926e+00 -6.612400000000000500e-01 -6.612400000000000500e-01 -6.596999999999999531e-01 1.559539999999999926e+00
-1.581530000000000102e+00 1.318000000000000005e-01 -4.486899999999999777e-01 1.918199999999999905e-01 -1.408279999999999976e+00 -2.445499999999999896e-01 -4.139100000000000001e-01 -2.134800000000000031e-01 -1.661329999999999973e+00
-1.661329999999999973e+00 4.139100000000000001e-01 -2.134800000000000031e-01 4.486899999999999777e-01 -1.581530000000000102e+00 -1.318000000000000005e-01 -2.445499999999999896e-01 -1.918199999999999905e-01 -1.408279999999999976e+00
-1.408279999999999976e+00 2.445499999999999896e-01 -1.918199999999999905e-01 2.134800000000000031e-01 -1.661329999999999973e+00 -4.139100000000000001e-01 -1.318000000000000005e-01 -4.486899999999999777e-01 -1.581530000000000102e+00
-1.581530000000000102e+00 -1.318000000000000005e-01 4.486899999999999777e-01 -1.918199999999999905e-01 -1.408279999999999976e+00 -2.445499999999999896e-01 4.139100000000000001e-01 -2.134800000000000031e-01 -1.661329999999999973e+00
-1.661329999999999973e+00 -4.139100000000000001e-01 2.134800000000000031e-01 -4.486899999999999777e-01 -1.581530000000000102e+00 -1.318000000000000005e-01 2.445499999999999896e-01 -1.918199999999999905e-01 -1.408279999999999976e+00
-1.408279999999999976e+00 -2.445499999999999896e-01 1.918199999999999905e-01 -2.134800000000000031e-01 -1.661329999999999973e+00 -4.139100000000000001e-01 1.318000000000000005e-01 -4.486899999999999777e-01 -1.581530000000000102e+00
-1.581530000000000102e+00 -1.318000000000000005e-01 -4.486899999999999777e-01 -1.918199999999999905e-01 -1.408279999999999976e+00 2.445499999999999896e-01 -4.139100000000000001e-01 2.134800000000000031e-01 -1.661329999999999973e+00
-1.661329999999999973e+00 -4.139100000000000001e-01 -2.134800000000000031e-01 -4.486899999999999777e-01 -1.581530000000000102e+00 1.318000000000000005e-01 -2.445499999999999896e-01 1.918199999999999905e-01 -1.408279999999999976e+00
-1.408279999999999976e+00 -2.445499999999999896e-01 -1.918199999999999905e-01 -2.134800000000000031e-01 -1.661329999999999973e+00 4.139100000000000001e-01 -1.318000000000000005e-01 4.486899999999999777e-01 -1.581530000000000102e+00
-1.581530000000000102e+00 1.318000000000000005e-01 4.486899999999999777e-01 1.918199999999999905e-01 -1.408279999999999976e+00 2.445499999999999896e-01 4.139100000000000001e-01 2.134800000000000031e-01 -1.661329999999999973e+00
-1.661329999999999973e+00 4.139100000000000001e-01 2.134800000000000031e-01 4.486899999999999777e-01 -1.581530000000000102e+00 1.318000000000000005e-01 2.445499999999999896e-01 1.918199999999999905e-01 -1.408279999999999976e+00
-1.408279999999999976e+00 2.445499999999999896e-01 1.918199999999999905e-01 2.134800000000000031e-01 -1.661329999999999973e+00 4.139100000000000001e-01 1.318000000000000005e-01 4.486899999999999777e-01 -1.581530000000000102e+00
