-5.585134698465203662e-02
-2.568497103366090828e-02
-2.568497103366090828e-02
1.551348532728864305e+00
1.551348532728864305e+00
2.611625057315846821e+00
2.611625057315846821e+00
3.929756786367319510e+00
5.215983186322594278e+00
5.215983186322594278e+00
5.244061813136836392e+00
6.121219355651290606e+00
6.121219355651290606e+00
6.524424043545913321e+00
6.524424043545913321e+00
7.588749712567940620e+00
7.707145457301295188e+00
7.707715420278566043e+00
7.707715420278566043e+00
8.132294872912565253e+00
8.407996836345741798e+00
8.407996836345741798e+00
1.002487037322677743e+01
1.421192270595361684e+01
1.648018649773114674e+01
1.648018649773114674e+01
1.718262509048020803e+01
1.718262509048020803e+01
1.921604563899659368e+01
2.547525307038185360e+01
