1.285539999999999905e+00 0.000000000000000000e+00 -0.000000000000000000e+00 0.000000000000000000e+00 1.285539999999999905e+00 0.000000000000000000e+00 -0.000000000000000000e+00 0.000000000000000000e+00 1.219850000000000101e+00
4.927389999999999937e+00 0.000000000000000000e+00 0.000000000000000000e+00 0.000000000000000000e+00 4.927389999999999937e+00 0.000000000000000000e+00 -0.000000000000000000e+00 0.000000000000000000e+00 4.121120000000000339e+00
3.633809999999999985e+00 0.000000000000000000e+00 0.000000000000000000e+00 0.000000000000000000e+00 3.633809999999999985e+00 -0.000000000000000000e+00 -0.000000000000000000e+00 0.000000000000000000e+00 3.046040000000000081e+00
3.633809999999999985e+00 0.000000000000000000e+00 0.000000000000000000e+00 0.000000000000000000e+00 3.633809999999999985e+00 -0.000000000000000000e+00 -0.000000000000000000e+00 0.000000000000000000e+00 3.046040000000000081e+00
-2.721239999999999881e+00 -1.133250000000000091e+00 8.857800000000000118e-01 -1.133250000000000091e+00 -1.412670000000000092e+00 5.114100000000000312e-01 7.631700000000000150e-01 4.406100000000000017e-01 -1.172630000000000061e+00
-2.721239999999999881e+00 1.133250000000000091e+00 -8.857800000000000118e-01 1.133250000000000091e+00 -1.412670000000000092e+00 5.114100000000000312e-01 -7.631700000000000150e-01 4.406100000000000017e-01 -1.172630000000000061e+00
-7.583800000000000541e-01 -0.000000000000000000e+00 -0.000000000000000000e+00 -0.000000000000000000e+00 -3.375519999999999854e+00 -1.022809999999999997e+00 -0.000000000000000000e+00 -8.812299999999999578e-01 -1.172630000000000061e+00
-2.721239999999999881e+00 1.133250000000000091e+00 -8.857800000000000118e-01 1.133250000000000091e+00 -1.412670000000000092e+00 5.114100000000000312e-01 -7.631700000000000150e-01 4.406100000000000017e-01 -1.172630000000000061e+00
-5.394200000000000106e-01 -0.000000000000000000e+00 0.000000000000000000e+00 -0.000000000000000000e+00 -5.394200000000000106e-01 -0.000000000000000000e+00 -0.000000000000000000e+00 0.000000000000000000e+00 -2.198620000000000019e+00
-5.394200000000000106e-01 -0.000000000000000000e+00 -0.000000000000000000e+00 -0.000000000000000000e+00 -5.394200000000000106e-01 -0.000000000000000000e+00 -0.000000000000000000e+00 0.000000000000000000e+00 -2.198620000000000019e+00
-7.583800000000000541e-01 -0.000000000000000000e+00 -0.000000000000000000e+00 -0.000000000000000000e+00 -3.375519999999999854e+00 -1.022809999999999997e+00 -0.000000000000000000e+00 -8.812299999999999578e-01 -1.172630000000000061e+00
-2.721239999999999881e+00 -1.133250000000000091e+00 8.857800000000000118e-01 -1.133250000000000091e+00 -1.412670000000000092e+00 5.114100000000000312e-01 7.631700000000000150e-01 4.406100000000000017e-01 -1.172630000000000061e+00
