-9.756634424841385822e-02
-8.477210738208647289e-02
-4.857810566500097432e-02
3.015383726824830024e+00
3.067037966833798368e+00
3.309465485542944840e+00
3.459102643750254558e+00
3.489385848541258550e+00
3.712631075127180047e+00
3.843788001438164681e+00
3.900692259074022505e+00
3.904121988360507167e+00
3.988157306325817331e+00
4.106166752580805657e+00
4.279833583213253689e+00
4.627488584534812155e+00
4.813116568295431996e+00
4.977402736367633196e+00
5.201101460267815391e+00
5.367234380945181016e+00
5.402320260776845018e+00
5.597201854498370821e+00
5.697265159706014437e+00
6.325078608207173936e+00
6.401248003319352620e+00
6.595636087596100872e+00
6.707681581589871378e+00
6.946703606747591131e+00
7.013715334970474835e+00
7.036571224680383985e+00
7.266017210274140048e+00
7.468021284115358149e+00
7.540225692908667732e+00
7.715378875985288154e+00
7.774030782033217513e+00
7.889808242283205431e+00
8.024677719385371333e+00
8.290696038331160977e+00
8.481843396337851004e+00
8.679889238924653583e+00
8.882775399614695644e+00
9.068101708737060562e+00
9.333268602156481464e+00
9.496294856416369612e+00
9.737120734590899218e+00
9.932869872297734659e+00
1.004612636790917612e+01
1.031813810723620861e+01
1.039627288983893472e+01
1.059878719476903086e+01
1.106607608865943071e+01
1.124276251639249047e+01
1.187900534556660581e+01
1.217479975194664199e+01
1.238470383174341372e+01
1.244613626793471894e+01
1.253661832393409092e+01
1.272726966006456628e+01
1.285968658249492513e+01
1.305175574396027471e+01
1.327940676385809127e+01
1.334517643195473191e+01
1.448617924091787579e+01
1.468002486373916149e+01
1.485885345509538347e+01
1.500183625427234091e+01
1.527949462515040047e+01
1.554722927083794026e+01
1.583513116459727854e+01
1.608255744587906122e+01
1.611297523736693549e+01
1.638517314525543966e+01
1.650178463076039392e+01
1.664276936089664005e+01
1.681902874722556618e+01
1.694366465673822120e+01
1.721277188601533581e+01
1.725162899554705831e+01
1.740183556410070054e+01
1.854481172727293981e+01
1.858527562346063178e+01
1.907367615327470034e+01
1.947936372164142327e+01
1.965061434154159059e+01
1.979601563446543722e+01
2.009418500462260582e+01
2.013473987912433927e+01
2.026450485454801154e+01
2.046833456830330533e+01
2.060755837065614315e+01
