-4.297049311459618520e-02
-4.131620298859689511e-02
-4.098013451167900612e-02
5.264601698040177746e-01
6.642023693550577201e-01
1.000863674895461131e+00
1.172935058589823276e+00
1.338141065422275622e+00
1.405895124042483735e+00
1.442238320325432754e+00
1.478459875797524026e+00
2.029705518698152300e+00
3.469132435059165243e+00
3.645917656089543879e+00
4.139257765401480604e+00
4.267865850117634530e+00
5.023357415374513302e+00
6.087991686577301387e+00
6.405615120364094750e+00
6.483378385400515143e+00
6.809991312498123506e+00
7.164721724204158093e+00
7.321079411415108318e+00
7.595039485935322077e+00
7.730382349032479894e+00
8.451165751351059185e+00
8.698953362463111461e+00
8.854875171130460743e+00
9.361351558818107321e+00
9.450678152991383030e+00
9.990073052045593371e+00
1.010619534027489586e+01
1.016126715640622002e+01
1.090348973150258161e+01
1.111379767695929743e+01
1.124737537531635567e+01
1.187309918942607823e+01
1.220513773004914704e+01
1.239690300296737391e+01
1.277017670073628786e+01
1.352324845978156276e+01
1.463445669494835499e+01
1.595590466449217004e+01
1.645585270189586069e+01
1.738267713015004290e+01
1.762369406935984983e+01
1.790306914983278475e+01
1.979515587648278441e+01
2.009850710564900211e+01
2.214379129252630207e+01
2.298861970982085623e+01
2.758934886197733150e+01
2.841085187232395981e+01
2.891621275491550946e+01
