-1.443910416196240387e+00
-3.803867150677057718e-01
-3.803867150677057718e-01
9.600505997081612564e-02
3.868811626326616460e-01
3.868811626326616460e-01
2.675679833238647998e+00
3.137233722565151872e+00
3.137233722565151872e+00
4.632983865717643646e+00
4.632983865717643646e+00
5.085595717317687559e+00
5.085595717317687559e+00
5.333995116233234413e+00
5.333995116233234413e+00
5.404919897648808202e+00
5.404919897648808202e+00
5.496966954603238698e+00
5.727565556150361559e+00
5.727565556150361559e+00
6.793548991506574986e+00
6.793548991506574986e+00
6.834037188953539399e+00
7.076237269905525373e+00
7.189472268532648869e+00
7.194919221228269102e+00
7.194919221228269102e+00
7.261388675728630560e+00
7.404039795949235447e+00
7.404039795949235447e+00
8.043117455315444531e+00
8.337532182846432605e+00
8.337532182846432605e+00
8.829070721202770144e+00
1.000321918184341285e+01
1.125348226106035199e+01
1.125348226106035199e+01
1.178042011135426392e+01
1.178042011135426392e+01
1.197356396400002509e+01
1.305276890165454518e+01
1.377480330168093481e+01
1.516188329331155238e+01
1.516188329331155238e+01
1.814379466925262463e+01
1.868221421566512319e+01
1.868221421566512319e+01
1.970735687503526989e+01
