4.646690000000000431e+00 0.000000000000000000e+00 1.660099999999999909e-01 0.000000000000000000e+00 3.850490000000000190e+00 0.000000000000000000e+00 1.878400000000000070e-01 0.000000000000000000e+00 4.042229999999999990e+00
4.646690000000000431e+00 0.000000000000000000e+00 1.660099999999999909e-01 0.000000000000000000e+00 3.850490000000000190e+00 0.000000000000000000e+00 1.878400000000000070e-01 0.000000000000000000e+00 4.042229999999999990e+00
5.586369999999999614e+00 0.000000000000000000e+00 4.246400000000000174e-01 0.000000000000000000e+00 5.610929999999999751e+00 0.000000000000000000e+00 5.167300000000000226e-01 0.000000000000000000e+00 5.399659999999999904e+00
5.586369999999999614e+00 0.000000000000000000e+00 4.246400000000000174e-01 0.000000000000000000e+00 5.610929999999999751e+00 0.000000000000000000e+00 5.167300000000000226e-01 0.000000000000000000e+00 5.399659999999999904e+00
-2.586619999999999919e+00 -1.094419999999999948e+00 -8.339299999999999491e-01 -1.169750000000000068e+00 -2.612490000000000201e+00 -3.050300000000000233e-01 -9.170599999999999863e-01 -2.897600000000000176e-01 -2.138409999999999922e+00
-2.586619999999999919e+00 1.094419999999999948e+00 -8.339299999999999491e-01 1.169750000000000068e+00 -2.612490000000000201e+00 3.050300000000000233e-01 -9.170599999999999863e-01 2.897600000000000176e-01 -2.138409999999999922e+00
-2.586619999999999919e+00 -1.094419999999999948e+00 -8.339299999999999491e-01 -1.169750000000000068e+00 -2.612490000000000201e+00 -3.050300000000000233e-01 -9.170599999999999863e-01 -2.897600000000000176e-01 -2.138409999999999922e+00
-2.586619999999999919e+00 1.094419999999999948e+00 -8.339299999999999491e-01 1.169750000000000068e+00 -2.612490000000000201e+00 3.050300000000000233e-01 -9.170599999999999863e-01 2.897600000000000176e-01 -2.138409999999999922e+00
-2.529910000000000103e+00 -7.691000000000000614e-02 5.386100000000000332e-01 1.288000000000000082e-02 -2.118230000000000057e+00 5.473400000000000487e-01 5.647799999999999487e-01 5.256499999999999506e-01 -2.582530000000000214e+00
-2.529910000000000103e+00 7.691000000000000614e-02 5.386100000000000332e-01 -1.288000000000000082e-02 -2.118230000000000057e+00 -5.473400000000000487e-01 5.647799999999999487e-01 -5.256499999999999506e-01 -2.582530000000000214e+00
-2.529910000000000103e+00 -7.691000000000000614e-02 5.386100000000000332e-01 1.288000000000000082e-02 -2.118230000000000057e+00 5.473400000000000487e-01 5.647799999999999487e-01 5.256499999999999506e-01 -2.582530000000000214e+00
-2.529910000000000103e+00 7.691000000000000614e-02 5.386100000000000332e-01 -1.288000000000000082e-02 -2.118230000000000057e+00 -5.473400000000000487e-01 5.647799999999999487e-01 -5.256499999999999506e-01 -2.582530000000000214e+00
