-7.227446886695190753e-02
-5.455411487688165140e-02
-1.465795794099573716e-02
9.203206071799109322e-01
1.070630094850691272e+00
1.302729480744179602e+00
1.360702531782755242e+00
1.375334108498731389e+00
1.453260946974080037e+00
1.556232678618464149e+00
1.607099545765600768e+00
2.013738096178348425e+00
2.042626412244784362e+00
2.119888626791511577e+00
2.135397173829730377e+00
2.740832389986662232e+00
2.745880055647004880e+00
2.907954684997687611e+00
3.071539591149689219e+00
3.514257731015185460e+00
3.521784334680361894e+00
3.649027939054454439e+00
3.894084231241024430e+00
4.416822081542338907e+00
4.465919244679643185e+00
4.861343528285159366e+00
5.083934254098886107e+00
5.240957479316159962e+00
5.360900661269521805e+00
5.462247019313571705e+00
5.622979806117037960e+00
5.777427541735162819e+00
6.269575838922438749e+00
6.664623260170075447e+00
7.077018454123177094e+00
7.186801771302725683e+00
7.216902444955175966e+00
7.238866492759760796e+00
7.283460873787954704e+00
7.847730187767671062e+00
7.941624921890984901e+00
7.967277885200188869e+00
8.121858340306115309e+00
8.225628899968683072e+00
8.370139479124587112e+00
8.390968054998182879e+00
8.467341093873566038e+00
8.708494846987049343e+00
8.733501113528296500e+00
8.751420101903461202e+00
9.025019517984434358e+00
9.466473709887964105e+00
9.542198897528807677e+00
1.018855873026209835e+01
1.054180444705743902e+01
1.081347418732758570e+01
1.148984072996662498e+01
1.241033391976219136e+01
1.328587178170856831e+01
1.359947550459207832e+01
1.384545582492681959e+01
1.417786020526369839e+01
1.460362626199396985e+01
1.656575368040947183e+01
1.713118559820072662e+01
1.732661911626154350e+01
1.876375703317435395e+01
1.883914573434793382e+01
2.039243313094344856e+01
2.059267624666594898e+01
2.093400998375609845e+01
2.138091134633881651e+01
2.180931491358680674e+01
2.217778974559908534e+01
2.242576072288295919e+01
