-6.413663001081935933e-02
-3.852600498400467199e-02
-3.422443252764706401e-02
2.049766492271555052e+00
3.021419248309780148e+00
3.022651807624543885e+00
3.598684539096236534e+00
3.982125951141847420e+00
4.083972351053698269e+00
4.311514513695189343e+00
4.859350273385601326e+00
6.029650997120632461e+00
6.127729276024946437e+00
6.415901634933804942e+00
6.587478172237983820e+00
6.956909516203549693e+00
7.108959778181993983e+00
7.228247630604441198e+00
7.400781928234692053e+00
7.678047845274171834e+00
8.308381821377762932e+00
8.897498963131637240e+00
9.774587821907919860e+00
9.833163672900223418e+00
1.155644357670655253e+01
1.175819397606075967e+01
1.251449570285621427e+01
1.285646842350937114e+01
1.372597152826379308e+01
1.572950064259432246e+01
1.825114868651503741e+01
1.948603873253302154e+01
1.949363708720940380e+01
2.057645055693915026e+01
2.394376876323267567e+01
2.497714899896456942e+01
