-1.664962290730780808e-02
-1.561163735165154928e-02
-1.561163735005414305e-02
1.724690717973718757e+00
1.724690717973734300e+00
1.927192717596509564e+00
1.927192717596527327e+00
2.836209206590549758e+00
3.073956817779210926e+00
3.106457969661745810e+00
3.106457969661747587e+00
3.257660665048794701e+00
3.513377429712239319e+00
3.695504921560840650e+00
3.695504921560847755e+00
3.719742633126265297e+00
3.778294780933543873e+00
3.891805059992206939e+00
3.891805059992211824e+00
3.892182286666128199e+00
3.927903390489055901e+00
4.257949629979267847e+00
4.276618053121526764e+00
4.276618053121532093e+00
4.296920812351852526e+00
4.533839443954568615e+00
4.533839443954568615e+00
4.790074283013761480e+00
4.852680756374739168e+00
4.927356725437412877e+00
4.937289507398196164e+00
4.937289507398201494e+00
5.074245217825879450e+00
5.312129262710330480e+00
6.196186482999785028e+00
6.196186482999788581e+00
6.234146800652013098e+00
6.442584371349408201e+00
6.480814942154592195e+00
6.552358499256396129e+00
6.552358499256408564e+00
6.645341702104942350e+00
6.698249272955331790e+00
7.260440171978975066e+00
7.260440171978978618e+00
7.339678480956001394e+00
7.358229046273314644e+00
7.358229046273321750e+00
7.761906523280983627e+00
7.824687748479645322e+00
7.824687748479647986e+00
7.834616233323440149e+00
7.834616233323443701e+00
7.975269978514887725e+00
8.142208517780080257e+00
8.142208517780087362e+00
9.810533109468055457e+00
9.834167625857933359e+00
9.835915273121431213e+00
9.963986383285195814e+00
1.029829373053501129e+01
1.030180644170737558e+01
1.033683100565775170e+01
1.066250546917741104e+01
1.083209289615431814e+01
1.109967597559523256e+01
1.109967597559523611e+01
1.199878048020734234e+01
1.475096932847113784e+01
1.475096932847113962e+01
1.615018540028802718e+01
1.615018540028803073e+01
1.627099772408282163e+01
1.627099772408283584e+01
1.633448417246994921e+01
1.695667648760912272e+01
1.774438305515682401e+01
1.814880765865199308e+01
1.814880765865199663e+01
1.876717112418984712e+01
1.999509859323862315e+01
1.999509859323862671e+01
2.218893944492750592e+01
2.218893944492752013e+01
