1.023190000000000044e+00 -3.066099999999999937e-01 0.000000000000000000e+00 3.066099999999999937e-01 1.023190000000000044e+00 -0.000000000000000000e+00 0.000000000000000000e+00 -0.000000000000000000e+00 1.100340000000000096e+00
1.023190000000000044e+00 3.066099999999999937e-01 0.000000000000000000e+00 -3.066099999999999937e-01 1.023190000000000044e+00 -0.000000000000000000e+00 0.000000000000000000e+00 -0.000000000000000000e+00 1.100340000000000096e+00
2.371550000000000047e+00 -3.865500000000000047e-01 3.290199999999999791e-01 -3.865500000000000047e-01 2.371550000000000047e+00 -3.290199999999999791e-01 1.170100000000000029e-01 -1.170100000000000029e-01 2.608569999999999833e+00
2.371550000000000047e+00 -3.865500000000000047e-01 -3.290199999999999791e-01 -3.865500000000000047e-01 2.371550000000000047e+00 3.290199999999999791e-01 -1.170100000000000029e-01 1.170100000000000029e-01 2.608569999999999833e+00
2.371550000000000047e+00 -3.865500000000000047e-01 -3.290199999999999791e-01 -3.865500000000000047e-01 2.371550000000000047e+00 3.290199999999999791e-01 -1.170100000000000029e-01 1.170100000000000029e-01 2.608569999999999833e+00
2.371550000000000047e+00 3.865500000000000047e-01 3.290199999999999791e-01 3.865500000000000047e-01 2.371550000000000047e+00 3.290199999999999791e-01 1.170100000000000029e-01 1.170100000000000029e-01 2.608569999999999833e+00
2.371550000000000047e+00 -3.865500000000000047e-01 3.290199999999999791e-01 -3.865500000000000047e-01 2.371550000000000047e+00 -3.290199999999999791e-01 1.170100000000000029e-01 -1.170100000000000029e-01 2.608569999999999833e+00
2.371550000000000047e+00 3.865500000000000047e-01 -3.290199999999999791e-01 3.865500000000000047e-01 2.371550000000000047e+00 -3.290199999999999791e-01 -1.170100000000000029e-01 -1.170100000000000029e-01 2.608569999999999833e+00
2.371550000000000047e+00 3.865500000000000047e-01 3.290199999999999791e-01 3.865500000000000047e-01 2.371550000000000047e+00 3.290199999999999791e-01 1.170100000000000029e-01 1.170100000000000029e-01 2.608569999999999833e+00
2.371550000000000047e+00 3.865500000000000047e-01 -3.290199999999999791e-01 3.865500000000000047e-01 2.371550000000000047e+00 -3.290199999999999791e-01 -1.170100000000000029e-01 -1.170100000000000029e-01 2.608569999999999833e+00
-2.171749999999999847e+00 -3.558000000000000052e-02 -0.000000000000000000e+00 -3.558000000000000052e-02 -2.171749999999999847e+00 0.000000000000000000e+00 -0.000000000000000000e+00 0.000000000000000000e+00 -2.417149999999999910e+00
-2.171749999999999847e+00 3.558000000000000052e-02 -0.000000000000000000e+00 3.558000000000000052e-02 -2.171749999999999847e+00 0.000000000000000000e+00 -0.000000000000000000e+00 0.000000000000000000e+00 -2.417149999999999910e+00
-2.171749999999999847e+00 -3.558000000000000052e-02 -0.000000000000000000e+00 -3.558000000000000052e-02 -2.171749999999999847e+00 0.000000000000000000e+00 -0.000000000000000000e+00 0.000000000000000000e+00 -2.417149999999999910e+00
-2.171749999999999847e+00 3.558000000000000052e-02 -0.000000000000000000e+00 3.558000000000000052e-02 -2.171749999999999847e+00 0.000000000000000000e+00 -0.000000000000000000e+00 0.000000000000000000e+00 -2.417149999999999910e+00
-3.228289999999999882e+00 -0.000000000000000000e+00 -0.000000000000000000e+00 -0.000000000000000000e+00 -3.228289999999999882e+00 0.000000000000000000e+00 -0.000000000000000000e+00 0.000000000000000000e+00 -2.691059999999999786e+00
-3.228289999999999882e+00 -0.000000000000000000e+00 -0.000000000000000000e+00 -0.000000000000000000e+00 -3.228289999999999882e+00 0.000000000000000000e+00 -0.000000000000000000e+00 0.000000000000000000e+00 -2.691059999999999786e+00
-2.937590000000000146e+00 -0.000000000000000000e+00 -0.000000000000000000e+00 -0.000000000000000000e+00 -2.937590000000000146e+00 0.000000000000000000e+00 -0.000000000000000000e+00 0.000000000000000000e+00 -4.009260000000000268e+00
-2.937590000000000146e+00 -0.000000000000000000e+00 -0.000000000000000000e+00 -0.000000000000000000e+00 -2.937590000000000146e+00 0.000000000000000000e+00 -0.000000000000000000e+00 0.000000000000000000e+00 -4.009260000000000268e+00
