1.248050000000000104e+00 -8.544999999999999818e-02 -1.054400000000000059e-01 -1.135400000000000020e-01 1.163089999999999957e+00 2.000000000000000164e-05 -4.898000000000000270e-02 4.052000000000000046e-02 1.232429999999999914e+00
1.248050000000000104e+00 8.544999999999999818e-02 -1.054400000000000059e-01 1.135400000000000020e-01 1.163089999999999957e+00 -2.000000000000000164e-05 -4.898000000000000270e-02 -4.052000000000000046e-02 1.232429999999999914e+00
1.248050000000000104e+00 -8.544999999999999818e-02 1.054400000000000059e-01 -1.135400000000000020e-01 1.163089999999999957e+00 -2.000000000000000164e-05 4.898000000000000270e-02 -4.052000000000000046e-02 1.232429999999999914e+00
1.248050000000000104e+00 8.544999999999999818e-02 1.054400000000000059e-01 1.135400000000000020e-01 1.163089999999999957e+00 2.000000000000000164e-05 4.898000000000000270e-02 4.052000000000000046e-02 1.232429999999999914e+00
1.916660000000000030e+00 -0.000000000000000000e+00 5.155999999999999472e-01 -0.000000000000000000e+00 2.376790000000000180e+00 -0.000000000000000000e+00 -6.069000000000000089e-02 0.000000000000000000e+00 1.760469999999999979e+00
1.916660000000000030e+00 -0.000000000000000000e+00 -5.155999999999999472e-01 -0.000000000000000000e+00 2.376790000000000180e+00 0.000000000000000000e+00 6.069000000000000089e-02 -0.000000000000000000e+00 1.760469999999999979e+00
2.725359999999999783e+00 1.046399999999999969e-01 -5.317199999999999704e-01 1.991400000000000114e-01 2.851249999999999840e+00 -2.245399999999999896e-01 1.009400000000000019e-01 1.434199999999999919e-01 3.446029999999999927e+00
2.725359999999999783e+00 -1.046399999999999969e-01 -5.317199999999999704e-01 -1.991400000000000114e-01 2.851249999999999840e+00 2.245399999999999896e-01 1.009400000000000019e-01 -1.434199999999999919e-01 3.446029999999999927e+00
2.725359999999999783e+00 1.046399999999999969e-01 5.317199999999999704e-01 1.991400000000000114e-01 2.851249999999999840e+00 2.245399999999999896e-01 -1.009400000000000019e-01 -1.434199999999999919e-01 3.446029999999999927e+00
2.725359999999999783e+00 -1.046399999999999969e-01 5.317199999999999704e-01 -1.991400000000000114e-01 2.851249999999999840e+00 -2.245399999999999896e-01 -1.009400000000000019e-01 1.434199999999999919e-01 3.446029999999999927e+00
-1.429729999999999945e+00 -1.735500000000000098e-01 1.394799999999999929e-01 -1.710000000000000131e-01 -2.121199999999999974e+00 3.619100000000000095e-01 1.593900000000000039e-01 3.285799999999999832e-01 -1.446620000000000017e+00
-1.895259999999999945e+00 5.802100000000000035e-01 1.627300000000000135e-01 5.832100000000000062e-01 -1.817739999999999911e+00 -1.930699999999999916e-01 1.666600000000000026e-01 -2.155299999999999994e-01 -1.602859999999999951e+00
-1.895259999999999945e+00 -5.802100000000000035e-01 -1.627300000000000135e-01 -5.832100000000000062e-01 -1.817739999999999911e+00 -1.930699999999999916e-01 -1.666600000000000026e-01 -2.155299999999999994e-01 -1.602859999999999951e+00
-1.429729999999999945e+00 -1.735500000000000098e-01 -1.394799999999999929e-01 -1.710000000000000131e-01 -2.121199999999999974e+00 -3.619100000000000095e-01 -1.593900000000000039e-01 -3.285799999999999832e-01 -1.446620000000000017e+00
-1.459649999999999892e+00 0.000000000000000000e+00 0.000000000000000000e+00 0.000000000000000000e+00 -1.150439999999999907e+00 1.884699999999999986e-01 0.000000000000000000e+00 1.347800000000000109e-01 -2.893979999999999997e+00
-1.895259999999999945e+00 5.802100000000000035e-01 -1.627300000000000135e-01 5.832100000000000062e-01 -1.817739999999999911e+00 1.930699999999999916e-01 -1.666600000000000026e-01 2.155299999999999994e-01 -1.602859999999999951e+00
-1.753849999999999909e+00 0.000000000000000000e+00 9.683500000000000441e-01 0.000000000000000000e+00 -1.377129999999999965e+00 -0.000000000000000000e+00 9.441899999999999737e-01 -0.000000000000000000e+00 -2.124449999999999950e+00
-1.895259999999999945e+00 -5.802100000000000035e-01 1.627300000000000135e-01 -5.832100000000000062e-01 -1.817739999999999911e+00 1.930699999999999916e-01 1.666600000000000026e-01 2.155299999999999994e-01 -1.602859999999999951e+00
-1.459649999999999892e+00 0.000000000000000000e+00 -0.000000000000000000e+00 0.000000000000000000e+00 -1.150439999999999907e+00 -1.884699999999999986e-01 -0.000000000000000000e+00 -1.347800000000000109e-01 -2.893979999999999997e+00
-1.753849999999999909e+00 0.000000000000000000e+00 -9.683500000000000441e-01 0.000000000000000000e+00 -1.377129999999999965e+00 0.000000000000000000e+00 -9.441899999999999737e-01 0.000000000000000000e+00 -2.124449999999999950e+00
-1.429729999999999945e+00 1.735500000000000098e-01 1.394799999999999929e-01 1.710000000000000131e-01 -2.121199999999999974e+00 -3.619100000000000095e-01 1.593900000000000039e-01 -3.285799999999999832e-01 -1.446620000000000017e+00
-1.429729999999999945e+00 1.735500000000000098e-01 -1.394799999999999929e-01 1.710000000000000131e-01 -2.121199999999999974e+00 3.619100000000000095e-01 -1.593900000000000039e-01 3.285799999999999832e-01 -1.446620000000000017e+00
