1.084130000000000038e+00 -2.711999999999999827e-02 2.614999999999999963e-02 -3.320000000000000034e-02 1.259800000000000031e+00 4.720000000000000237e-03 2.242999999999999855e-02 -6.420000000000000359e-03 1.137869999999999937e+00
1.084130000000000038e+00 2.711999999999999827e-02 2.614999999999999963e-02 3.320000000000000034e-02 1.259800000000000031e+00 -4.720000000000000237e-03 2.242999999999999855e-02 6.420000000000000359e-03 1.137869999999999937e+00
1.084130000000000038e+00 -2.711999999999999827e-02 2.614999999999999963e-02 -3.320000000000000034e-02 1.259800000000000031e+00 4.720000000000000237e-03 2.242999999999999855e-02 -6.420000000000000359e-03 1.137869999999999937e+00
1.229910000000000059e+00 -9.189999999999999558e-02 6.790000000000000029e-03 -9.095000000000000306e-02 1.142239999999999922e+00 -5.983000000000000124e-02 3.327000000000000096e-02 -5.464000000000000107e-02 1.095210000000000017e+00
1.229910000000000059e+00 9.189999999999999558e-02 6.790000000000000029e-03 9.095000000000000306e-02 1.142239999999999922e+00 5.983000000000000124e-02 3.327000000000000096e-02 5.464000000000000107e-02 1.095210000000000017e+00
1.229910000000000059e+00 -9.189999999999999558e-02 6.790000000000000029e-03 -9.095000000000000306e-02 1.142239999999999922e+00 -5.983000000000000124e-02 3.327000000000000096e-02 -5.464000000000000107e-02 1.095210000000000017e+00
1.229910000000000059e+00 9.189999999999999558e-02 6.790000000000000029e-03 9.095000000000000306e-02 1.142239999999999922e+00 5.983000000000000124e-02 3.327000000000000096e-02 5.464000000000000107e-02 1.095210000000000017e+00
1.163620000000000099e+00 8.068000000000000171e-02 -5.822999999999999704e-02 9.815999999999999726e-02 1.090009999999999923e+00 -7.620999999999999996e-02 -8.634999999999999620e-02 -8.007999999999999841e-02 1.152460000000000040e+00
1.163620000000000099e+00 -8.068000000000000171e-02 -5.822999999999999704e-02 -9.815999999999999726e-02 1.090009999999999923e+00 7.620999999999999996e-02 -8.634999999999999620e-02 8.007999999999999841e-02 1.152460000000000040e+00
1.163620000000000099e+00 8.068000000000000171e-02 -5.822999999999999704e-02 9.815999999999999726e-02 1.090009999999999923e+00 -7.620999999999999996e-02 -8.634999999999999620e-02 -8.007999999999999841e-02 1.152460000000000040e+00
1.163620000000000099e+00 -8.068000000000000171e-02 -5.822999999999999704e-02 -9.815999999999999726e-02 1.090009999999999923e+00 7.620999999999999996e-02 -8.634999999999999620e-02 8.007999999999999841e-02 1.152460000000000040e+00
1.084130000000000038e+00 2.711999999999999827e-02 2.614999999999999963e-02 3.320000000000000034e-02 1.259800000000000031e+00 -4.720000000000000237e-03 2.242999999999999855e-02 6.420000000000000359e-03 1.137869999999999937e+00
2.583540000000000170e+00 7.137000000000000288e-02 5.600999999999999729e-02 5.641999999999999793e-02 2.694960000000000022e+00 1.493800000000000128e-01 5.274999999999999828e-02 1.583900000000000030e-01 2.740040000000000031e+00
2.583540000000000170e+00 -7.137000000000000288e-02 5.600999999999999729e-02 -5.641999999999999793e-02 2.694960000000000022e+00 -1.493800000000000128e-01 5.274999999999999828e-02 -1.583900000000000030e-01 2.740040000000000031e+00
2.583540000000000170e+00 7.137000000000000288e-02 5.600999999999999729e-02 5.641999999999999793e-02 2.694960000000000022e+00 1.493800000000000128e-01 5.274999999999999828e-02 1.583900000000000030e-01 2.740040000000000031e+00
2.583540000000000170e+00 -7.137000000000000288e-02 5.600999999999999729e-02 -5.641999999999999793e-02 2.694960000000000022e+00 -1.493800000000000128e-01 5.274999999999999828e-02 -1.583900000000000030e-01 2.740040000000000031e+00
-1.180940000000000101e+00 -3.318300000000000138e-01 -3.474800000000000111e-01 -3.282700000000000062e-01 -2.375010000000000066e+00 -1.073970000000000091e+00 -3.784899999999999931e-01 -1.045940000000000092e+00 -2.134079999999999977e+00
-1.503830000000000000e+00 6.208999999999999936e-02 2.318699999999999928e-01 3.550999999999999990e-02 -1.542729999999999935e+00 -1.863499999999999879e-01 3.073600000000000221e-01 -2.411300000000000110e-01 -2.118749999999999911e+00
-1.503830000000000000e+00 -6.208999999999999936e-02 2.318699999999999928e-01 -3.550999999999999990e-02 -1.542729999999999935e+00 1.863499999999999879e-01 3.073600000000000221e-01 2.411300000000000110e-01 -2.118749999999999911e+00
-1.503830000000000000e+00 6.208999999999999936e-02 2.318699999999999928e-01 3.550999999999999990e-02 -1.542729999999999935e+00 -1.863499999999999879e-01 3.073600000000000221e-01 -2.411300000000000110e-01 -2.118749999999999911e+00
-1.180940000000000101e+00 3.318300000000000138e-01 -3.474800000000000111e-01 3.282700000000000062e-01 -2.375010000000000066e+00 1.073970000000000091e+00 -3.784899999999999931e-01 1.045940000000000092e+00 -2.134079999999999977e+00
-2.269219999999999793e+00 -1.195900000000000019e-01 4.721000000000000196e-02 -1.595399999999999874e-01 -1.481649999999999912e+00 -2.564999999999999919e-02 -2.912999999999999964e-02 -2.084000000000000088e-02 -1.419589999999999907e+00
-2.269219999999999793e+00 1.195900000000000019e-01 4.721000000000000196e-02 1.595399999999999874e-01 -1.481649999999999912e+00 2.564999999999999919e-02 -2.912999999999999964e-02 2.084000000000000088e-02 -1.419589999999999907e+00
-2.269219999999999793e+00 -1.195900000000000019e-01 4.721000000000000196e-02 -1.595399999999999874e-01 -1.481649999999999912e+00 -2.564999999999999919e-02 -2.912999999999999964e-02 -2.084000000000000088e-02 -1.419589999999999907e+00
-2.269219999999999793e+00 1.195900000000000019e-01 4.721000000000000196e-02 1.595399999999999874e-01 -1.481649999999999912e+00 2.564999999999999919e-02 -2.912999999999999964e-02 2.084000000000000088e-02 -1.419589999999999907e+00
-1.697680000000000078e+00 2.726399999999999935e-01 -1.360699999999999965e-01 3.480400000000000160e-01 -1.975139999999999896e+00 2.831299999999999928e-01 -1.110899999999999943e-01 1.812600000000000044e-01 -1.520189999999999930e+00
-1.697680000000000078e+00 -2.726399999999999935e-01 -1.360699999999999965e-01 -3.480400000000000160e-01 -1.975139999999999896e+00 -2.831299999999999928e-01 -1.110899999999999943e-01 -1.812600000000000044e-01 -1.520189999999999930e+00
-1.697680000000000078e+00 2.726399999999999935e-01 -1.360699999999999965e-01 3.480400000000000160e-01 -1.975139999999999896e+00 2.831299999999999928e-01 -1.110899999999999943e-01 1.812600000000000044e-01 -1.520189999999999930e+00
-1.697680000000000078e+00 -2.726399999999999935e-01 -1.360699999999999965e-01 -3.480400000000000160e-01 -1.975139999999999896e+00 -2.831299999999999928e-01 -1.110899999999999943e-01 -1.812600000000000044e-01 -1.520189999999999930e+00
-1.503830000000000000e+00 -6.208999999999999936e-02 2.318699999999999928e-01 -3.550999999999999990e-02 -1.542729999999999935e+00 1.863499999999999879e-01 3.073600000000000221e-01 2.411300000000000110e-01 -2.118749999999999911e+00
