-6.773889657377152318e-02
-6.773889657376187812e-02
-6.773889657328678593e-02
2.178631799366920863e+00
2.178631799366942179e+00
2.178631799366971489e+00
3.028911584894414144e+00
3.028911584894425690e+00
3.110137330320461135e+00
3.110137330320468685e+00
3.110137330320469573e+00
4.371943684775300376e+00
4.371943684775303929e+00
4.371943684775312811e+00
4.518027475673474846e+00
4.518027475673481064e+00
4.518027475673490834e+00
5.639240418412851064e+00
5.639240418412857281e+00
5.957217720380900694e+00
5.957217720380902470e+00
5.957217720380908688e+00
6.868800583493683831e+00
6.868800583493691825e+00
6.868800583493703371e+00
7.353732253044289457e+00
7.768489115934928080e+00
7.768489115934932521e+00
7.768489115934939626e+00
8.271384612126077229e+00
8.574051759526529537e+00
8.574051759526533090e+00
8.574051759526534866e+00
9.046663712359082510e+00
9.046663712359086063e+00
9.046663712359089615e+00
9.617399731172643129e+00
9.617399731172643129e+00
1.018605706047565818e+01
1.018605706047565818e+01
1.018605706047566350e+01
1.108769540508668250e+01
1.108769540508668605e+01
1.114828378439773182e+01
1.114828378439773537e+01
1.114828378439774959e+01
1.134592740503713770e+01
1.134592740503714481e+01
1.134592740503715369e+01
1.305203189059375823e+01
1.401471786629621441e+01
1.482288652299827092e+01
1.482288652299828691e+01
1.482288652299829046e+01
1.509195616427004083e+01
1.509195616427004261e+01
1.509195616427004794e+01
1.671188498899691055e+01
1.671188498899691055e+01
1.671188498899691766e+01
1.882657375446522963e+01
1.882657375446522963e+01
1.882657375446523673e+01
2.020514963312617951e+01
2.020514963312618661e+01
2.020514963312619017e+01
