2.401549999999999851e+00 3.180700000000000194e-01 1.511899999999999911e-01 3.180700000000000194e-01 2.401549999999999851e+00 1.511899999999999911e-01 -1.643999999999999975e-02 -1.643999999999999975e-02 2.679940000000000211e+00
2.401549999999999851e+00 -3.180700000000000194e-01 1.511899999999999911e-01 -3.180700000000000194e-01 2.401549999999999851e+00 -1.511899999999999911e-01 -1.643999999999999975e-02 1.643999999999999975e-02 2.679940000000000211e+00
2.401549999999999851e+00 -3.180700000000000194e-01 -1.511899999999999911e-01 -3.180700000000000194e-01 2.401549999999999851e+00 1.511899999999999911e-01 1.643999999999999975e-02 -1.643999999999999975e-02 2.679940000000000211e+00
2.401549999999999851e+00 3.180700000000000194e-01 -1.511899999999999911e-01 3.180700000000000194e-01 2.401549999999999851e+00 -1.511899999999999911e-01 1.643999999999999975e-02 1.643999999999999975e-02 2.679940000000000211e+00
2.268200000000000216e+00 5.643999999999999712e-02 0.000000000000000000e+00 -5.643999999999999712e-02 2.268200000000000216e+00 -0.000000000000000000e+00 0.000000000000000000e+00 0.000000000000000000e+00 1.407690000000000108e+00
2.268200000000000216e+00 -5.643999999999999712e-02 0.000000000000000000e+00 5.643999999999999712e-02 2.268200000000000216e+00 0.000000000000000000e+00 0.000000000000000000e+00 0.000000000000000000e+00 1.407690000000000108e+00
2.983830000000000204e+00 4.812999999999999917e-02 -3.547000000000000153e-02 4.812999999999999917e-02 2.983830000000000204e+00 -3.547000000000000153e-02 2.927000000000000088e-02 2.927000000000000088e-02 2.879199999999999982e+00
2.983830000000000204e+00 4.812999999999999917e-02 3.547000000000000153e-02 4.812999999999999917e-02 2.983830000000000204e+00 3.547000000000000153e-02 -2.927000000000000088e-02 -2.927000000000000088e-02 2.879199999999999982e+00
2.983830000000000204e+00 -4.812999999999999917e-02 -3.547000000000000153e-02 -4.812999999999999917e-02 2.983830000000000204e+00 3.547000000000000153e-02 2.927000000000000088e-02 -2.927000000000000088e-02 2.879199999999999982e+00
2.983830000000000204e+00 -4.812999999999999917e-02 3.547000000000000153e-02 -4.812999999999999917e-02 2.983830000000000204e+00 -3.547000000000000153e-02 -2.927000000000000088e-02 2.927000000000000088e-02 2.879199999999999982e+00
-2.188670000000000115e+00 2.829599999999999893e-01 -9.603000000000000425e-02 1.980500000000000038e-01 -1.689340000000000064e+00 -1.096799999999999997e-01 1.557000000000000051e-02 -1.138399999999999967e-01 -1.597299999999999942e+00
-2.188670000000000115e+00 2.829599999999999893e-01 9.603000000000000425e-02 1.980500000000000038e-01 -1.689340000000000064e+00 1.096799999999999997e-01 -1.557000000000000051e-02 1.138399999999999967e-01 -1.597299999999999942e+00
-1.689340000000000064e+00 -1.980500000000000038e-01 1.096799999999999997e-01 -2.829599999999999893e-01 -2.188670000000000115e+00 -9.603000000000000425e-02 1.138399999999999967e-01 1.557000000000000051e-02 -1.597299999999999942e+00
-1.689340000000000064e+00 -1.980500000000000038e-01 -1.096799999999999997e-01 -2.829599999999999893e-01 -2.188670000000000115e+00 9.603000000000000425e-02 -1.138399999999999967e-01 -1.557000000000000051e-02 -1.597299999999999942e+00
-1.689340000000000064e+00 1.980500000000000038e-01 -1.096799999999999997e-01 2.829599999999999893e-01 -2.188670000000000115e+00 -9.603000000000000425e-02 -1.138399999999999967e-01 1.557000000000000051e-02 -1.597299999999999942e+00
-2.188670000000000115e+00 -2.829599999999999893e-01 -9.603000000000000425e-02 -1.980500000000000038e-01 -1.689340000000000064e+00 1.096799999999999997e-01 1.557000000000000051e-02 1.138399999999999967e-01 -1.597299999999999942e+00
-2.188670000000000115e+00 -2.829599999999999893e-01 9.603000000000000425e-02 -1.980500000000000038e-01 -1.689340000000000064e+00 -1.096799999999999997e-01 -1.557000000000000051e-02 -1.138399999999999967e-01 -1.597299999999999942e+00
-1.689340000000000064e+00 1.980500000000000038e-01 1.096799999999999997e-01 2.829599999999999893e-01 -2.188670000000000115e+00 9.603000000000000425e-02 1.138399999999999967e-01 -1.557000000000000051e-02 -1.597299999999999942e+00
-1.549549999999999983e+00 -9.957000000000000572e-02 1.342999999999999923e-02 -9.957000000000000572e-02 -1.549549999999999983e+00 1.342999999999999923e-02 -2.368999999999999925e-02 -2.368999999999999925e-02 -2.224460000000000104e+00
-1.549549999999999983e+00 9.957000000000000572e-02 1.342999999999999923e-02 9.957000000000000572e-02 -1.549549999999999983e+00 -1.342999999999999923e-02 -2.368999999999999925e-02 2.368999999999999925e-02 -2.224460000000000104e+00
-2.183850000000000069e+00 8.057999999999999607e-01 0.000000000000000000e+00 8.057999999999999607e-01 -2.183850000000000069e+00 0.000000000000000000e+00 0.000000000000000000e+00 0.000000000000000000e+00 -1.687869999999999981e+00
-2.183850000000000069e+00 -8.057999999999999607e-01 0.000000000000000000e+00 -8.057999999999999607e-01 -2.183850000000000069e+00 0.000000000000000000e+00 -0.000000000000000000e+00 0.000000000000000000e+00 -1.687869999999999981e+00
-1.549549999999999983e+00 -9.957000000000000572e-02 -1.342999999999999923e-02 -9.957000000000000572e-02 -1.549549999999999983e+00 -1.342999999999999923e-02 2.368999999999999925e-02 2.368999999999999925e-02 -2.224460000000000104e+00
-1.549549999999999983e+00 9.957000000000000572e-02 -1.342999999999999923e-02 9.957000000000000572e-02 -1.549549999999999983e+00 1.342999999999999923e-02 2.368999999999999925e-02 -2.368999999999999925e-02 -2.224460000000000104e+00
