-5.648202670855228397e-02
-4.804218003694377820e-02
-4.804209398079291315e-02
2.334641222990607723e+00
2.357386337551985900e+00
2.357386341466201074e+00
2.566329393688394411e+00
2.685237699097728470e+00
2.762731733680077628e+00
2.762731733942896284e+00
2.862206219425338372e+00
2.936655161847669948e+00
2.936655162051359902e+00
3.308347056249504536e+00
3.308347056390215091e+00
3.471833741773858950e+00
3.531663303327936543e+00
3.531663304085717492e+00
3.809236851753573738e+00
3.809236852752678981e+00
4.008135534567822233e+00
4.188534329983670368e+00
4.200324043690057074e+00
4.413485769772286460e+00
4.413485769945277859e+00
4.766827663963598916e+00
4.766827664231402473e+00
4.956816597134475089e+00
4.956816597180020878e+00
5.189841931770874162e+00
5.189841932248082657e+00
5.304760834544593351e+00
5.428451810011367229e+00
5.428451812294659007e+00
5.491407652976363352e+00
6.869033560778206926e+00
6.920516405558256423e+00
6.920516406376497898e+00
7.120190430592132635e+00
7.132203579646741787e+00
7.598852510493841805e+00
7.598852510819705586e+00
7.688673420141816983e+00
7.688673420880277831e+00
8.884378678467825807e+00
8.949961237717031892e+00
8.985636641764639165e+00
8.985636642890513670e+00
9.410342889104894581e+00
9.410342889740610062e+00
9.617966535285495056e+00
9.617966535297483688e+00
1.028267613075526832e+01
1.028327486104564770e+01
1.362443575654170225e+01
1.362443575674303808e+01
1.372266749484553472e+01
1.372266749514466788e+01
1.379660795150827468e+01
1.451160742482813681e+01
1.451160742522947267e+01
1.463500936272927788e+01
1.486926899130587465e+01
1.486926899141260172e+01
1.640063964190710522e+01
1.647719229828319243e+01
