4.545359999999999623e+00 -0.000000000000000000e+00 9.220199999999999507e-01 -0.000000000000000000e+00 6.807620000000000005e+00 -0.000000000000000000e+00 4.815099999999999936e-01 0.000000000000000000e+00 5.139029999999999987e+00
4.545359999999999623e+00 -0.000000000000000000e+00 9.220199999999999507e-01 -0.000000000000000000e+00 6.807620000000000005e+00 -0.000000000000000000e+00 4.815099999999999936e-01 0.000000000000000000e+00 5.139029999999999987e+00
3.792899999999999938e+00 -0.000000000000000000e+00 -4.502900000000000236e-01 -0.000000000000000000e+00 2.874919999999999920e+00 0.000000000000000000e+00 9.141000000000000514e-02 0.000000000000000000e+00 3.832050000000000178e+00
3.792899999999999938e+00 -0.000000000000000000e+00 -4.502900000000000236e-01 -0.000000000000000000e+00 2.874919999999999920e+00 0.000000000000000000e+00 9.141000000000000514e-02 0.000000000000000000e+00 3.832050000000000178e+00
-1.524510000000000032e+00 0.000000000000000000e+00 8.241999999999999327e-02 0.000000000000000000e+00 -5.285339999999999705e+00 -0.000000000000000000e+00 -6.647000000000000131e-02 -0.000000000000000000e+00 -9.922600000000000309e-01
-1.524510000000000032e+00 0.000000000000000000e+00 8.241999999999999327e-02 0.000000000000000000e+00 -5.285339999999999705e+00 -0.000000000000000000e+00 -6.647000000000000131e-02 -0.000000000000000000e+00 -9.922600000000000309e-01
-2.505399999999999849e+00 0.000000000000000000e+00 4.757500000000000062e-01 0.000000000000000000e+00 -2.319609999999999950e+00 -0.000000000000000000e+00 1.518899999999999972e-01 -0.000000000000000000e+00 -1.930690000000000017e+00
-2.505399999999999849e+00 0.000000000000000000e+00 4.757500000000000062e-01 0.000000000000000000e+00 -2.319609999999999950e+00 -0.000000000000000000e+00 1.518899999999999972e-01 -0.000000000000000000e+00 -1.930690000000000017e+00
-9.559199999999999919e-01 0.000000000000000000e+00 -1.855100000000000082e-01 0.000000000000000000e+00 -1.056810000000000027e+00 -0.000000000000000000e+00 6.680000000000000174e-03 -0.000000000000000000e+00 -3.845429999999999904e+00
-9.559199999999999919e-01 0.000000000000000000e+00 -1.855100000000000082e-01 0.000000000000000000e+00 -1.056810000000000027e+00 -0.000000000000000000e+00 6.680000000000000174e-03 -0.000000000000000000e+00 -3.845429999999999904e+00
-3.352440000000000087e+00 0.000000000000000000e+00 -8.443899999999999739e-01 0.000000000000000000e+00 -1.020790000000000086e+00 0.000000000000000000e+00 -6.650300000000000100e-01 0.000000000000000000e+00 -2.202719999999999789e+00
-3.352440000000000087e+00 0.000000000000000000e+00 -8.443899999999999739e-01 0.000000000000000000e+00 -1.020790000000000086e+00 0.000000000000000000e+00 -6.650300000000000100e-01 0.000000000000000000e+00 -2.202719999999999789e+00
