-9.611451518891410417e-02
-8.450944550758808516e-02
-1.008396990277142698e-02
1.851477593707253178e+00
2.012730600453026319e+00
3.742570894452101005e+00
3.769859228141019258e+00
4.483816477065046158e+00
5.586368981726860916e+00
6.621062082475892119e+00
6.643119974831103391e+00
6.677164338250182851e+00
6.686288791250345476e+00
7.652549085108830695e+00
9.115226108001929006e+00
9.257201445361335601e+00
9.779295603467563325e+00
9.971825504891269176e+00
1.025522749625770125e+01
1.195609593471045962e+01
1.388673359721428646e+01
1.416579528300476376e+01
1.419230375943243416e+01
1.442136567735524899e+01
1.466916940388923329e+01
1.482201801375237871e+01
1.650582869776613393e+01
1.650957749307958622e+01
1.658906073290468086e+01
1.768767743373900458e+01
1.858139924763471740e+01
1.871364117428780816e+01
1.927702235823779731e+01
2.085014330886001233e+01
2.368932132839605131e+01
2.855786902063947608e+01
