2.585869999999999891e+00 -0.000000000000000000e+00 0.000000000000000000e+00 -0.000000000000000000e+00 2.585869999999999891e+00 -0.000000000000000000e+00 0.000000000000000000e+00 -0.000000000000000000e+00 3.206749999999999989e+00
2.829039999999999999e+00 -3.070599999999999996e-01 0.000000000000000000e+00 3.070599999999999996e-01 2.829039999999999999e+00 -0.000000000000000000e+00 0.000000000000000000e+00 -0.000000000000000000e+00 2.045469999999999899e+00
2.829039999999999999e+00 3.070599999999999996e-01 0.000000000000000000e+00 -3.070599999999999996e-01 2.829039999999999999e+00 -0.000000000000000000e+00 0.000000000000000000e+00 -0.000000000000000000e+00 2.045469999999999899e+00
2.852059999999999818e+00 -1.602999999999999911e-02 0.000000000000000000e+00 1.602999999999999911e-02 2.852059999999999818e+00 -0.000000000000000000e+00 0.000000000000000000e+00 -0.000000000000000000e+00 2.117100000000000204e+00
2.852059999999999818e+00 1.602999999999999911e-02 0.000000000000000000e+00 -1.602999999999999911e-02 2.852059999999999818e+00 -0.000000000000000000e+00 0.000000000000000000e+00 -0.000000000000000000e+00 2.117100000000000204e+00
-2.503249999999999975e+00 5.141900000000000359e-01 -7.267099999999999671e-01 3.745899999999999785e-01 -1.537830000000000030e+00 -7.202999999999999681e-02 -3.907599999999999962e-01 -2.050200000000000078e-01 -1.554740000000000011e+00
-1.394330000000000069e+00 2.656499999999999972e-01 4.257400000000000073e-01 1.260400000000000131e-01 -2.646749999999999936e+00 -5.933300000000000241e-01 3.729299999999999837e-01 -2.358999999999999986e-01 -1.554740000000000011e+00
-2.164039999999999964e+00 -5.704299999999999926e-01 3.009700000000000153e-01 -7.100400000000000045e-01 -1.877040000000000042e+00 6.653700000000000170e-01 1.782999999999999863e-02 4.409199999999999786e-01 -1.554740000000000011e+00
-1.394330000000000069e+00 -2.656499999999999972e-01 -4.257400000000000073e-01 -1.260400000000000131e-01 -2.646749999999999936e+00 -5.933300000000000241e-01 -3.729299999999999837e-01 -2.358999999999999986e-01 -1.554740000000000011e+00
-2.503249999999999975e+00 -5.141900000000000359e-01 7.267099999999999671e-01 -3.745899999999999785e-01 -1.537830000000000030e+00 -7.202999999999999681e-02 3.907599999999999962e-01 -2.050200000000000078e-01 -1.554740000000000011e+00
-1.824829999999999952e+00 0.000000000000000000e+00 -0.000000000000000000e+00 0.000000000000000000e+00 -1.824829999999999952e+00 0.000000000000000000e+00 -0.000000000000000000e+00 0.000000000000000000e+00 -2.203440000000000065e+00
-2.164039999999999964e+00 5.704299999999999926e-01 -3.009700000000000153e-01 7.100400000000000045e-01 -1.877040000000000042e+00 6.653700000000000170e-01 -1.782999999999999863e-02 4.409199999999999786e-01 -1.554740000000000011e+00
