1.032089999999999952e+00 0.000000000000000000e+00 -0.000000000000000000e+00 0.000000000000000000e+00 1.381059999999999954e+00 0.000000000000000000e+00 -0.000000000000000000e+00 0.000000000000000000e+00 1.360479999999999912e+00
1.381059999999999954e+00 0.000000000000000000e+00 -0.000000000000000000e+00 0.000000000000000000e+00 1.032089999999999952e+00 0.000000000000000000e+00 -0.000000000000000000e+00 0.000000000000000000e+00 1.360479999999999912e+00
1.032089999999999952e+00 0.000000000000000000e+00 -0.000000000000000000e+00 0.000000000000000000e+00 1.381059999999999954e+00 0.000000000000000000e+00 -0.000000000000000000e+00 0.000000000000000000e+00 1.360479999999999912e+00
1.381059999999999954e+00 0.000000000000000000e+00 -0.000000000000000000e+00 0.000000000000000000e+00 1.032089999999999952e+00 0.000000000000000000e+00 -0.000000000000000000e+00 0.000000000000000000e+00 1.360479999999999912e+00
5.411200000000000454e-01 8.044000000000000039e-01 0.000000000000000000e+00 8.044000000000000039e-01 5.411200000000000454e-01 -0.000000000000000000e+00 0.000000000000000000e+00 -0.000000000000000000e+00 -3.941200000000000259e-01
5.411200000000000454e-01 8.044000000000000039e-01 0.000000000000000000e+00 8.044000000000000039e-01 5.411200000000000454e-01 -0.000000000000000000e+00 0.000000000000000000e+00 -0.000000000000000000e+00 -3.941200000000000259e-01
5.411200000000000454e-01 -8.044000000000000039e-01 0.000000000000000000e+00 -8.044000000000000039e-01 5.411200000000000454e-01 -0.000000000000000000e+00 0.000000000000000000e+00 -0.000000000000000000e+00 -3.941200000000000259e-01
5.411200000000000454e-01 -8.044000000000000039e-01 0.000000000000000000e+00 -8.044000000000000039e-01 5.411200000000000454e-01 -0.000000000000000000e+00 0.000000000000000000e+00 -0.000000000000000000e+00 -3.941200000000000259e-01
-1.608000000000000096e+00 -0.000000000000000000e+00 0.000000000000000000e+00 -0.000000000000000000e+00 -1.887389999999999901e+00 -0.000000000000000000e+00 0.000000000000000000e+00 -0.000000000000000000e+00 -9.663599999999999968e-01
-1.887389999999999901e+00 -0.000000000000000000e+00 0.000000000000000000e+00 -0.000000000000000000e+00 -1.608000000000000096e+00 -0.000000000000000000e+00 0.000000000000000000e+00 -0.000000000000000000e+00 -9.663599999999999968e-01
-1.887389999999999901e+00 -0.000000000000000000e+00 0.000000000000000000e+00 -0.000000000000000000e+00 -1.608000000000000096e+00 -0.000000000000000000e+00 0.000000000000000000e+00 -0.000000000000000000e+00 -9.663599999999999968e-01
-1.608000000000000096e+00 -0.000000000000000000e+00 0.000000000000000000e+00 -0.000000000000000000e+00 -1.887389999999999901e+00 -0.000000000000000000e+00 0.000000000000000000e+00 -0.000000000000000000e+00 -9.663599999999999968e-01
