-7.636483686881023747e-02
-4.075214509691483383e-02
-4.075213994381153559e-02
1.576688231705938747e+00
1.576688428320573321e+00
1.795399392892846002e+00
1.795399618469381453e+00
2.465422130183794636e+00
2.644950432427798592e+00
2.809575640554993203e+00
2.809575989362095960e+00
2.822720517514973437e+00
2.944738324537513385e+00
2.944738691293337762e+00
3.078246203603603792e+00
3.227093506547338730e+00
3.309318721428928800e+00
3.309319144476700281e+00
3.375222318603620320e+00
3.457792937698843883e+00
3.457793357041452964e+00
3.461714445184639999e+00
3.699112623319273929e+00
4.003082662149259008e+00
4.003083149273819252e+00
4.263509751366824752e+00
4.263510032825066354e+00
4.308993548382266781e+00
4.451915992019615409e+00
4.451916519882195722e+00
4.503645656576458656e+00
4.503646200580147863e+00
4.757259788996182515e+00
4.844953952309556833e+00
4.844954354790146134e+00
4.869654073956382945e+00
5.184881339047210602e+00
5.184881879078828248e+00
5.341044635649471850e+00
5.341045272229022700e+00
5.412624991628368853e+00
5.829201103067211953e+00
6.244089493272817926e+00
6.244090125871021968e+00
6.660032627547706419e+00
6.666887279683075818e+00
6.666887737167921379e+00
6.841172925748917777e+00
6.841173364270196622e+00
7.260491223050958176e+00
7.388054473269670908e+00
7.917204942402337409e+00
8.056435880710527186e+00
8.056435961391365197e+00
8.447654929032079707e+00
8.447655136190160619e+00
8.720112883443654539e+00
8.720113456830707932e+00
8.756008388529558317e+00
8.910322979555791889e+00
8.910323563148534021e+00
9.198094144984601428e+00
9.198094802729530173e+00
9.337342218211775347e+00
9.437312239191834706e+00
9.674072694579052722e+00
9.674072890980303541e+00
1.037285683888483945e+01
1.037285732091211266e+01
1.102096420464198800e+01
1.102096443148239224e+01
1.146766113904661921e+01
1.146766144425270362e+01
1.192939784733496111e+01
1.203120392978192399e+01
1.203120417913352469e+01
1.216357085727706888e+01
1.234222646040818638e+01
1.262799924770349413e+01
1.282859801381273357e+01
1.318856417507228151e+01
1.470134677504071341e+01
1.470134691108267155e+01
1.591114546473634661e+01
1.591114581040598708e+01
1.594992366752894597e+01
1.594992410640251279e+01
1.717496873359599618e+01
1.742250266178771412e+01
1.742250366623580149e+01
1.742961603134159532e+01
1.742961706406655509e+01
2.057547399211011907e+01
2.057547523144969759e+01
2.081416781906017022e+01
2.081416909223137779e+01
2.192715068129007960e+01
2.250320852678568428e+01
2.322878242611954036e+01
2.354495304730930982e+01
2.504535992953584866e+01
2.510443333357676110e+01
