-5.826327548993367328e-02
-2.730020758335004183e-02
-2.485007799725019728e-02
1.790709206606523329e+00
2.042493140104839178e+00
2.169830381822001719e+00
2.303121776190909298e+00
2.404317481623017283e+00
2.433522543114493786e+00
2.487563322210504246e+00
2.555473673014430958e+00
2.855738892260362594e+00
2.887359576758075086e+00
2.929797848726583887e+00
3.091130111076801246e+00
3.101067626221440943e+00
3.283131161737999459e+00
3.344887696627205198e+00
3.358161998509259671e+00
3.671949848018345453e+00
3.730974787672403092e+00
3.911869309967191288e+00
3.940945122391165345e+00
4.247601712911776239e+00
4.276083798887621690e+00
4.502944963772423037e+00
4.875665808165944526e+00
5.000231756861657217e+00
5.466131379664536993e+00
5.724836818777073510e+00
5.990460152811141192e+00
6.106082956581728283e+00
6.139448111325739532e+00
6.141032696944985325e+00
6.473449950286811472e+00
6.518980102655533848e+00
6.662808104378103558e+00
7.261853864494556277e+00
7.342499961897497762e+00
7.770824015973432530e+00
7.817020021796230012e+00
7.861476387063540017e+00
8.246061164424789425e+00
8.278509641734254743e+00
8.416135001464377652e+00
8.683522911881661699e+00
8.694620851856596389e+00
8.751708526861168735e+00
8.757304802178937919e+00
8.888578375853146696e+00
9.005797783106272547e+00
9.352880785717305301e+00
9.501666048701057576e+00
9.604818981029808356e+00
9.720768873689399570e+00
9.867526291370928959e+00
9.926103226782037936e+00
9.926151854151394005e+00
1.001391261631127882e+01
1.058943860604545684e+01
1.073696556150787629e+01
1.091951550394855630e+01
1.096466765556021983e+01
1.109743059248020280e+01
1.115433518366907961e+01
1.120865316459121708e+01
1.129107446903544876e+01
1.129227649701019764e+01
1.130667349304189884e+01
1.184524362964637234e+01
1.214733956617634547e+01
1.252972829041907765e+01
1.255508342085383866e+01
1.366930299080587830e+01
1.399957550141166429e+01
1.411296084882030932e+01
1.422829314715567328e+01
1.575990064739381857e+01
1.584595636762763604e+01
1.604773124674207807e+01
1.660024526425683433e+01
1.677327018522018420e+01
1.680609752409780100e+01
1.688189053227364411e+01
