-6.857585297421325832e-02
-4.612771406562508891e-02
-3.241270693347526183e-02
1.596112112209797873e+00
1.605381426355523056e+00
1.977995240632691942e+00
2.048695064531955268e+00
2.151294737567590598e+00
2.318267951947906802e+00
2.520766750377602783e+00
2.836879303343876391e+00
2.860091278230365130e+00
2.984350510388781075e+00
3.192639374296234678e+00
3.447523593454240753e+00
3.867530511529164716e+00
3.987011359267038202e+00
4.113880357039046309e+00
4.815796359717023911e+00
4.902366283999817220e+00
5.124183603691255584e+00
5.643604592669806408e+00
5.765587065022383939e+00
5.875566129331409648e+00
5.999604834124278696e+00
6.112742324587104648e+00
6.760128422315080599e+00
6.801341288468258028e+00
7.253818583304833645e+00
7.446143436023962892e+00
8.188165164579995547e+00
8.362339040591505679e+00
8.455080191543023815e+00
8.650816903824971149e+00
8.801919945511190946e+00
8.886407789463726559e+00
9.126566723334656572e+00
9.136394361576549272e+00
9.144731119999830682e+00
9.145551506676948605e+00
9.399442092876391541e+00
9.916616669594315425e+00
1.016737528142866864e+01
1.019119804269775109e+01
1.058600133591027337e+01
1.068785429825296163e+01
1.104055428974884556e+01
1.114281057823377985e+01
1.193844858134944253e+01
1.302521824112342763e+01
1.375605019073641166e+01
1.404333077035821198e+01
1.511054937536932385e+01
1.524015811463155856e+01
1.618422116444345349e+01
1.676240132108072345e+01
1.685789706901596929e+01
1.702160599362800042e+01
1.765820016626294375e+01
1.777360289039088315e+01
1.829617417894185394e+01
1.842910228510313431e+01
1.862970476565761402e+01
1.870262447003325690e+01
1.871055542914029957e+01
1.882851095304847178e+01
1.931574120719448473e+01
1.957099430877970647e+01
2.019169380780824952e+01
2.020026552141374054e+01
2.076322141598144810e+01
2.094510547134871103e+01
2.740301918492581024e+01
2.758677658681533629e+01
2.776262414432594738e+01
2.777798792941175776e+01
3.594389289227626705e+01
3.619776708811731680e+01
3.633449997095520700e+01
3.643328343084442622e+01
3.651241963408135405e+01
3.692259262078312787e+01
3.695701648765516012e+01
3.832635950766283628e+01
