-1.545628593318446320e-01
-5.653612860693790765e-02
-2.464259335372207330e-02
4.838365205860390428e-01
5.864272138924102595e-01
6.705698151050278888e-01
1.141074069884528752e+00
1.407925501986924344e+00
1.497232926122303187e+00
1.882104640769933779e+00
2.220764922813667663e+00
2.303100870379162224e+00
3.182923131933706351e+00
3.447531892370655715e+00
3.706008941020406233e+00
3.752662845296337757e+00
5.424284042518871196e+00
5.760604354087191403e+00
5.816099470716885378e+00
5.896842421798108802e+00
6.281955974695544676e+00
6.343067672771366183e+00
6.426126721512398277e+00
6.444304213066510911e+00
7.135903044024240138e+00
7.257268571693910708e+00
7.659814961962019275e+00
7.729315183311316062e+00
7.911307800631881548e+00
7.984583454705182604e+00
9.088255757065054397e+00
9.117362574438711675e+00
9.214053768486390794e+00
9.287673182582272702e+00
9.737974738808860664e+00
9.754315699130296835e+00
1.326429139401187385e+01
1.340640199225758877e+01
1.385766917912041762e+01
1.394005698056667697e+01
1.472665570908984556e+01
1.482051817898198287e+01
1.524612866754442564e+01
1.537090751157568391e+01
1.562886295063888475e+01
1.648628150046631902e+01
1.655696470284457789e+01
1.677461238279751043e+01
1.733778206663406962e+01
1.789071388917324157e+01
1.790158667596503506e+01
1.794368319949430912e+01
1.802571959107523725e+01
1.818374250934811442e+01
2.112729892972342327e+01
2.123791913454417823e+01
2.208965917438479920e+01
2.263321913771463301e+01
2.291383018470036603e+01
2.373039743964285719e+01
