-1.306752336902444467e-01
-1.012581581898466115e-01
-8.747527925076889477e-02
1.573426010335408298e+00
1.806570114886217215e+00
2.024158318906898124e+00
2.272757287965435413e+00
2.384134444615068293e+00
2.537057407706810430e+00
2.671738235681033302e+00
2.702311416176899517e+00
2.998191096311241033e+00
3.012615795284887987e+00
3.106845675279028107e+00
3.204138355314888997e+00
3.323448239404368731e+00
3.446285884833119706e+00
3.522586606458384839e+00
3.702060372279198930e+00
3.877881535065247576e+00
3.956039964408853304e+00
4.057635567667456478e+00
4.096464390178438109e+00
4.247660438406064998e+00
4.460617860790139666e+00
4.594674841596519066e+00
4.715008621413114831e+00
4.780737589535740462e+00
4.892921376846351755e+00
5.096496080642071824e+00
5.147316456174032773e+00
5.399977805509944773e+00
5.424994672808444385e+00
5.483003921209613551e+00
5.507011757750295722e+00
5.708714986754899634e+00
5.914331821938975331e+00
5.955486571221531911e+00
6.090550722225372304e+00
6.214849764877667937e+00
6.222988349659670959e+00
6.516260162086839003e+00
6.540220393839950574e+00
6.746230065747832683e+00
6.810993106735610425e+00
6.904791662316829282e+00
7.064104692032812771e+00
7.157568469808723854e+00
7.181284147003236029e+00
7.576659098837692952e+00
7.612896321374670983e+00
7.619479280108319763e+00
7.791660233865437490e+00
7.878195396155136976e+00
7.947844085033374917e+00
7.975027711550599641e+00
8.189244318006393186e+00
8.276575481441584614e+00
8.426734628549780837e+00
8.640753844428157748e+00
8.757904344076841596e+00
8.823921854821698219e+00
9.018129617609185189e+00
9.274552598373681178e+00
9.354600830607365580e+00
9.424638109763154858e+00
9.542375920073574491e+00
9.768626571837005557e+00
9.833085009293878187e+00
9.954883012873631642e+00
1.009185270403804502e+01
1.015521275011016122e+01
1.017488663327508469e+01
1.027737247549197264e+01
1.048515951237748212e+01
1.074069932546293771e+01
1.076286569645835556e+01
1.095158536468579058e+01
1.105090376394618623e+01
1.115828620353502210e+01
1.117849211656026576e+01
1.123027203588586254e+01
1.140139881768899421e+01
1.144331267596931490e+01
1.144982641789822075e+01
1.173309856772711157e+01
1.186648857076093933e+01
1.208763843767673229e+01
1.211858745894091349e+01
1.227275486596224674e+01
1.242800905213703189e+01
1.247186301239714545e+01
1.286215541812491203e+01
1.293574249898319550e+01
1.297679394149417753e+01
1.325898936570959030e+01
1.332187937192046512e+01
1.402195125508571927e+01
1.408806998846896619e+01
1.420294237121308534e+01
1.424428362537056536e+01
1.464533475206353863e+01
1.482000860323636893e+01
1.493811132640267836e+01
1.494426485311338482e+01
1.519057273442973255e+01
1.529820146291713634e+01
1.539704283295984055e+01
1.541660948457863789e+01
1.586341410289726994e+01
1.588035122407561772e+01
1.603775149452066984e+01
1.643069837225429808e+01
1.656376539317071916e+01
1.683559701941098297e+01
1.734860285440876737e+01
1.755843130806394115e+01
1.808512098383640776e+01
1.825869899527345908e+01
1.855042169332007518e+01
1.858480424970895228e+01
1.905557291188065960e+01
1.906013929644796789e+01
1.975562998236199164e+01
2.176821265055998822e+01
2.205801443920100269e+01
2.255351336266702234e+01
2.326850742957098461e+01
2.344696214864518424e+01
2.351091978209274558e+01
2.396443717261058381e+01
2.410238849159974706e+01
