-4.177140385434802844e-02
-1.066807633961141394e-02
-5.851005391210239819e-03
1.905535417991180758e+00
2.353109259143639775e+00
2.525119241925178226e+00
2.769899237587619911e+00
3.122865551809373752e+00
3.131790738643472238e+00
3.305819447486866736e+00
3.691954468743515516e+00
3.948928204904112338e+00
4.611063508434106950e+00
4.849928123879599262e+00
5.151804206581217294e+00
5.320968409032243329e+00
6.084057723175360088e+00
6.141818684580004017e+00
6.304825069053965336e+00
6.481195734618371951e+00
6.666677996287825536e+00
6.875054790743368116e+00
6.934761491510177400e+00
6.972877159225023824e+00
7.362603616326255818e+00
7.513594946750536074e+00
8.529107407698774068e+00
8.678555969669004000e+00
8.919418027485214395e+00
8.920193299781578489e+00
9.990714605780134150e+00
1.039730577716451165e+01
1.039977365003528043e+01
1.127922126365007571e+01
1.159388909452430738e+01
1.211848442097034884e+01
1.252963954486018672e+01
1.287383599311214155e+01
1.367040646525189196e+01
1.379459438195466880e+01
1.400263498810244123e+01
1.419980462128983589e+01
1.424830404623940971e+01
1.549147315513116396e+01
1.721928709043877603e+01
1.728087199958511988e+01
1.891833900259830870e+01
1.906488666311410540e+01
1.996531180880786138e+01
1.998037627172703878e+01
2.205995685752002089e+01
2.359542479178275443e+01
2.665470199409050522e+01
2.743770673871062726e+01
