1.287670000000000092e+00 -8.802999999999999714e-02 -9.350000000000000672e-03 -8.802999999999999714e-02 1.186020000000000074e+00 -1.618999999999999953e-02 -2.106999999999999845e-02 -3.649999999999999772e-02 1.579050000000000065e+00
1.287670000000000092e+00 8.802999999999999714e-02 -9.350000000000000672e-03 8.802999999999999714e-02 1.186020000000000074e+00 1.618999999999999953e-02 -2.106999999999999845e-02 3.649999999999999772e-02 1.579050000000000065e+00
1.135189999999999921e+00 -0.000000000000000000e+00 1.868999999999999828e-02 -0.000000000000000000e+00 1.338489999999999958e+00 0.000000000000000000e+00 4.214999999999999997e-02 0.000000000000000000e+00 1.579050000000000065e+00
2.992199999999999971e+00 4.248600000000000154e-01 0.000000000000000000e+00 -4.248600000000000154e-01 2.992199999999999971e+00 0.000000000000000000e+00 0.000000000000000000e+00 0.000000000000000000e+00 1.212709999999999955e+00
2.992199999999999971e+00 -4.248600000000000154e-01 0.000000000000000000e+00 4.248600000000000154e-01 2.992199999999999971e+00 0.000000000000000000e+00 0.000000000000000000e+00 -0.000000000000000000e+00 1.212709999999999955e+00
2.752979999999999983e+00 -4.403599999999999737e-01 2.300899999999999890e-01 -4.403599999999999737e-01 2.244499999999999940e+00 3.985199999999999854e-01 1.007900000000000046e-01 1.745800000000000129e-01 1.824629999999999974e+00
2.752979999999999983e+00 4.403599999999999737e-01 2.300899999999999890e-01 4.403599999999999737e-01 2.244499999999999940e+00 -3.985199999999999854e-01 1.007900000000000046e-01 -1.745800000000000129e-01 1.824629999999999974e+00
1.990250000000000075e+00 -0.000000000000000000e+00 -4.601700000000000235e-01 -0.000000000000000000e+00 3.007219999999999782e+00 -0.000000000000000000e+00 -2.015899999999999914e-01 -0.000000000000000000e+00 1.824629999999999974e+00
-1.884540000000000104e+00 1.045660000000000034e+00 -4.466600000000000015e-01 1.677799999999999958e+00 -2.659749999999999837e+00 1.899000000000000132e-01 2.859000000000000083e-02 -2.161299999999999888e-01 -1.155569999999999986e+00
-1.286659999999999915e+00 -1.332610000000000072e+00 5.886999999999999872e-02 -7.004700000000000371e-01 -3.257629999999999804e+00 -4.817699999999999760e-01 1.728800000000000059e-01 1.328300000000000036e-01 -1.155569999999999986e+00
-3.645239999999999814e+00 -6.612599999999999589e-01 3.877900000000000236e-01 -2.912000000000000005e-02 -8.990500000000000158e-01 2.918700000000000183e-01 -2.014700000000000102e-01 8.329999999999999905e-02 -1.155569999999999986e+00
-3.645239999999999814e+00 6.612599999999999589e-01 3.877900000000000236e-01 2.912000000000000005e-02 -8.990500000000000158e-01 -2.918700000000000183e-01 -2.014700000000000102e-01 -8.329999999999999905e-02 -1.155569999999999986e+00
-1.884540000000000104e+00 -1.045660000000000034e+00 -4.466600000000000015e-01 -1.677799999999999958e+00 -2.659749999999999837e+00 -1.899000000000000132e-01 2.859000000000000083e-02 2.161299999999999888e-01 -1.155569999999999986e+00
-1.286659999999999915e+00 1.332610000000000072e+00 5.886999999999999872e-02 7.004700000000000371e-01 -3.257629999999999804e+00 4.817699999999999760e-01 1.728800000000000059e-01 -1.328300000000000036e-01 -1.155569999999999986e+00
-1.229500000000000037e+00 7.519000000000000683e-02 1.779000000000000026e-02 7.519000000000000683e-02 -1.142670000000000075e+00 3.081000000000000058e-02 2.536300000000000221e-01 4.393099999999999783e-01 -1.901000000000000023e+00
-1.229500000000000037e+00 -7.519000000000000683e-02 1.779000000000000026e-02 -7.519000000000000683e-02 -1.142670000000000075e+00 -3.081000000000000058e-02 2.536300000000000221e-01 -4.393099999999999783e-01 -1.901000000000000023e+00
-1.099259999999999904e+00 0.000000000000000000e+00 -3.558000000000000052e-02 0.000000000000000000e+00 -1.272909999999999986e+00 0.000000000000000000e+00 -5.072699999999999987e-01 0.000000000000000000e+00 -1.901000000000000023e+00
