-4.172690027702510851e-02
-4.172690027603865454e-02
-1.404839930114143605e-02
3.276509997101384908e+00
3.276509997101389349e+00
3.503136486392585347e+00
5.238975370132445519e+00
5.238975370132452625e+00
5.383011554272711940e+00
5.440108851338527174e+00
6.736318941085578160e+00
6.736318941085581713e+00
7.174027110150140274e+00
7.284040351221340970e+00
7.674195156504204363e+00
7.674195156504212356e+00
7.895544966241230256e+00
7.895544966241237361e+00
8.209100517649835282e+00
8.209100517649847717e+00
9.073243902111892467e+00
9.338538227070730002e+00
9.370008227508737519e+00
9.370008227508746401e+00
1.052078067248691973e+01
1.058796646424719512e+01
1.058796646424721288e+01
1.092658917632412496e+01
1.146271715970707561e+01
1.156045844257004696e+01
1.395655162470450783e+01
1.395655162470450961e+01
1.451073483993007684e+01
1.506602171857383787e+01
1.506602171857385386e+01
1.564019853713561048e+01
1.627295692144293682e+01
1.644178375420111138e+01
1.644178375420111493e+01
1.783362765980864495e+01
1.783362765980866271e+01
1.796690561152724541e+01
1.806169885450893275e+01
1.888236722525120825e+01
1.888236722525121536e+01
1.916366326159851852e+01
1.916366326159852207e+01
1.951363371967580562e+01
1.980846006438074625e+01
2.040293762417643464e+01
2.109030622304142355e+01
2.133957163567024296e+01
2.279754973341106705e+01
2.332081465087095395e+01
