2.701750000000000096e+00 -0.000000000000000000e+00 6.101999999999999785e-02 0.000000000000000000e+00 2.298550000000000093e+00 0.000000000000000000e+00 8.742999999999999383e-02 0.000000000000000000e+00 2.526559999999999917e+00
2.701750000000000096e+00 -0.000000000000000000e+00 -6.101999999999999785e-02 0.000000000000000000e+00 2.298550000000000093e+00 0.000000000000000000e+00 -8.742999999999999383e-02 -0.000000000000000000e+00 2.526559999999999917e+00
2.701750000000000096e+00 0.000000000000000000e+00 -6.101999999999999785e-02 0.000000000000000000e+00 2.298550000000000093e+00 0.000000000000000000e+00 -8.742999999999999383e-02 0.000000000000000000e+00 2.526559999999999917e+00
2.701750000000000096e+00 -0.000000000000000000e+00 6.101999999999999785e-02 0.000000000000000000e+00 2.298550000000000093e+00 0.000000000000000000e+00 8.742999999999999383e-02 0.000000000000000000e+00 2.526559999999999917e+00
3.454460000000000086e+00 0.000000000000000000e+00 -2.126500000000000057e-01 0.000000000000000000e+00 4.207489999999999952e+00 0.000000000000000000e+00 -1.261799999999999866e-01 0.000000000000000000e+00 4.175519999999999676e+00
3.610459999999999781e+00 -0.000000000000000000e+00 -3.791900000000000270e-01 0.000000000000000000e+00 4.410560000000000258e+00 0.000000000000000000e+00 -2.083399999999999974e-01 0.000000000000000000e+00 3.643689999999999873e+00
3.610459999999999781e+00 -0.000000000000000000e+00 3.791900000000000270e-01 0.000000000000000000e+00 4.410560000000000258e+00 0.000000000000000000e+00 2.083399999999999974e-01 0.000000000000000000e+00 3.643689999999999873e+00
3.454460000000000086e+00 0.000000000000000000e+00 2.126500000000000057e-01 0.000000000000000000e+00 4.207489999999999952e+00 0.000000000000000000e+00 1.261799999999999866e-01 0.000000000000000000e+00 4.175519999999999676e+00
3.454460000000000086e+00 0.000000000000000000e+00 2.126500000000000057e-01 0.000000000000000000e+00 4.207489999999999952e+00 0.000000000000000000e+00 1.261799999999999866e-01 0.000000000000000000e+00 4.175519999999999676e+00
3.610459999999999781e+00 -0.000000000000000000e+00 3.791900000000000270e-01 0.000000000000000000e+00 4.410560000000000258e+00 0.000000000000000000e+00 2.083399999999999974e-01 -0.000000000000000000e+00 3.643689999999999873e+00
3.610459999999999781e+00 0.000000000000000000e+00 -3.791900000000000270e-01 0.000000000000000000e+00 4.410560000000000258e+00 0.000000000000000000e+00 -2.083399999999999974e-01 0.000000000000000000e+00 3.643689999999999873e+00
3.454460000000000086e+00 0.000000000000000000e+00 -2.126500000000000057e-01 0.000000000000000000e+00 4.207489999999999952e+00 0.000000000000000000e+00 -1.261799999999999866e-01 -0.000000000000000000e+00 4.175519999999999676e+00
-1.991730000000000000e+00 -0.000000000000000000e+00 -3.992299999999999738e-01 0.000000000000000000e+00 -2.683380000000000098e+00 0.000000000000000000e+00 -5.807099999999999485e-01 0.000000000000000000e+00 -3.218319999999999848e+00
-2.343490000000000073e+00 0.000000000000000000e+00 -1.626000000000000015e-02 0.000000000000000000e+00 -2.737760000000000193e+00 0.000000000000000000e+00 9.293999999999999484e-02 0.000000000000000000e+00 -2.577049999999999841e+00
-2.328800000000000203e+00 0.000000000000000000e+00 1.504999999999999914e-02 0.000000000000000000e+00 -2.731630000000000003e+00 0.000000000000000000e+00 4.866000000000000186e-02 0.000000000000000000e+00 -2.543280000000000207e+00
-3.102660000000000196e+00 -0.000000000000000000e+00 5.770999999999999741e-02 0.000000000000000000e+00 -2.763830000000000009e+00 0.000000000000000000e+00 1.053800000000000014e-01 0.000000000000000000e+00 -2.007120000000000015e+00
-3.102660000000000196e+00 0.000000000000000000e+00 -5.770999999999999741e-02 0.000000000000000000e+00 -2.763830000000000009e+00 0.000000000000000000e+00 -1.053800000000000014e-01 0.000000000000000000e+00 -2.007120000000000015e+00
-2.328800000000000203e+00 0.000000000000000000e+00 -1.504999999999999914e-02 0.000000000000000000e+00 -2.731630000000000003e+00 0.000000000000000000e+00 -4.866000000000000186e-02 0.000000000000000000e+00 -2.543280000000000207e+00
-2.343490000000000073e+00 0.000000000000000000e+00 1.626000000000000015e-02 0.000000000000000000e+00 -2.737760000000000193e+00 0.000000000000000000e+00 -9.293999999999999484e-02 0.000000000000000000e+00 -2.577049999999999841e+00
-1.991730000000000000e+00 -0.000000000000000000e+00 3.992299999999999738e-01 0.000000000000000000e+00 -2.683380000000000098e+00 0.000000000000000000e+00 5.807099999999999485e-01 0.000000000000000000e+00 -3.218319999999999848e+00
-1.991730000000000000e+00 0.000000000000000000e+00 3.992299999999999738e-01 0.000000000000000000e+00 -2.683380000000000098e+00 0.000000000000000000e+00 5.807099999999999485e-01 0.000000000000000000e+00 -3.218319999999999848e+00
-2.343490000000000073e+00 0.000000000000000000e+00 1.626000000000000015e-02 0.000000000000000000e+00 -2.737760000000000193e+00 0.000000000000000000e+00 -9.293999999999999484e-02 0.000000000000000000e+00 -2.577049999999999841e+00
-2.328800000000000203e+00 0.000000000000000000e+00 -1.504999999999999914e-02 0.000000000000000000e+00 -2.731630000000000003e+00 0.000000000000000000e+00 -4.866000000000000186e-02 -0.000000000000000000e+00 -2.543280000000000207e+00
-3.102660000000000196e+00 -0.000000000000000000e+00 -5.770999999999999741e-02 0.000000000000000000e+00 -2.763830000000000009e+00 0.000000000000000000e+00 -1.053800000000000014e-01 0.000000000000000000e+00 -2.007120000000000015e+00
-3.102660000000000196e+00 0.000000000000000000e+00 5.770999999999999741e-02 0.000000000000000000e+00 -2.763830000000000009e+00 0.000000000000000000e+00 1.053800000000000014e-01 0.000000000000000000e+00 -2.007120000000000015e+00
-2.328800000000000203e+00 0.000000000000000000e+00 1.504999999999999914e-02 0.000000000000000000e+00 -2.731630000000000003e+00 0.000000000000000000e+00 4.866000000000000186e-02 0.000000000000000000e+00 -2.543280000000000207e+00
-2.343490000000000073e+00 0.000000000000000000e+00 -1.626000000000000015e-02 0.000000000000000000e+00 -2.737760000000000193e+00 0.000000000000000000e+00 9.293999999999999484e-02 0.000000000000000000e+00 -2.577049999999999841e+00
-1.991730000000000000e+00 0.000000000000000000e+00 -3.992299999999999738e-01 0.000000000000000000e+00 -2.683380000000000098e+00 0.000000000000000000e+00 -5.807099999999999485e-01 0.000000000000000000e+00 -3.218319999999999848e+00
