1.314440000000000053e+00 9.095999999999999919e-02 2.123999999999999846e-02 3.627999999999999975e-02 1.355529999999999902e+00 1.662999999999999895e-02 -4.315000000000000085e-02 -4.279999999999999950e-03 1.389979999999999993e+00
1.494250000000000078e+00 -1.174599999999999950e-01 -1.177600000000000036e-01 -1.486200000000000021e-01 1.172479999999999967e+00 -7.827000000000000624e-02 -2.777999999999999914e-02 -1.060500000000000054e-01 1.271859999999999991e+00
1.494250000000000078e+00 1.174599999999999950e-01 -1.177600000000000036e-01 1.486200000000000021e-01 1.172479999999999967e+00 7.827000000000000624e-02 -2.777999999999999914e-02 1.060500000000000054e-01 1.271859999999999991e+00
1.494250000000000078e+00 1.174599999999999950e-01 -1.177600000000000036e-01 1.486200000000000021e-01 1.172479999999999967e+00 7.827000000000000624e-02 -2.777999999999999914e-02 1.060500000000000054e-01 1.271859999999999991e+00
1.098989999999999911e+00 -1.990000000000000015e-03 2.921999999999999945e-02 -5.616999999999999771e-02 1.356400000000000050e+00 2.419999999999999929e-02 1.589000000000000135e-02 -2.045999999999999902e-02 1.370270000000000099e+00
1.314440000000000053e+00 9.095999999999999919e-02 2.123999999999999846e-02 3.627999999999999975e-02 1.355529999999999902e+00 1.662999999999999895e-02 -4.315000000000000085e-02 -4.279999999999999950e-03 1.389979999999999993e+00
1.098989999999999911e+00 1.990000000000000015e-03 2.921999999999999945e-02 5.616999999999999771e-02 1.356400000000000050e+00 -2.419999999999999929e-02 1.589000000000000135e-02 2.045999999999999902e-02 1.370270000000000099e+00
1.494250000000000078e+00 -1.174599999999999950e-01 -1.177600000000000036e-01 -1.486200000000000021e-01 1.172479999999999967e+00 -7.827000000000000624e-02 -2.777999999999999914e-02 -1.060500000000000054e-01 1.271859999999999991e+00
1.314440000000000053e+00 -9.095999999999999919e-02 2.123999999999999846e-02 -3.627999999999999975e-02 1.355529999999999902e+00 -1.662999999999999895e-02 -4.315000000000000085e-02 4.279999999999999950e-03 1.389979999999999993e+00
1.098989999999999911e+00 -1.990000000000000015e-03 2.921999999999999945e-02 -5.616999999999999771e-02 1.356400000000000050e+00 2.419999999999999929e-02 1.589000000000000135e-02 -2.045999999999999902e-02 1.370270000000000099e+00
1.098989999999999911e+00 1.990000000000000015e-03 2.921999999999999945e-02 5.616999999999999771e-02 1.356400000000000050e+00 -2.419999999999999929e-02 1.589000000000000135e-02 2.045999999999999902e-02 1.370270000000000099e+00
1.314440000000000053e+00 -9.095999999999999919e-02 2.123999999999999846e-02 -3.627999999999999975e-02 1.355529999999999902e+00 -1.662999999999999895e-02 -4.315000000000000085e-02 4.279999999999999950e-03 1.389979999999999993e+00
2.354699999999999793e+00 -4.145199999999999996e-01 5.348000000000000531e-01 -3.943099999999999938e-01 2.622790000000000177e+00 1.144499999999999962e-01 5.318899999999999739e-01 1.991999999999999882e-01 2.485790000000000166e+00
2.354699999999999793e+00 4.145199999999999996e-01 5.348000000000000531e-01 3.943099999999999938e-01 2.622790000000000177e+00 -1.144499999999999962e-01 5.318899999999999739e-01 -1.991999999999999882e-01 2.485790000000000166e+00
2.354699999999999793e+00 -4.145199999999999996e-01 5.348000000000000531e-01 -3.943099999999999938e-01 2.622790000000000177e+00 1.144499999999999962e-01 5.318899999999999739e-01 1.991999999999999882e-01 2.485790000000000166e+00
2.354699999999999793e+00 4.145199999999999996e-01 5.348000000000000531e-01 3.943099999999999938e-01 2.622790000000000177e+00 -1.144499999999999962e-01 5.318899999999999739e-01 -1.991999999999999882e-01 2.485790000000000166e+00
-2.105049999999999866e+00 1.654200000000000115e-01 -4.620600000000000263e-01 1.811599999999999877e-01 -2.110510000000000108e+00 1.987200000000000077e-01 -4.358400000000000052e-01 2.427400000000000113e-01 -2.332959999999999923e+00
-1.877920000000000034e+00 2.866600000000000259e-01 3.332000000000000239e-02 2.916400000000000103e-01 -2.526429999999999954e+00 -1.365099999999999925e-01 -2.682999999999999968e-02 -1.383900000000000130e-01 -1.989829999999999988e+00
-2.279409999999999936e+00 8.512999999999999734e-02 -3.876999999999999891e-02 -1.389999999999999960e-03 -1.870260000000000034e+00 2.831500000000000128e-01 -1.418999999999999949e-02 2.222699999999999954e-01 -2.195100000000000051e+00
-1.877920000000000034e+00 -2.866600000000000259e-01 3.332000000000000239e-02 -2.916400000000000103e-01 -2.526429999999999954e+00 1.365099999999999925e-01 -2.682999999999999968e-02 1.383900000000000130e-01 -1.989829999999999988e+00
-2.105049999999999866e+00 -1.654200000000000115e-01 -4.620600000000000263e-01 -1.811599999999999877e-01 -2.110510000000000108e+00 -1.987200000000000077e-01 -4.358400000000000052e-01 -2.427400000000000113e-01 -2.332959999999999923e+00
-2.279409999999999936e+00 8.512999999999999734e-02 -3.876999999999999891e-02 -1.389999999999999960e-03 -1.870260000000000034e+00 2.831500000000000128e-01 -1.418999999999999949e-02 2.222699999999999954e-01 -2.195100000000000051e+00
-2.105049999999999866e+00 1.654200000000000115e-01 -4.620600000000000263e-01 1.811599999999999877e-01 -2.110510000000000108e+00 1.987200000000000077e-01 -4.358400000000000052e-01 2.427400000000000113e-01 -2.332959999999999923e+00
-2.105049999999999866e+00 -1.654200000000000115e-01 -4.620600000000000263e-01 -1.811599999999999877e-01 -2.110510000000000108e+00 -1.987200000000000077e-01 -4.358400000000000052e-01 -2.427400000000000113e-01 -2.332959999999999923e+00
-1.877920000000000034e+00 2.866600000000000259e-01 3.332000000000000239e-02 2.916400000000000103e-01 -2.526429999999999954e+00 -1.365099999999999925e-01 -2.682999999999999968e-02 -1.383900000000000130e-01 -1.989829999999999988e+00
-1.877920000000000034e+00 -2.866600000000000259e-01 3.332000000000000239e-02 -2.916400000000000103e-01 -2.526429999999999954e+00 1.365099999999999925e-01 -2.682999999999999968e-02 1.383900000000000130e-01 -1.989829999999999988e+00
-2.279409999999999936e+00 -8.512999999999999734e-02 -3.876999999999999891e-02 1.389999999999999960e-03 -1.870260000000000034e+00 -2.831500000000000128e-01 -1.418999999999999949e-02 -2.222699999999999954e-01 -2.195100000000000051e+00
-2.279409999999999936e+00 -8.512999999999999734e-02 -3.876999999999999891e-02 1.389999999999999960e-03 -1.870260000000000034e+00 -2.831500000000000128e-01 -1.418999999999999949e-02 -2.222699999999999954e-01 -2.195100000000000051e+00
