-4.009326944219653716e-02
-2.563165387251351360e-02
-1.266799666838238497e-02
3.060760205735032269e+00
3.276786480389247913e+00
5.317295431609621481e+00
6.215393475105893017e+00
6.252719049417120978e+00
6.542164378749747655e+00
6.662234423792313009e+00
7.068430635268025952e+00
7.221418805843054400e+00
7.576012533627870305e+00
8.015107099309261685e+00
8.380854875495934664e+00
8.407215098234392059e+00
9.296666546391973540e+00
9.732515285283861672e+00
1.012180548333710028e+01
1.015112452500446416e+01
1.107226234701627554e+01
1.109290493266589017e+01
1.203689173411568802e+01
1.223102429159416538e+01
1.234739623219972948e+01
1.258544416320757087e+01
1.356800381950222345e+01
1.398354953429003800e+01
1.420328782135711343e+01
1.422391192101362023e+01
1.423051973609540077e+01
1.463662970543704311e+01
1.678617660848279058e+01
1.685538138297717481e+01
1.690164419251194516e+01
2.159106213436472643e+01
