-1.571525739889694240e-01
-1.130089736323631466e-01
-6.021821113975665135e-02
2.870712374956761348e+00
3.656151712944474053e+00
3.843627441927013777e+00
4.354697667664346739e+00
4.593756126697888575e+00
4.683927423528018608e+00
4.690885915087746660e+00
4.992593117301431072e+00
5.007967239397781434e+00
5.267428345236086606e+00
5.608154075438656072e+00
5.715335912316986899e+00
5.779717736923111637e+00
6.013025416330111561e+00
6.285630389224355241e+00
6.328765189259367041e+00
6.635114356236015531e+00
6.770283745080453386e+00
6.934667388539825339e+00
7.095380353946389995e+00
7.169365897585762148e+00
7.354531586398443288e+00
7.554627182355739379e+00
7.713873149979774801e+00
8.112049160495374167e+00
8.191634655049124802e+00
8.292972593996518427e+00
8.421124687247695917e+00
8.629758952093705915e+00
8.668614855253398588e+00
8.896653397552700682e+00
9.010601942225267891e+00
9.332006037576690005e+00
1.166619257914808294e+01
1.176058980074882676e+01
1.206806171388236670e+01
1.232360482453969119e+01
1.432611871343796217e+01
1.459174509519493768e+01
1.465244438714234754e+01
1.475168933766621748e+01
1.488239440980927775e+01
1.544351482514340290e+01
2.352354740809886380e+01
2.355843030676599881e+01
2.481482093016843749e+01
2.498282770654104112e+01
2.510466835859099888e+01
2.582013700190085714e+01
2.667039864110746095e+01
2.770312112004302207e+01
