1.115080000000000071e+00 0.000000000000000000e+00 1.349000000000000025e-02 0.000000000000000000e+00 1.092500000000000027e+00 -0.000000000000000000e+00 2.980000000000000010e-02 -0.000000000000000000e+00 1.073490000000000055e+00
1.115080000000000071e+00 0.000000000000000000e+00 1.349000000000000025e-02 0.000000000000000000e+00 1.092500000000000027e+00 -0.000000000000000000e+00 2.980000000000000010e-02 -0.000000000000000000e+00 1.073490000000000055e+00
3.516809999999999992e+00 0.000000000000000000e+00 4.955999999999999989e-02 0.000000000000000000e+00 3.403849999999999820e+00 -0.000000000000000000e+00 1.935999999999999874e-02 -0.000000000000000000e+00 3.214129999999999932e+00
3.516809999999999992e+00 0.000000000000000000e+00 4.955999999999999989e-02 0.000000000000000000e+00 3.403849999999999820e+00 -0.000000000000000000e+00 1.935999999999999874e-02 -0.000000000000000000e+00 3.214129999999999932e+00
3.070739999999999803e+00 -4.863399999999999945e-01 -3.235999999999999988e-02 -1.798500000000000099e-01 3.201999999999999957e+00 -2.365899999999999948e-01 -8.120000000000000481e-03 -7.199999999999999803e-03 3.405009999999999870e+00
3.070739999999999803e+00 4.863399999999999945e-01 -3.235999999999999988e-02 1.798500000000000099e-01 3.201999999999999957e+00 2.365899999999999948e-01 -8.120000000000000481e-03 7.199999999999999803e-03 3.405009999999999870e+00
3.070739999999999803e+00 4.863399999999999945e-01 -3.235999999999999988e-02 1.798500000000000099e-01 3.201999999999999957e+00 2.365899999999999948e-01 -8.120000000000000481e-03 7.199999999999999803e-03 3.405009999999999870e+00
3.070739999999999803e+00 -4.863399999999999945e-01 -3.235999999999999988e-02 -1.798500000000000099e-01 3.201999999999999957e+00 -2.365899999999999948e-01 -8.120000000000000481e-03 -7.199999999999999803e-03 3.405009999999999870e+00
-1.698080000000000034e+00 -7.506599999999999939e-01 -3.636999999999999955e-02 -6.084199999999999608e-01 -2.331719999999999793e+00 -1.696400000000000130e-01 5.610000000000000403e-03 -8.064999999999999947e-02 -1.334179999999999922e+00
-1.449929999999999941e+00 2.519299999999999873e-01 3.213099999999999845e-01 2.161099999999999965e-01 -1.632970000000000033e+00 -7.420099999999999474e-01 2.834900000000000198e-01 -7.883200000000000207e-01 -2.355560000000000098e+00
-1.449929999999999941e+00 -2.519299999999999873e-01 3.213099999999999845e-01 -2.161099999999999965e-01 -1.632970000000000033e+00 7.420099999999999474e-01 2.834900000000000198e-01 7.883200000000000207e-01 -2.355560000000000098e+00
-1.449929999999999941e+00 2.519299999999999873e-01 3.213099999999999845e-01 2.161099999999999965e-01 -1.632970000000000033e+00 -7.420099999999999474e-01 2.834900000000000198e-01 -7.883200000000000207e-01 -2.355560000000000098e+00
-2.238669999999999938e+00 -3.213400000000000145e-01 -2.841000000000000192e-01 -2.671399999999999886e-01 -1.485470000000000068e+00 1.358699999999999908e-01 -3.055599999999999983e-01 1.537699999999999900e-01 -1.859070000000000000e+00
-2.238669999999999938e+00 3.213400000000000145e-01 -2.841000000000000192e-01 2.671399999999999886e-01 -1.485470000000000068e+00 -1.358699999999999908e-01 -3.055599999999999983e-01 -1.537699999999999900e-01 -1.859070000000000000e+00
-1.698080000000000034e+00 7.506599999999999939e-01 -3.636999999999999955e-02 6.084199999999999608e-01 -2.331719999999999793e+00 1.696400000000000130e-01 5.610000000000000403e-03 8.064999999999999947e-02 -1.334179999999999922e+00
-2.238669999999999938e+00 3.213400000000000145e-01 -2.841000000000000192e-01 2.671399999999999886e-01 -1.485470000000000068e+00 -1.358699999999999908e-01 -3.055599999999999983e-01 -1.537699999999999900e-01 -1.859070000000000000e+00
-1.698080000000000034e+00 -7.506599999999999939e-01 -3.636999999999999955e-02 -6.084199999999999608e-01 -2.331719999999999793e+00 -1.696400000000000130e-01 5.610000000000000403e-03 -8.064999999999999947e-02 -1.334179999999999922e+00
-1.698080000000000034e+00 7.506599999999999939e-01 -3.636999999999999955e-02 6.084199999999999608e-01 -2.331719999999999793e+00 1.696400000000000130e-01 5.610000000000000403e-03 8.064999999999999947e-02 -1.334179999999999922e+00
-2.238669999999999938e+00 -3.213400000000000145e-01 -2.841000000000000192e-01 -2.671399999999999886e-01 -1.485470000000000068e+00 1.358699999999999908e-01 -3.055599999999999983e-01 1.537699999999999900e-01 -1.859070000000000000e+00
-1.449929999999999941e+00 -2.519299999999999873e-01 3.213099999999999845e-01 -2.161099999999999965e-01 -1.632970000000000033e+00 7.420099999999999474e-01 2.834900000000000198e-01 7.883200000000000207e-01 -2.355560000000000098e+00
