-1.170983020763644300e-01
-8.891771373708629023e-02
-5.999039281604941903e-02
2.001915529301362628e+00
2.445239315508325184e+00
2.498008699810455369e+00
2.874475888307615801e+00
2.962586193711532978e+00
3.039415300946753717e+00
3.096241117124814313e+00
3.353584829655909871e+00
3.593429480352773098e+00
3.613566285003523948e+00
3.727976619493925448e+00
3.794250225122858033e+00
4.235370123067013104e+00
4.427811055767955750e+00
4.521879143106768417e+00
4.857093361722625957e+00
5.160605194165199805e+00
5.322936687120581212e+00
5.526528885619665488e+00
5.809931215106329816e+00
6.158085052280834581e+00
6.330783293832317860e+00
6.483574513934424743e+00
6.801862988746087524e+00
7.243801328195879741e+00
7.404208898441321018e+00
7.908815119957851358e+00
7.983664274619791890e+00
8.226957427047862481e+00
9.479519826014239925e+00
1.007325834176259782e+01
1.284609961784074805e+01
1.391918727749468943e+01
1.472683425356450826e+01
1.702733951632160014e+01
1.730694168895646357e+01
1.751641560050119750e+01
1.790423813641761086e+01
1.864926838926861663e+01
