1.012329999999999952e+00 0.000000000000000000e+00 6.399000000000000521e-02 0.000000000000000000e+00 1.000240000000000018e+00 -0.000000000000000000e+00 6.905999999999999639e-02 -0.000000000000000000e+00 1.223989999999999911e+00
9.973400000000000043e-01 0.000000000000000000e+00 -1.645000000000000073e-01 0.000000000000000000e+00 6.689800000000000191e-01 -0.000000000000000000e+00 -1.259800000000000086e-01 -0.000000000000000000e+00 1.351920000000000011e+00
1.136400000000000077e+00 0.000000000000000000e+00 -1.030999999999999972e-02 0.000000000000000000e+00 1.059029999999999916e+00 -0.000000000000000000e+00 -5.408999999999999919e-02 -0.000000000000000000e+00 7.393499999999999517e-01
1.136400000000000077e+00 0.000000000000000000e+00 -1.030999999999999972e-02 0.000000000000000000e+00 1.059029999999999916e+00 -0.000000000000000000e+00 -5.408999999999999919e-02 -0.000000000000000000e+00 7.393499999999999517e-01
1.012329999999999952e+00 0.000000000000000000e+00 6.399000000000000521e-02 0.000000000000000000e+00 1.000240000000000018e+00 -0.000000000000000000e+00 6.905999999999999639e-02 -0.000000000000000000e+00 1.223989999999999911e+00
4.115129999999999733e+00 0.000000000000000000e+00 1.503099999999999992e-01 0.000000000000000000e+00 5.336529999999999774e+00 -0.000000000000000000e+00 1.180500000000000022e-01 -0.000000000000000000e+00 3.727489999999999970e+00
-2.200930000000000053e+00 -0.000000000000000000e+00 2.852899999999999880e-01 -0.000000000000000000e+00 -1.593520000000000048e+00 0.000000000000000000e+00 2.937600000000000211e-01 0.000000000000000000e+00 -1.659769999999999968e+00
-1.513779999999999903e+00 -0.000000000000000000e+00 -1.034500000000000003e-01 -0.000000000000000000e+00 -3.717220000000000191e+00 0.000000000000000000e+00 -7.621999999999999609e-02 0.000000000000000000e+00 -1.157049999999999912e+00
-1.747130000000000072e+00 -0.000000000000000000e+00 -2.801600000000000201e-01 -0.000000000000000000e+00 -1.609900000000000109e+00 0.000000000000000000e+00 -2.666499999999999981e-01 0.000000000000000000e+00 -2.264740000000000197e+00
-1.747130000000000072e+00 -0.000000000000000000e+00 -2.801600000000000201e-01 -0.000000000000000000e+00 -1.609900000000000109e+00 0.000000000000000000e+00 -2.666499999999999981e-01 0.000000000000000000e+00 -2.264740000000000197e+00
-2.200930000000000053e+00 -0.000000000000000000e+00 2.852899999999999880e-01 -0.000000000000000000e+00 -1.593520000000000048e+00 0.000000000000000000e+00 2.937600000000000211e-01 0.000000000000000000e+00 -1.659769999999999968e+00
