1.377699999999999925e+00 1.472199999999999898e-01 -1.397700000000000053e-01 1.472199999999999898e-01 1.547700000000000076e+00 8.069999999999999396e-02 -1.477100000000000080e-01 8.527999999999999470e-02 1.050380000000000091e+00
1.632700000000000040e+00 -0.000000000000000000e+00 0.000000000000000000e+00 -0.000000000000000000e+00 1.292699999999999960e+00 -1.613900000000000057e-01 0.000000000000000000e+00 -1.705599999999999894e-01 1.050380000000000091e+00
1.377699999999999925e+00 -1.472199999999999898e-01 1.397700000000000053e-01 -1.472199999999999898e-01 1.547700000000000076e+00 8.069999999999999396e-02 1.477100000000000080e-01 8.527999999999999470e-02 1.050380000000000091e+00
1.377699999999999925e+00 1.472199999999999898e-01 -1.397700000000000053e-01 1.472199999999999898e-01 1.547700000000000076e+00 8.069999999999999396e-02 -1.477100000000000080e-01 8.527999999999999470e-02 1.050380000000000091e+00
1.632700000000000040e+00 -0.000000000000000000e+00 0.000000000000000000e+00 -0.000000000000000000e+00 1.292699999999999960e+00 -1.613900000000000057e-01 0.000000000000000000e+00 -1.705599999999999894e-01 1.050380000000000091e+00
1.377699999999999925e+00 -1.472199999999999898e-01 1.397700000000000053e-01 -1.472199999999999898e-01 1.547700000000000076e+00 8.069999999999999396e-02 1.477100000000000080e-01 8.527999999999999470e-02 1.050380000000000091e+00
1.092170000000000085e+00 -3.494700000000000029e-01 1.680000000000000070e-03 -3.494700000000000029e-01 6.886299999999999644e-01 -9.700000000000000505e-04 -1.136000000000000031e-02 6.559999999999999859e-03 1.184369999999999923e+00
4.868600000000000150e-01 -0.000000000000000000e+00 -0.000000000000000000e+00 -0.000000000000000000e+00 1.293930000000000025e+00 1.930000000000000075e-03 0.000000000000000000e+00 -1.311999999999999972e-02 1.184369999999999923e+00
1.092170000000000085e+00 3.494700000000000029e-01 -1.680000000000000070e-03 3.494700000000000029e-01 6.886299999999999644e-01 -9.700000000000000505e-04 1.136000000000000031e-02 6.559999999999999859e-03 1.184369999999999923e+00
1.092170000000000085e+00 -3.494700000000000029e-01 1.680000000000000070e-03 -3.494700000000000029e-01 6.886299999999999644e-01 -9.700000000000000505e-04 -1.136000000000000031e-02 6.559999999999999859e-03 1.184369999999999923e+00
4.868600000000000150e-01 -0.000000000000000000e+00 -0.000000000000000000e+00 -0.000000000000000000e+00 1.293930000000000025e+00 1.930000000000000075e-03 0.000000000000000000e+00 -1.311999999999999972e-02 1.184369999999999923e+00
1.092170000000000085e+00 3.494700000000000029e-01 -1.680000000000000070e-03 3.494700000000000029e-01 6.886299999999999644e-01 -9.700000000000000505e-04 1.136000000000000031e-02 6.559999999999999859e-03 1.184369999999999923e+00
2.106129999999999836e+00 -0.000000000000000000e+00 -0.000000000000000000e+00 -0.000000000000000000e+00 2.106129999999999836e+00 -0.000000000000000000e+00 0.000000000000000000e+00 0.000000000000000000e+00 -1.134500000000000064e+00
2.106129999999999836e+00 -0.000000000000000000e+00 -0.000000000000000000e+00 -0.000000000000000000e+00 2.106129999999999836e+00 -0.000000000000000000e+00 0.000000000000000000e+00 0.000000000000000000e+00 -1.134500000000000064e+00
-2.768909999999999982e+00 5.948499999999999899e-01 -7.020000000000000198e-03 5.948499999999999899e-01 -2.082040000000000113e+00 4.049999999999999781e-03 -3.957000000000000101e-02 2.283999999999999919e-02 -1.527870000000000061e+00
-1.738599999999999923e+00 0.000000000000000000e+00 0.000000000000000000e+00 0.000000000000000000e+00 -3.112350000000000172e+00 -8.109999999999999154e-03 0.000000000000000000e+00 -4.569000000000000145e-02 -1.527870000000000061e+00
-2.768909999999999982e+00 -5.948499999999999899e-01 7.020000000000000198e-03 -5.948499999999999899e-01 -2.082040000000000113e+00 4.049999999999999781e-03 3.957000000000000101e-02 2.283999999999999919e-02 -1.527870000000000061e+00
-2.768909999999999982e+00 5.948499999999999899e-01 -7.020000000000000198e-03 5.948499999999999899e-01 -2.082040000000000113e+00 4.049999999999999781e-03 -3.957000000000000101e-02 2.283999999999999919e-02 -1.527870000000000061e+00
-1.738599999999999923e+00 0.000000000000000000e+00 0.000000000000000000e+00 0.000000000000000000e+00 -3.112350000000000172e+00 -8.109999999999999154e-03 0.000000000000000000e+00 -4.569000000000000145e-02 -1.527870000000000061e+00
-2.768909999999999982e+00 -5.948499999999999899e-01 7.020000000000000198e-03 -5.948499999999999899e-01 -2.082040000000000113e+00 4.049999999999999781e-03 3.957000000000000101e-02 2.283999999999999919e-02 -1.527870000000000061e+00
-3.778000000000000025e+00 0.000000000000000000e+00 0.000000000000000000e+00 0.000000000000000000e+00 -3.778000000000000025e+00 0.000000000000000000e+00 0.000000000000000000e+00 0.000000000000000000e+00 -1.972269999999999968e+00
