1.450369999999999937e+00 -1.649200000000000110e-01 0.000000000000000000e+00 -9.668999999999999817e-02 1.520920000000000050e+00 -0.000000000000000000e+00 0.000000000000000000e+00 0.000000000000000000e+00 1.221119999999999983e+00
1.450369999999999937e+00 -1.649200000000000110e-01 0.000000000000000000e+00 -9.668999999999999817e-02 1.520920000000000050e+00 0.000000000000000000e+00 0.000000000000000000e+00 0.000000000000000000e+00 1.221119999999999983e+00
1.450369999999999937e+00 1.649200000000000110e-01 0.000000000000000000e+00 9.668999999999999817e-02 1.520920000000000050e+00 -0.000000000000000000e+00 0.000000000000000000e+00 0.000000000000000000e+00 1.221119999999999983e+00
1.450369999999999937e+00 1.649200000000000110e-01 0.000000000000000000e+00 9.668999999999999817e-02 1.520920000000000050e+00 0.000000000000000000e+00 0.000000000000000000e+00 0.000000000000000000e+00 1.221119999999999983e+00
3.086199999999999832e+00 -0.000000000000000000e+00 0.000000000000000000e+00 -0.000000000000000000e+00 3.284229999999999983e+00 -0.000000000000000000e+00 0.000000000000000000e+00 0.000000000000000000e+00 5.054389999999999716e+00
3.086199999999999832e+00 -0.000000000000000000e+00 0.000000000000000000e+00 -0.000000000000000000e+00 3.284229999999999983e+00 -0.000000000000000000e+00 0.000000000000000000e+00 0.000000000000000000e+00 5.054389999999999716e+00
-1.440600000000000103e+00 -0.000000000000000000e+00 0.000000000000000000e+00 -0.000000000000000000e+00 -3.389139999999999819e+00 -0.000000000000000000e+00 0.000000000000000000e+00 0.000000000000000000e+00 -1.396560000000000024e+00
-1.440600000000000103e+00 -0.000000000000000000e+00 0.000000000000000000e+00 -0.000000000000000000e+00 -3.389139999999999819e+00 -0.000000000000000000e+00 0.000000000000000000e+00 0.000000000000000000e+00 -1.396560000000000024e+00
-2.273169999999999913e+00 0.000000000000000000e+00 0.000000000000000000e+00 0.000000000000000000e+00 -1.468469999999999942e+00 5.160700000000000287e-01 0.000000000000000000e+00 7.473600000000000243e-01 -3.050040000000000084e+00
-2.273169999999999913e+00 0.000000000000000000e+00 -0.000000000000000000e+00 0.000000000000000000e+00 -1.468469999999999942e+00 -5.160700000000000287e-01 -0.000000000000000000e+00 -7.473600000000000243e-01 -3.050040000000000084e+00
-2.273169999999999913e+00 0.000000000000000000e+00 0.000000000000000000e+00 0.000000000000000000e+00 -1.468469999999999942e+00 5.160700000000000287e-01 0.000000000000000000e+00 7.473600000000000243e-01 -3.050040000000000084e+00
-2.273169999999999913e+00 0.000000000000000000e+00 -0.000000000000000000e+00 0.000000000000000000e+00 -1.468469999999999942e+00 -5.160700000000000287e-01 -0.000000000000000000e+00 -7.473600000000000243e-01 -3.050040000000000084e+00
