-2.397363189875267864e-01
-1.604813076817119266e-01
-1.100747739591831781e-01
2.916516491791170118e+00
3.199999899969381278e+00
3.393403624191061674e+00
3.788929307441465166e+00
3.906330695387501439e+00
3.910934459845863298e+00
4.052174638295158005e+00
4.209378493068838267e+00
4.510225176778816625e+00
4.655345888209232896e+00
4.721845465957928312e+00
4.749056177306652415e+00
5.108595392180052208e+00
5.217429221250211135e+00
5.522964253966071269e+00
5.658785787271536805e+00
5.811579831141117758e+00
5.881447427607175982e+00
6.149792168144369242e+00
6.322031351094336671e+00
6.322607666949386918e+00
6.326986930411690579e+00
6.568101261190075313e+00
6.599986066147407904e+00
6.821852945986169203e+00
6.957466259195440372e+00
7.277724476592887015e+00
7.387810471938880852e+00
7.456444601008614725e+00
7.839408340642150641e+00
7.970612598041154406e+00
8.036566766269205075e+00
8.062087133920691429e+00
8.151831836770565332e+00
8.285869750427497848e+00
8.301955090259008685e+00
8.446475023055672438e+00
9.055737041626585437e+00
9.120045498658356564e+00
9.134604772080434643e+00
9.193017655291727763e+00
9.793796987859177960e+00
1.031007218073774645e+01
1.031342995171102572e+01
1.098586527450753891e+01
1.099464790184777208e+01
1.113085464232692701e+01
1.153589576533162564e+01
1.185017575830777581e+01
1.186093661326892779e+01
1.279605442720850483e+01
1.363379927236607081e+01
1.408723349082584697e+01
1.431983229886681919e+01
1.539436389268581529e+01
1.540084402759008597e+01
1.565067641383990349e+01
1.817241863375213029e+01
1.936798662509887592e+01
1.973565723912296832e+01
2.054991776537646686e+01
2.175638713586933193e+01
2.190993308337202450e+01
