1.198390000000000066e+00 -6.497999999999999610e-02 3.722999999999999921e-02 -1.383500000000000008e-01 1.187939999999999996e+00 -9.170999999999999985e-02 -2.545000000000000040e-02 -4.855000000000000288e-02 1.029959999999999987e+00
1.198390000000000066e+00 6.497999999999999610e-02 -3.722999999999999921e-02 1.383500000000000008e-01 1.187939999999999996e+00 -9.170999999999999985e-02 2.545000000000000040e-02 -4.855000000000000288e-02 1.029959999999999987e+00
1.198390000000000066e+00 6.497999999999999610e-02 3.722999999999999921e-02 1.383500000000000008e-01 1.187939999999999996e+00 9.170999999999999985e-02 -2.545000000000000040e-02 4.855000000000000288e-02 1.029959999999999987e+00
1.198390000000000066e+00 -6.497999999999999610e-02 -3.722999999999999921e-02 -1.383500000000000008e-01 1.187939999999999996e+00 9.170999999999999985e-02 2.545000000000000040e-02 4.855000000000000288e-02 1.029959999999999987e+00
1.198390000000000066e+00 -6.497999999999999610e-02 3.722999999999999921e-02 -1.383500000000000008e-01 1.187939999999999996e+00 -9.170999999999999985e-02 -2.545000000000000040e-02 -4.855000000000000288e-02 1.029959999999999987e+00
1.198390000000000066e+00 6.497999999999999610e-02 -3.722999999999999921e-02 1.383500000000000008e-01 1.187939999999999996e+00 -9.170999999999999985e-02 2.545000000000000040e-02 -4.855000000000000288e-02 1.029959999999999987e+00
1.198390000000000066e+00 -6.497999999999999610e-02 -3.722999999999999921e-02 -1.383500000000000008e-01 1.187939999999999996e+00 9.170999999999999985e-02 2.545000000000000040e-02 4.855000000000000288e-02 1.029959999999999987e+00
1.198390000000000066e+00 6.497999999999999610e-02 3.722999999999999921e-02 1.383500000000000008e-01 1.187939999999999996e+00 9.170999999999999985e-02 -2.545000000000000040e-02 4.855000000000000288e-02 1.029959999999999987e+00
1.180199999999999916e+00 0.000000000000000000e+00 1.481699999999999962e-01 0.000000000000000000e+00 1.464550000000000018e+00 0.000000000000000000e+00 2.572999999999999940e-02 0.000000000000000000e+00 2.518749999999999822e+00
1.180199999999999916e+00 0.000000000000000000e+00 1.481699999999999962e-01 0.000000000000000000e+00 1.464550000000000018e+00 -0.000000000000000000e+00 2.572999999999999940e-02 0.000000000000000000e+00 2.518749999999999822e+00
1.180199999999999916e+00 0.000000000000000000e+00 -1.481699999999999962e-01 0.000000000000000000e+00 1.464550000000000018e+00 -0.000000000000000000e+00 -2.572999999999999940e-02 0.000000000000000000e+00 2.518749999999999822e+00
1.180199999999999916e+00 0.000000000000000000e+00 -1.481699999999999962e-01 0.000000000000000000e+00 1.464550000000000018e+00 -0.000000000000000000e+00 -2.572999999999999940e-02 0.000000000000000000e+00 2.518749999999999822e+00
-1.788480000000000070e+00 3.620300000000000185e-01 5.333999999999999853e-02 3.565900000000000181e-01 -1.920220000000000038e+00 -1.545999999999999874e-01 -2.730000000000000135e-02 9.592000000000000526e-02 -2.289340000000000153e+00
-1.788480000000000070e+00 -3.620300000000000185e-01 5.333999999999999853e-02 -3.565900000000000181e-01 -1.920220000000000038e+00 1.545999999999999874e-01 -2.730000000000000135e-02 -9.592000000000000526e-02 -2.289340000000000153e+00
-1.788480000000000070e+00 -3.620300000000000185e-01 -5.333999999999999853e-02 -3.565900000000000181e-01 -1.920220000000000038e+00 -1.545999999999999874e-01 2.730000000000000135e-02 9.592000000000000526e-02 -2.289340000000000153e+00
-1.788480000000000070e+00 -3.620300000000000185e-01 -5.333999999999999853e-02 -3.565900000000000181e-01 -1.920220000000000038e+00 -1.545999999999999874e-01 2.730000000000000135e-02 9.592000000000000526e-02 -2.289340000000000153e+00
-1.788480000000000070e+00 3.620300000000000185e-01 5.333999999999999853e-02 3.565900000000000181e-01 -1.920220000000000038e+00 -1.545999999999999874e-01 -2.730000000000000135e-02 9.592000000000000526e-02 -2.289340000000000153e+00
-1.788480000000000070e+00 -3.620300000000000185e-01 5.333999999999999853e-02 -3.565900000000000181e-01 -1.920220000000000038e+00 1.545999999999999874e-01 -2.730000000000000135e-02 -9.592000000000000526e-02 -2.289340000000000153e+00
-1.788480000000000070e+00 3.620300000000000185e-01 -5.333999999999999853e-02 3.565900000000000181e-01 -1.920220000000000038e+00 1.545999999999999874e-01 2.730000000000000135e-02 -9.592000000000000526e-02 -2.289340000000000153e+00
-1.788480000000000070e+00 3.620300000000000185e-01 -5.333999999999999853e-02 3.565900000000000181e-01 -1.920220000000000038e+00 1.545999999999999874e-01 2.730000000000000135e-02 -9.592000000000000526e-02 -2.289340000000000153e+00
