-2.621354581389374536e-02
-2.621354581318143667e-02
-2.621354581142926882e-02
3.216645969692490059e+00
3.216645969692503826e+00
3.216645969692510043e+00
3.493497262920653768e+00
3.493497262920666646e+00
3.908635551258220708e+00
3.908635551258228258e+00
3.908635551258237140e+00
4.654923409022044822e+00
4.654923409022050151e+00
4.654923409022058145e+00
5.656581863687030420e+00
5.656581863687033973e+00
5.656581863687049072e+00
6.604200473486780076e+00
6.604200473486786294e+00
6.604200473486790735e+00
6.663654486565495638e+00
6.663654486565500079e+00
7.308072024795336574e+00
8.124559383975038074e+00
8.124559383975041627e+00
8.124559383975046956e+00
8.734694613644403915e+00
1.067023413088509010e+01
1.067023413088509010e+01
1.067023413088509542e+01
1.121156429382677011e+01
1.121156429382677189e+01
1.121156429382677366e+01
1.293933473011031943e+01
1.293933473011032120e+01
1.293933473011032476e+01
1.333387695263097683e+01
1.333387695263098038e+01
1.333387695263098749e+01
1.405861400115731108e+01
1.405861400115731286e+01
1.466651540848945245e+01
1.466651540848945601e+01
1.466651540848945778e+01
1.513653604501798888e+01
1.600574104691355615e+01
1.600574104691355970e+01
1.600574104691356325e+01
1.618120667490840603e+01
1.771944164201472915e+01
1.771944164201473271e+01
1.771944164201474337e+01
1.777565209382479239e+01
1.777565209382481015e+01
2.040437998275645981e+01
2.040437998275645981e+01
2.040437998275646336e+01
2.066528339066193709e+01
2.066528339066193709e+01
2.066528339066194420e+01
2.132707394244551224e+01
2.132707394244551580e+01
2.132707394244552290e+01
2.200277894723287631e+01
2.200277894723287986e+01
2.200277894723288341e+01
