1.194609999999999950e+00 -2.990999999999999909e-02 2.670000000000000151e-02 4.340000000000000108e-02 1.327809999999999935e+00 -7.817000000000000337e-02 2.870999999999999941e-02 -8.182999999999999996e-02 1.223740000000000050e+00
1.194609999999999950e+00 -2.990999999999999909e-02 2.670000000000000151e-02 4.340000000000000108e-02 1.327809999999999935e+00 -7.817000000000000337e-02 2.870999999999999941e-02 -8.182999999999999996e-02 1.223740000000000050e+00
6.142800000000000482e-01 1.325800000000000034e-01 -1.965800000000000047e-01 -7.474000000000000088e-02 1.164099999999999913e+00 6.851999999999999758e-02 -5.802000000000000213e-02 -2.159399999999999931e-01 1.069790000000000019e+00
6.142800000000000482e-01 1.325800000000000034e-01 -1.965800000000000047e-01 -7.474000000000000088e-02 1.164099999999999913e+00 6.851999999999999758e-02 -5.802000000000000213e-02 -2.159399999999999931e-01 1.069790000000000019e+00
1.212040000000000006e+00 -3.619999999999999954e-03 6.097999999999999948e-02 2.895999999999999963e-02 7.248599999999999488e-01 1.292200000000000015e-01 1.482900000000000051e-01 2.582900000000000196e-01 1.012539999999999996e+00
1.041520000000000001e+00 6.647000000000000131e-02 2.355599999999999916e-01 -1.093200000000000005e-01 1.313350000000000017e+00 -1.941199999999999870e-01 1.126599999999999963e-01 -8.082000000000000295e-02 8.551299999999999457e-01
1.041520000000000001e+00 6.647000000000000131e-02 2.355599999999999916e-01 -1.093200000000000005e-01 1.313350000000000017e+00 -1.941199999999999870e-01 1.126599999999999963e-01 -8.082000000000000295e-02 8.551299999999999457e-01
1.212040000000000006e+00 -3.619999999999999954e-03 6.097999999999999948e-02 2.895999999999999963e-02 7.248599999999999488e-01 1.292200000000000015e-01 1.482900000000000051e-01 2.582900000000000196e-01 1.012539999999999996e+00
3.412830000000000030e+00 -1.103399999999999936e-01 -4.690500000000000225e-01 -1.580000000000000024e-03 3.069040000000000212e+00 4.463999999999999913e-02 -5.374700000000000033e-01 6.424000000000000543e-02 3.557389999999999830e+00
3.412830000000000030e+00 -1.103399999999999936e-01 -4.690500000000000225e-01 -1.580000000000000024e-03 3.069040000000000212e+00 4.463999999999999913e-02 -5.374700000000000033e-01 6.424000000000000543e-02 3.557389999999999830e+00
-1.991800000000000015e+00 -7.424000000000000044e-02 3.703600000000000225e-01 -9.220000000000000417e-02 -1.610249999999999959e+00 -2.805699999999999861e-01 4.704099999999999948e-01 -3.212099999999999955e-01 -2.160499999999999865e+00
-1.720120000000000093e+00 3.593100000000000183e-01 -1.707700000000000051e-01 4.375200000000000200e-01 -2.481510000000000105e+00 2.841699999999999782e-01 5.068000000000000282e-02 7.978000000000000369e-02 -1.622260000000000035e+00
-1.720120000000000093e+00 3.593100000000000183e-01 -1.707700000000000051e-01 4.375200000000000200e-01 -2.481510000000000105e+00 2.841699999999999782e-01 5.068000000000000282e-02 7.978000000000000369e-02 -1.622260000000000035e+00
-1.853679999999999994e+00 5.890000000000000270e-03 -1.960800000000000043e-01 -2.060999999999999985e-02 -1.491460000000000008e+00 -7.904999999999999527e-02 -3.666800000000000059e-01 1.042700000000000016e-01 -2.201249999999999929e+00
-1.853679999999999994e+00 5.890000000000000270e-03 -1.960800000000000043e-01 -2.060999999999999985e-02 -1.491460000000000008e+00 -7.904999999999999527e-02 -3.666800000000000059e-01 1.042700000000000016e-01 -2.201249999999999929e+00
-1.909680000000000044e+00 -3.461400000000000032e-01 3.388900000000000245e-01 -2.114199999999999968e-01 -2.015950000000000131e+00 1.053700000000000053e-01 1.514199999999999990e-01 1.932099999999999929e-01 -1.734580000000000011e+00
-1.909680000000000044e+00 -3.461400000000000032e-01 3.388900000000000245e-01 -2.114199999999999968e-01 -2.015950000000000131e+00 1.053700000000000053e-01 1.514199999999999990e-01 1.932099999999999929e-01 -1.734580000000000011e+00
-1.991800000000000015e+00 -7.424000000000000044e-02 3.703600000000000225e-01 -9.220000000000000417e-02 -1.610249999999999959e+00 -2.805699999999999861e-01 4.704099999999999948e-01 -3.212099999999999955e-01 -2.160499999999999865e+00
