-6.766337975084193990e-02
-4.624696667153005425e-02
-1.300197481346938855e-02
2.757206425802340988e+00
3.083076573924500074e+00
3.975549119933448505e+00
4.249916820514557436e+00
4.342402302061448616e+00
4.486782827578039701e+00
4.818961604374983665e+00
5.160512878813504400e+00
5.208945112182943760e+00
5.411067150989667951e+00
5.425093524028762104e+00
5.714271161771967478e+00
5.864566256086887641e+00
6.247635684967360881e+00
6.301771204649185165e+00
6.316116293314423480e+00
6.718400807808990294e+00
6.755823339230014213e+00
6.758609164705416283e+00
6.895874577889448354e+00
7.205995809228001647e+00
7.647647114859472239e+00
7.726949669596089088e+00
8.176030209160606077e+00
8.195780273226375812e+00
8.307271093943606743e+00
8.608685249669266071e+00
8.785147279528226605e+00
8.936857398198744917e+00
9.692380390288262149e+00
9.706470338436568923e+00
9.746899559279151859e+00
1.072676335564584704e+01
1.085727292073852190e+01
1.094258035707359866e+01
1.101799833220756142e+01
1.134447478583306079e+01
1.168604653160862128e+01
1.260148484501845623e+01
1.270143908396080512e+01
1.299771956753995106e+01
1.310637421978734984e+01
1.326640591011170933e+01
1.412746401392130480e+01
1.433735720866452290e+01
1.554050324546039796e+01
1.594644709740732402e+01
1.601278772342182677e+01
1.629473476572616519e+01
1.654132499477282181e+01
1.669312862393305963e+01
1.740583931900919268e+01
1.753299587066793919e+01
1.776012087246473925e+01
2.203542896406746365e+01
2.396754657631410268e+01
2.448731597724981413e+01
