-8.390648473151524067e-02
-1.546770037853074063e-02
-1.418340787681155249e-02
2.552191258507089167e+00
3.042971090891269270e+00
3.181597240381000891e+00
3.639625653827601948e+00
5.370993250787045703e+00
5.870527684970065607e+00
5.890544490961764801e+00
5.972681391134136319e+00
5.984396803354536942e+00
6.718509425460382545e+00
7.343374333370184637e+00
7.368833055511571750e+00
7.855741861848567709e+00
9.213544708742666955e+00
1.030904394209278685e+01
1.263407772652994332e+01
1.317218630296428827e+01
1.324792553572067710e+01
1.337316421046268289e+01
1.365460607267745274e+01
1.392068848872066411e+01
1.576238563796736969e+01
1.589741500999454971e+01
1.590728996403850104e+01
1.597431641729936480e+01
1.736551634705976710e+01
2.508601827712002574e+01
