-2.394024034096186443e-02
-2.394012725820048731e-02
-1.749989445680832229e-02
3.733480883584690435e+00
3.733480883941764361e+00
4.117156718375306390e+00
4.358353838271638026e+00
6.103432775418456302e+00
6.103432776203997712e+00
7.798315715227762901e+00
8.610965165195484161e+00
8.610965165708316604e+00
8.626291498290905579e+00
9.295213768461115578e+00
9.295213768659587927e+00
1.502198158668591077e+01
1.502198158693820496e+01
1.533489208714550678e+01
1.533489208742507515e+01
1.622334541648698547e+01
1.622334541653301443e+01
1.726191936246745584e+01
1.763167180347871721e+01
1.923173374254765022e+01
1.926223249772148094e+01
1.936891485913338329e+01
1.936891485915546696e+01
