-4.328213915693169822e-01
-6.469397645839988775e-02
-3.351452864057616332e-02
1.414086638081273994e+00
1.790975801064883299e+00
1.812876154071204171e+00
1.958292718160387746e+00
2.096060762478034523e+00
2.184880909798060600e+00
2.263681280569329601e+00
2.414312384510338916e+00
2.437388965676180241e+00
2.611612691422677379e+00
2.653973658497762678e+00
2.689025007321427019e+00
2.850821772752551553e+00
2.860503723122904685e+00
3.071658153180460982e+00
3.075009286164839928e+00
3.086539993261062431e+00
3.096844934768287594e+00
3.102484035414203589e+00
3.211307039197591529e+00
3.263419571553740628e+00
3.350016955180973532e+00
3.543893833059901244e+00
3.628031353227256783e+00
3.637628073346696578e+00
3.704653398092728533e+00
3.755306951502100699e+00
3.915350112058945786e+00
4.084445482559413421e+00
4.186395346834792086e+00
4.362880848705359860e+00
4.450176962773503497e+00
4.602670583476510480e+00
4.653352425939819348e+00
4.697396949375260533e+00
4.833830085967027124e+00
4.968310306331519932e+00
4.995770981540286648e+00
5.054082142189618487e+00
5.112961382604019001e+00
5.291298668568993335e+00
5.312476390535773696e+00
5.344553657696777371e+00
5.424003097344248125e+00
5.430164886999288676e+00
5.561894389504352887e+00
5.703729472897535402e+00
5.735230038978384570e+00
5.878645719891614441e+00
5.908064048400287760e+00
6.045396943129541789e+00
6.064698978514926786e+00
6.074451432022483388e+00
6.194332127033551849e+00
6.240507311108609123e+00
6.372195657699157856e+00
6.486659178652752544e+00
6.561691466382734816e+00
6.796942224265261068e+00
6.990806548603672788e+00
7.174202436508186231e+00
7.274772635622366757e+00
7.322760756709179475e+00
7.341390672072969359e+00
7.389980832180825132e+00
7.615346866689658434e+00
7.732930479449559691e+00
7.749970825751539394e+00
7.916673537540877881e+00
7.986190330814811666e+00
7.991003810535945107e+00
8.109594582961591414e+00
8.173430412011837731e+00
8.419408963816877645e+00
8.436535207062197728e+00
8.628636085732205530e+00
8.667048280700875296e+00
8.725449661765289022e+00
8.737640121909347357e+00
8.753353945774156486e+00
8.804832133550304363e+00
8.893781810905863949e+00
8.989903130735058312e+00
9.034339372638156007e+00
9.056796216102027230e+00
9.125375959378331459e+00
9.135065330910338233e+00
9.188126952758107535e+00
9.276141827290050657e+00
9.298045945251077526e+00
9.433248804097132734e+00
9.464034647020264757e+00
9.508314345876454965e+00
9.610656091027292902e+00
9.739307624261593688e+00
1.000265314804027383e+01
1.012772649709696715e+01
1.013402649493280094e+01
1.030343763022807835e+01
1.042912815148035222e+01
1.054421931676309576e+01
1.057968629024509433e+01
1.058373624954817238e+01
1.064532836506230140e+01
1.070502377391101412e+01
1.088817523738481974e+01
1.089034572453969396e+01
1.100987020813597006e+01
1.102689865737415786e+01
1.115718983436241452e+01
1.124259898777858169e+01
1.136646000300885184e+01
1.143134725218335745e+01
1.163408861922582993e+01
1.169727870062092556e+01
1.175336849588236099e+01
1.175526826576067485e+01
1.176591233181685681e+01
1.202650639213233852e+01
1.207224502733439486e+01
1.214774415272234798e+01
1.249898699895315524e+01
1.250166172954619626e+01
1.255470234613310154e+01
1.257465963754088989e+01
1.263591429220695517e+01
1.271109814296152685e+01
1.276469137895624861e+01
1.285745659141029407e+01
1.294516778570289617e+01
1.338301554209663280e+01
1.389593645638896824e+01
1.394808682221328944e+01
1.401069698480414694e+01
1.411931035851255700e+01
1.423529873237650101e+01
1.435833740375256617e+01
1.438875303839773245e+01
1.452336782568010243e+01
1.463940268590218174e+01
1.472593277181448990e+01
1.482553078307822325e+01
1.488336044043817452e+01
1.508000633288991743e+01
1.514945500669908540e+01
1.523611548262876703e+01
1.524994199988970500e+01
1.527243117516003146e+01
1.532725373313823702e+01
1.538671381419697326e+01
1.547083268605798168e+01
1.547491560558570534e+01
1.564235397886136525e+01
1.573011458953812003e+01
1.584069196720900941e+01
1.681307589348243070e+01
1.699731240520100783e+01
1.711921429271799155e+01
1.712026760888976185e+01
1.723242690395058574e+01
1.728676869747495815e+01
1.729091483988050726e+01
1.756392197090388052e+01
1.782954918106456432e+01
1.797425088842369334e+01
1.826320681041530491e+01
1.889007903636191799e+01
1.897729332649943501e+01
2.023302048632383432e+01
2.049848899309409944e+01
2.060313311125276314e+01
2.123388718534597430e+01
2.127157032285110816e+01
2.152569578434109587e+01
2.168662172861416337e+01
2.210077840258120929e+01
2.210416153125921923e+01
