2.152719999999999967e+00 -0.000000000000000000e+00 8.749999999999999445e-02 -0.000000000000000000e+00 2.498310000000000031e+00 0.000000000000000000e+00 9.317000000000000282e-02 0.000000000000000000e+00 2.561539999999999928e+00
2.152719999999999967e+00 -0.000000000000000000e+00 8.749999999999999445e-02 -0.000000000000000000e+00 2.498310000000000031e+00 0.000000000000000000e+00 9.317000000000000282e-02 0.000000000000000000e+00 2.561539999999999928e+00
2.602180000000000160e+00 4.136999999999999705e-02 2.433000000000000093e-02 5.489000000000000129e-02 2.473079999999999945e+00 -2.407000000000000112e-02 8.420000000000000401e-03 5.834000000000000297e-02 2.765880000000000116e+00
2.602180000000000160e+00 -4.136999999999999705e-02 2.433000000000000093e-02 -5.489000000000000129e-02 2.473079999999999945e+00 2.407000000000000112e-02 8.420000000000000401e-03 -5.834000000000000297e-02 2.765880000000000116e+00
2.602180000000000160e+00 4.136999999999999705e-02 2.433000000000000093e-02 5.489000000000000129e-02 2.473079999999999945e+00 -2.407000000000000112e-02 8.420000000000000401e-03 5.834000000000000297e-02 2.765880000000000116e+00
2.602180000000000160e+00 -4.136999999999999705e-02 2.433000000000000093e-02 -5.489000000000000129e-02 2.473079999999999945e+00 2.407000000000000112e-02 8.420000000000000401e-03 -5.834000000000000297e-02 2.765880000000000116e+00
2.466650000000000009e+00 1.257399999999999907e-01 6.893000000000000516e-02 9.517000000000000459e-02 2.454060000000000130e+00 1.147500000000000048e-01 9.248000000000000664e-02 5.154999999999999860e-02 2.601999999999999869e+00
2.466650000000000009e+00 -1.257399999999999907e-01 6.893000000000000516e-02 -9.517000000000000459e-02 2.454060000000000130e+00 -1.147500000000000048e-01 9.248000000000000664e-02 -5.154999999999999860e-02 2.601999999999999869e+00
2.466650000000000009e+00 1.257399999999999907e-01 6.893000000000000516e-02 9.517000000000000459e-02 2.454060000000000130e+00 1.147500000000000048e-01 9.248000000000000664e-02 5.154999999999999860e-02 2.601999999999999869e+00
2.466650000000000009e+00 -1.257399999999999907e-01 6.893000000000000516e-02 -9.517000000000000459e-02 2.454060000000000130e+00 -1.147500000000000048e-01 9.248000000000000664e-02 -5.154999999999999860e-02 2.601999999999999869e+00
-2.071759999999999824e+00 -3.000700000000000034e-01 -1.347899999999999932e-01 -2.747200000000000197e-01 -1.345280000000000031e+00 1.883900000000000019e-01 -1.543899999999999995e-01 1.591299999999999937e-01 -1.990429999999999922e+00
-2.071759999999999824e+00 3.000700000000000034e-01 -1.347899999999999932e-01 2.747200000000000197e-01 -1.345280000000000031e+00 -1.883900000000000019e-01 -1.543899999999999995e-01 -1.591299999999999937e-01 -1.990429999999999922e+00
-2.071759999999999824e+00 -3.000700000000000034e-01 -1.347899999999999932e-01 -2.747200000000000197e-01 -1.345280000000000031e+00 1.883900000000000019e-01 -1.543899999999999995e-01 1.591299999999999937e-01 -1.990429999999999922e+00
-2.071759999999999824e+00 3.000700000000000034e-01 -1.347899999999999932e-01 2.747200000000000197e-01 -1.345280000000000031e+00 -1.883900000000000019e-01 -1.543899999999999995e-01 -1.591299999999999937e-01 -1.990429999999999922e+00
-1.310100000000000042e+00 -1.282000000000000084e-01 -1.952699999999999991e-01 -1.597000000000000086e-01 -2.355690000000000062e+00 3.504000000000000170e-02 -2.006600000000000050e-01 1.521999999999999915e-02 -1.729470000000000063e+00
-1.310100000000000042e+00 1.282000000000000084e-01 -1.952699999999999991e-01 1.597000000000000086e-01 -2.355690000000000062e+00 -3.504000000000000170e-02 -2.006600000000000050e-01 -1.521999999999999915e-02 -1.729470000000000063e+00
-1.310100000000000042e+00 -1.282000000000000084e-01 -1.952699999999999991e-01 -1.597000000000000086e-01 -2.355690000000000062e+00 3.504000000000000170e-02 -2.006600000000000050e-01 1.521999999999999915e-02 -1.729470000000000063e+00
-1.310100000000000042e+00 1.282000000000000084e-01 -1.952699999999999991e-01 1.597000000000000086e-01 -2.355690000000000062e+00 -3.504000000000000170e-02 -2.006600000000000050e-01 -1.521999999999999915e-02 -1.729470000000000063e+00
-1.724399999999999933e+00 -7.440000000000000432e-03 2.354799999999999949e-01 -1.847000000000000031e-02 -1.628670000000000062e+00 -2.155799999999999939e-01 2.259200000000000097e-01 -2.137600000000000056e-01 -2.057160000000000100e+00
-1.724399999999999933e+00 7.440000000000000432e-03 2.354799999999999949e-01 1.847000000000000031e-02 -1.628670000000000062e+00 2.155799999999999939e-01 2.259200000000000097e-01 2.137600000000000056e-01 -2.057160000000000100e+00
-2.077850000000000197e+00 0.000000000000000000e+00 -8.484999999999999487e-02 0.000000000000000000e+00 -1.693300000000000027e+00 -0.000000000000000000e+00 -3.670999999999999958e-02 -0.000000000000000000e+00 -1.743160000000000043e+00
-2.077850000000000197e+00 0.000000000000000000e+00 -8.484999999999999487e-02 0.000000000000000000e+00 -1.693300000000000027e+00 -0.000000000000000000e+00 -3.670999999999999958e-02 -0.000000000000000000e+00 -1.743160000000000043e+00
-1.724399999999999933e+00 7.440000000000000432e-03 2.354799999999999949e-01 1.847000000000000031e-02 -1.628670000000000062e+00 2.155799999999999939e-01 2.259200000000000097e-01 2.137600000000000056e-01 -2.057160000000000100e+00
-1.724399999999999933e+00 -7.440000000000000432e-03 2.354799999999999949e-01 -1.847000000000000031e-02 -1.628670000000000062e+00 -2.155799999999999939e-01 2.259200000000000097e-01 -2.137600000000000056e-01 -2.057160000000000100e+00
