2.401279999999999859e+00 2.593799999999999994e-01 -1.149799999999999989e-01 2.593799999999999994e-01 2.401279999999999859e+00 -1.149799999999999989e-01 -6.754000000000000281e-02 -6.754000000000000281e-02 2.612299999999999844e+00
2.401279999999999859e+00 -2.593799999999999994e-01 -1.149799999999999989e-01 -2.593799999999999994e-01 2.401279999999999859e+00 1.149799999999999989e-01 -6.754000000000000281e-02 6.754000000000000281e-02 2.612299999999999844e+00
2.401279999999999859e+00 2.593799999999999994e-01 1.149799999999999989e-01 2.593799999999999994e-01 2.401279999999999859e+00 1.149799999999999989e-01 6.754000000000000281e-02 6.754000000000000281e-02 2.612299999999999844e+00
2.401279999999999859e+00 -2.593799999999999994e-01 1.149799999999999989e-01 -2.593799999999999994e-01 2.401279999999999859e+00 -1.149799999999999989e-01 6.754000000000000281e-02 -6.754000000000000281e-02 2.612299999999999844e+00
2.233389999999999986e+00 9.700000000000000505e-04 0.000000000000000000e+00 -9.700000000000000505e-04 2.233389999999999986e+00 0.000000000000000000e+00 -0.000000000000000000e+00 0.000000000000000000e+00 1.506909999999999972e+00
2.233389999999999986e+00 -9.700000000000000505e-04 0.000000000000000000e+00 9.700000000000000505e-04 2.233389999999999986e+00 0.000000000000000000e+00 -0.000000000000000000e+00 0.000000000000000000e+00 1.506909999999999972e+00
2.844259999999999788e+00 3.742000000000000187e-02 -2.419999999999999929e-02 3.742000000000000187e-02 2.844259999999999788e+00 -2.419999999999999929e-02 -9.459999999999999659e-03 -9.459999999999999659e-03 2.858629999999999782e+00
2.844259999999999788e+00 -3.742000000000000187e-02 -2.419999999999999929e-02 -3.742000000000000187e-02 2.844259999999999788e+00 2.419999999999999929e-02 -9.459999999999999659e-03 9.459999999999999659e-03 2.858629999999999782e+00
2.844259999999999788e+00 3.742000000000000187e-02 2.419999999999999929e-02 3.742000000000000187e-02 2.844259999999999788e+00 2.419999999999999929e-02 9.459999999999999659e-03 9.459999999999999659e-03 2.858629999999999782e+00
2.844259999999999788e+00 -3.742000000000000187e-02 2.419999999999999929e-02 -3.742000000000000187e-02 2.844259999999999788e+00 -2.419999999999999929e-02 9.459999999999999659e-03 -9.459999999999999659e-03 2.858629999999999782e+00
-2.112169999999999881e+00 7.820799999999999974e-01 0.000000000000000000e+00 7.820799999999999974e-01 -2.112169999999999881e+00 0.000000000000000000e+00 0.000000000000000000e+00 0.000000000000000000e+00 -1.586270000000000069e+00
-2.112169999999999881e+00 -7.820799999999999974e-01 0.000000000000000000e+00 -7.820799999999999974e-01 -2.112169999999999881e+00 -0.000000000000000000e+00 0.000000000000000000e+00 0.000000000000000000e+00 -1.586270000000000069e+00
-1.535760000000000014e+00 -1.090799999999999964e-01 -3.645000000000000323e-02 -1.090799999999999964e-01 -1.535760000000000014e+00 -3.645000000000000323e-02 4.980000000000000052e-03 4.980000000000000052e-03 -2.225480000000000125e+00
-1.535760000000000014e+00 1.090799999999999964e-01 -3.645000000000000323e-02 1.090799999999999964e-01 -1.535760000000000014e+00 3.645000000000000323e-02 4.980000000000000052e-03 -4.980000000000000052e-03 -2.225480000000000125e+00
-1.535760000000000014e+00 -1.090799999999999964e-01 3.645000000000000323e-02 -1.090799999999999964e-01 -1.535760000000000014e+00 3.645000000000000323e-02 -4.980000000000000052e-03 -4.980000000000000052e-03 -2.225480000000000125e+00
-1.535760000000000014e+00 1.090799999999999964e-01 3.645000000000000323e-02 1.090799999999999964e-01 -1.535760000000000014e+00 -3.645000000000000323e-02 -4.980000000000000052e-03 4.980000000000000052e-03 -2.225480000000000125e+00
-2.111279999999999824e+00 2.575899999999999856e-01 1.177200000000000052e-01 1.983900000000000108e-01 -1.659110000000000085e+00 7.023000000000000076e-02 -3.799999999999999992e-03 7.591000000000000525e-02 -1.602889999999999926e+00
-2.111279999999999824e+00 -2.575899999999999856e-01 1.177200000000000052e-01 -1.983900000000000108e-01 -1.659110000000000085e+00 -7.023000000000000076e-02 -3.799999999999999992e-03 -7.591000000000000525e-02 -1.602889999999999926e+00
-2.111279999999999824e+00 2.575899999999999856e-01 -1.177200000000000052e-01 1.983900000000000108e-01 -1.659110000000000085e+00 -7.023000000000000076e-02 3.799999999999999992e-03 -7.591000000000000525e-02 -1.602889999999999926e+00
-2.111279999999999824e+00 -2.575899999999999856e-01 -1.177200000000000052e-01 -1.983900000000000108e-01 -1.659110000000000085e+00 7.023000000000000076e-02 3.799999999999999992e-03 7.591000000000000525e-02 -1.602889999999999926e+00
-1.659110000000000085e+00 -1.983900000000000108e-01 -7.023000000000000076e-02 -2.575899999999999856e-01 -2.111279999999999824e+00 1.177200000000000052e-01 -7.591000000000000525e-02 -3.799999999999999992e-03 -1.602889999999999926e+00
-1.659110000000000085e+00 1.983900000000000108e-01 -7.023000000000000076e-02 2.575899999999999856e-01 -2.111279999999999824e+00 -1.177200000000000052e-01 -7.591000000000000525e-02 3.799999999999999992e-03 -1.602889999999999926e+00
-1.659110000000000085e+00 -1.983900000000000108e-01 7.023000000000000076e-02 -2.575899999999999856e-01 -2.111279999999999824e+00 -1.177200000000000052e-01 7.591000000000000525e-02 3.799999999999999992e-03 -1.602889999999999926e+00
-1.659110000000000085e+00 1.983900000000000108e-01 7.023000000000000076e-02 2.575899999999999856e-01 -2.111279999999999824e+00 1.177200000000000052e-01 7.591000000000000525e-02 -3.799999999999999992e-03 -1.602889999999999926e+00
