5.142450000000000188e+00 -0.000000000000000000e+00 -5.362000000000000099e-02 -0.000000000000000000e+00 4.280520000000000103e+00 -0.000000000000000000e+00 8.616999999999999660e-02 -0.000000000000000000e+00 5.046020000000000394e+00
5.142450000000000188e+00 -0.000000000000000000e+00 -5.362000000000000099e-02 -0.000000000000000000e+00 4.280520000000000103e+00 -0.000000000000000000e+00 8.616999999999999660e-02 -0.000000000000000000e+00 5.046020000000000394e+00
5.560130000000000017e+00 1.753800000000000081e-01 -2.287299999999999889e-01 -2.770299999999999985e-01 5.373099999999999987e+00 -9.116800000000000459e-01 -4.454500000000000126e-01 2.604299999999999948e-01 5.204329999999999679e+00
5.560130000000000017e+00 -1.753800000000000081e-01 -2.287299999999999889e-01 2.770299999999999985e-01 5.373099999999999987e+00 9.116800000000000459e-01 -4.454500000000000126e-01 -2.604299999999999948e-01 5.204329999999999679e+00
-3.135380000000000056e+00 -5.763800000000000034e-01 2.623599999999999821e-01 -6.762799999999999923e-01 -2.422860000000000014e+00 -5.669999999999999485e-01 1.996499999999999941e-01 -1.052040000000000086e+00 -2.322400000000000020e+00
-2.215899999999999981e+00 -2.382499999999999896e-01 -1.211900000000000061e-01 -3.052599999999999758e-01 -2.403960000000000097e+00 4.048200000000000132e-01 -2.001000000000000001e-02 7.958499999999999464e-01 -2.802770000000000206e+00
-2.215899999999999981e+00 -2.382499999999999896e-01 -1.211900000000000061e-01 -3.052599999999999758e-01 -2.403960000000000097e+00 4.048200000000000132e-01 -2.001000000000000001e-02 7.958499999999999464e-01 -2.802770000000000206e+00
-2.215899999999999981e+00 2.382499999999999896e-01 -1.211900000000000061e-01 3.052599999999999758e-01 -2.403960000000000097e+00 -4.048200000000000132e-01 -2.001000000000000001e-02 -7.958499999999999464e-01 -2.802770000000000206e+00
-2.215899999999999981e+00 2.382499999999999896e-01 -1.211900000000000061e-01 3.052599999999999758e-01 -2.403960000000000097e+00 -4.048200000000000132e-01 -2.001000000000000001e-02 -7.958499999999999464e-01 -2.802770000000000206e+00
-3.135380000000000056e+00 5.763800000000000034e-01 2.623599999999999821e-01 6.762799999999999923e-01 -2.422860000000000014e+00 5.669999999999999485e-01 1.996499999999999941e-01 1.052040000000000086e+00 -2.322400000000000020e+00
-3.135380000000000056e+00 5.763800000000000034e-01 2.623599999999999821e-01 6.762799999999999923e-01 -2.422860000000000014e+00 5.669999999999999485e-01 1.996499999999999941e-01 1.052040000000000086e+00 -2.322400000000000020e+00
-3.135380000000000056e+00 -5.763800000000000034e-01 2.623599999999999821e-01 -6.762799999999999923e-01 -2.422860000000000014e+00 -5.669999999999999485e-01 1.996499999999999941e-01 -1.052040000000000086e+00 -2.322400000000000020e+00
