-5.292484407157001941e-02
-4.586540341041382002e-02
-3.957016388644353511e-02
1.147961554234287140e+00
1.587504538576189228e+00
1.648531018816449256e+00
2.328885984757519179e+00
2.857461208835563760e+00
3.083236053240166807e+00
3.123984374160664768e+00
3.710730157260158535e+00
3.949758448310478620e+00
4.116418054571231444e+00
4.226940986103307374e+00
4.405753476988924611e+00
4.565962176803482819e+00
4.757588738005839701e+00
5.254000057099352361e+00
5.398038106571682704e+00
5.603479267383792539e+00
5.923080153096022649e+00
6.085911550458155794e+00
6.293527786543887004e+00
6.548601598814818736e+00
6.702339807858148646e+00
7.015391485868767596e+00
7.200214823184097668e+00
7.344459367441554143e+00
7.564173160365910142e+00
7.872621323295056150e+00
8.021940295215365779e+00
8.089944684606935610e+00
8.183553647407707743e+00
8.348913731737800603e+00
8.502116365940894482e+00
8.781750258348274940e+00
9.124795685383865873e+00
9.225109392305329337e+00
9.453693516292982935e+00
9.734627383726611072e+00
9.975520467624734877e+00
1.017156310504929273e+01
1.038984619712919510e+01
1.048952539441132181e+01
1.070865929983767906e+01
1.089267767814691190e+01
1.108277591580737464e+01
1.114827192886861695e+01
1.159233613211763370e+01
1.162474980375921874e+01
1.193421601949621191e+01
1.207177286068620425e+01
1.247765623023811266e+01
1.266475834747746099e+01
1.276141935679570061e+01
1.289054688521786574e+01
1.302106013349143510e+01
1.312640544856054525e+01
1.344946103009336191e+01
1.376484529517131961e+01
1.395776550884847111e+01
1.412443634273594739e+01
1.452168227169290482e+01
1.763224273880098281e+01
1.791189928511211704e+01
1.822588831854293900e+01
1.848771946455267923e+01
1.949175417965248158e+01
1.961245007641829474e+01
1.998770907332803759e+01
2.011150081421075697e+01
2.041289670771887188e+01
2.108235714999629806e+01
2.204169147320595101e+01
2.217138193708276717e+01
2.235272690299776244e+01
2.342645346611390167e+01
2.773141913065395059e+01
2.885545248302303278e+01
2.928472957020433043e+01
2.944610004737469566e+01
2.952769169779446301e+01
3.022435210223703095e+01
3.089601066480913971e+01
