-7.062280440019629013e-02
-3.950228217849948570e-02
-1.682622040382917780e-02
1.006536025434648263e+00
1.714401185015659301e+00
1.788928194045420916e+00
1.872912692057844941e+00
1.921807587918989091e+00
2.780402937828579724e+00
2.986140544875001801e+00
3.148552707207067147e+00
3.212079846534870331e+00
3.254385206443501488e+00
3.477343736906818084e+00
3.688456754105286173e+00
3.797879893742842849e+00
3.871012185719120424e+00
4.304394201458356939e+00
4.426049100502279288e+00
4.599794681144418362e+00
4.887467079330813036e+00
5.308649261019430909e+00
5.350468391305774674e+00
5.596162138731822999e+00
5.873697893751593568e+00
6.387829211120447326e+00
6.426917838966119234e+00
6.505844581749324895e+00
6.827547541985572899e+00
7.054047816651053182e+00
7.360256476680718585e+00
7.605097660372611479e+00
9.167163860863510649e+00
9.597610899873686208e+00
1.034919587587398659e+01
1.076491095256625385e+01
1.182656026759808654e+01
1.314650911002599898e+01
1.404523523253457995e+01
1.506057636940933087e+01
1.614068839171210712e+01
1.623090564702277305e+01
