-1.664259394791332836e-02
-8.496495888934934085e-03
-8.496495886237584796e-03
1.914657339179689943e+00
1.914657339179706153e+00
2.415261207197598736e+00
2.415261207197605842e+00
3.280070855629028781e+00
3.280070855629033666e+00
3.301107040827253591e+00
3.301107040827290895e+00
3.822217235220780829e+00
3.990057822318182179e+00
4.207980391872050419e+00
4.685252661137167429e+00
5.228391606165055272e+00
5.228391606165055272e+00
6.065526154047042873e+00
6.065526154047059748e+00
6.554662416430431904e+00
6.554662416430431904e+00
6.880921982015349769e+00
6.880921982015353322e+00
7.323782615369770710e+00
7.539404621085727953e+00
7.539404621085728841e+00
7.878300741647692007e+00
8.306499249830984866e+00
1.204985341508858632e+01
1.411494159703107343e+01
1.609744333936512106e+01
1.609744333936512817e+01
1.624403416063670846e+01
1.624403416063671202e+01
1.668629871849697111e+01
2.045516146894006582e+01
