2.608569999999999833e+00 0.000000000000000000e+00 -7.556999999999999829e-02 0.000000000000000000e+00 2.644109999999999960e+00 -0.000000000000000000e+00 -1.684400000000000064e-01 -0.000000000000000000e+00 2.730049999999999866e+00
2.608569999999999833e+00 0.000000000000000000e+00 -7.556999999999999829e-02 0.000000000000000000e+00 2.644109999999999960e+00 -0.000000000000000000e+00 -1.684400000000000064e-01 -0.000000000000000000e+00 2.730049999999999866e+00
4.449959999999999916e+00 0.000000000000000000e+00 -3.757099999999999884e-01 0.000000000000000000e+00 4.413820000000000299e+00 -0.000000000000000000e+00 3.557600000000000207e-01 -0.000000000000000000e+00 4.775000000000000355e+00
5.123639999999999972e+00 0.000000000000000000e+00 3.284400000000000097e-01 0.000000000000000000e+00 5.076150000000000162e+00 -0.000000000000000000e+00 -2.945200000000000040e-01 -0.000000000000000000e+00 4.918590000000000018e+00
-2.243259999999999810e+00 -5.032499999999999751e-01 3.962700000000000111e-01 -4.746900000000000008e-01 -2.776670000000000194e+00 6.320500000000000007e-01 4.314500000000000002e-01 5.832000000000000517e-01 -2.437749999999999861e+00
-2.243259999999999810e+00 5.032499999999999751e-01 3.962700000000000111e-01 4.746900000000000008e-01 -2.776670000000000194e+00 -6.320500000000000007e-01 4.314500000000000002e-01 -5.832000000000000517e-01 -2.437749999999999861e+00
-2.243259999999999810e+00 -5.032499999999999751e-01 3.962700000000000111e-01 -4.746900000000000008e-01 -2.776670000000000194e+00 6.320500000000000007e-01 4.314500000000000002e-01 5.832000000000000517e-01 -2.437749999999999861e+00
-2.243259999999999810e+00 5.032499999999999751e-01 3.962700000000000111e-01 4.746900000000000008e-01 -2.776670000000000194e+00 -6.320500000000000007e-01 4.314500000000000002e-01 -5.832000000000000517e-01 -2.437749999999999861e+00
-2.908850000000000158e+00 -0.000000000000000000e+00 -6.933300000000000018e-01 -0.000000000000000000e+00 -1.835760000000000058e+00 0.000000000000000000e+00 -7.250900000000000123e-01 0.000000000000000000e+00 -2.701340000000000074e+00
-2.908850000000000158e+00 -0.000000000000000000e+00 -6.933300000000000018e-01 -0.000000000000000000e+00 -1.835760000000000058e+00 0.000000000000000000e+00 -7.250900000000000123e-01 0.000000000000000000e+00 -2.701340000000000074e+00
