-1.285535199829238362e+00
-1.285535199829238362e+00
-1.285535199829238362e+00
-9.860666062695765122e-02
-9.860666062695765122e-02
-9.860666062695765122e-02
1.059456223729890567e+00
1.059456223729890567e+00
1.159063656578015467e+00
1.159063656578015467e+00
1.159063656578015467e+00
1.546696208051212551e+00
1.546696208051212551e+00
1.546696208051212551e+00
2.803992879805510263e+00
2.803992879805510263e+00
2.895293534341552899e+00
2.895293534341552899e+00
2.895293534341552899e+00
4.316145259372071052e+00
4.316145259372071052e+00
4.316145259372071052e+00
6.130095602843400826e+00
6.463244123503304905e+00
6.463244123503304905e+00
6.463244123503304905e+00
6.662136961966483639e+00
6.662136961966483639e+00
6.662136961966483639e+00
6.966894164547069224e+00
6.966894164547069224e+00
6.966894164547069224e+00
7.644605509769617946e+00
8.381769795216282404e+00
8.381769795216282404e+00
8.381769795216282404e+00
9.285173423259255543e+00
9.285173423259255543e+00
1.019573768787722479e+01
1.019573768787722479e+01
1.019573768787722479e+01
1.051334295074597058e+01
1.240387939315760946e+01
1.240387939315760946e+01
1.308776959607709500e+01
1.308776959607709500e+01
1.308776959607709500e+01
1.471796565426078196e+01
1.638918979083468841e+01
1.638918979083468841e+01
1.638918979083468841e+01
1.826493356133550350e+01
1.826493356133550350e+01
1.826493356133550350e+01
1.981546726675906456e+01
1.981546726675906456e+01
1.981546726675906456e+01
2.718326505407324944e+01
2.718326505407324944e+01
2.718326505407324944e+01
