3.464770000000000127e+00 4.579900000000000082e-01 3.374699999999999922e-01 3.585800000000000098e-01 2.127050000000000107e+00 2.376999999999999946e-02 1.461600000000000121e-01 -6.893700000000000383e-01 2.266560000000000130e+00
3.464770000000000127e+00 -4.579900000000000082e-01 3.374699999999999922e-01 -3.585800000000000098e-01 2.127050000000000107e+00 -2.376999999999999946e-02 1.461600000000000121e-01 6.893700000000000383e-01 2.266560000000000130e+00
6.024519999999999875e+00 -0.000000000000000000e+00 -8.079600000000000115e-01 -0.000000000000000000e+00 4.561300000000000132e+00 0.000000000000000000e+00 -2.670000000000000064e-03 0.000000000000000000e+00 5.710910000000000153e+00
6.024519999999999875e+00 -0.000000000000000000e+00 -8.079600000000000115e-01 -0.000000000000000000e+00 4.561300000000000132e+00 0.000000000000000000e+00 -2.670000000000000064e-03 0.000000000000000000e+00 5.710910000000000153e+00
-1.532999999999999918e+00 -8.622600000000000264e-01 -7.516399999999999748e-01 -9.784800000000000164e-01 -1.690730000000000066e+00 -7.994299999999999740e-01 -8.678799999999999848e-01 -7.657399999999999762e-01 -2.033100000000000129e+00
-1.532999999999999918e+00 8.622600000000000264e-01 -7.516399999999999748e-01 9.784800000000000164e-01 -1.690730000000000066e+00 7.994299999999999740e-01 -8.678799999999999848e-01 7.657399999999999762e-01 -2.033100000000000129e+00
-1.532999999999999918e+00 -8.622600000000000264e-01 -7.516399999999999748e-01 -9.784800000000000164e-01 -1.690730000000000066e+00 -7.994299999999999740e-01 -8.678799999999999848e-01 -7.657399999999999762e-01 -2.033100000000000129e+00
-1.532999999999999918e+00 8.622600000000000264e-01 -7.516399999999999748e-01 9.784800000000000164e-01 -1.690730000000000066e+00 7.994299999999999740e-01 -8.678799999999999848e-01 7.657399999999999762e-01 -2.033100000000000129e+00
-3.211650000000000116e+00 -6.504000000000000059e-02 9.868799999999999795e-01 1.894599999999999895e-01 -1.653450000000000086e+00 6.358899999999999553e-01 7.961300000000000043e-01 8.470699999999999896e-01 -1.955640000000000045e+00
-3.211650000000000116e+00 6.504000000000000059e-02 9.868799999999999795e-01 -1.894599999999999895e-01 -1.653450000000000086e+00 -6.358899999999999553e-01 7.961300000000000043e-01 -8.470699999999999896e-01 -1.955640000000000045e+00
-3.211650000000000116e+00 -6.504000000000000059e-02 9.868799999999999795e-01 1.894599999999999895e-01 -1.653450000000000086e+00 6.358899999999999553e-01 7.961300000000000043e-01 8.470699999999999896e-01 -1.955640000000000045e+00
-3.211650000000000116e+00 6.504000000000000059e-02 9.868799999999999795e-01 -1.894599999999999895e-01 -1.653450000000000086e+00 -6.358899999999999553e-01 7.961300000000000043e-01 -8.470699999999999896e-01 -1.955640000000000045e+00
