2.720130000000000159e+00 0.000000000000000000e+00 6.293999999999999595e-02 0.000000000000000000e+00 2.425530000000000186e+00 0.000000000000000000e+00 -9.074000000000000121e-02 0.000000000000000000e+00 2.102059999999999818e+00
2.720130000000000159e+00 0.000000000000000000e+00 6.293999999999999595e-02 0.000000000000000000e+00 2.425530000000000186e+00 0.000000000000000000e+00 -9.074000000000000121e-02 0.000000000000000000e+00 2.102059999999999818e+00
2.720130000000000159e+00 0.000000000000000000e+00 -6.293999999999999595e-02 0.000000000000000000e+00 2.425530000000000186e+00 0.000000000000000000e+00 9.074000000000000121e-02 0.000000000000000000e+00 2.102059999999999818e+00
2.720130000000000159e+00 0.000000000000000000e+00 -6.293999999999999595e-02 0.000000000000000000e+00 2.425530000000000186e+00 0.000000000000000000e+00 9.074000000000000121e-02 0.000000000000000000e+00 2.102059999999999818e+00
1.955670000000000019e+00 4.467200000000000060e-01 1.431699999999999917e-01 4.153499999999999970e-01 2.404310000000000169e+00 3.237599999999999922e-01 -1.750000000000000167e-02 1.710000000000000062e-02 2.641680000000000028e+00
1.955670000000000019e+00 -4.467200000000000060e-01 -1.431699999999999917e-01 -4.153499999999999970e-01 2.404310000000000169e+00 3.237599999999999922e-01 1.750000000000000167e-02 1.710000000000000062e-02 2.641680000000000028e+00
1.955670000000000019e+00 4.467200000000000060e-01 -1.431699999999999917e-01 4.153499999999999970e-01 2.404310000000000169e+00 -3.237599999999999922e-01 1.750000000000000167e-02 -1.710000000000000062e-02 2.641680000000000028e+00
1.955670000000000019e+00 -4.467200000000000060e-01 1.431699999999999917e-01 -4.153499999999999970e-01 2.404310000000000169e+00 -3.237599999999999922e-01 -1.750000000000000167e-02 -1.710000000000000062e-02 2.641680000000000028e+00
2.641340000000000021e+00 -0.000000000000000000e+00 2.661000000000000171e-02 0.000000000000000000e+00 2.904069999999999929e+00 0.000000000000000000e+00 -3.189000000000000168e-02 -0.000000000000000000e+00 3.259549999999999947e+00
2.641340000000000021e+00 -0.000000000000000000e+00 -2.661000000000000171e-02 0.000000000000000000e+00 2.904069999999999929e+00 0.000000000000000000e+00 3.189000000000000168e-02 0.000000000000000000e+00 3.259549999999999947e+00
2.641340000000000021e+00 -0.000000000000000000e+00 2.661000000000000171e-02 0.000000000000000000e+00 2.904069999999999929e+00 0.000000000000000000e+00 -3.189000000000000168e-02 -0.000000000000000000e+00 3.259549999999999947e+00
2.641340000000000021e+00 0.000000000000000000e+00 -2.661000000000000171e-02 0.000000000000000000e+00 2.904069999999999929e+00 0.000000000000000000e+00 3.189000000000000168e-02 0.000000000000000000e+00 3.259549999999999947e+00
-2.295420000000000016e+00 -0.000000000000000000e+00 -9.640999999999999570e-02 0.000000000000000000e+00 -1.705950000000000077e+00 0.000000000000000000e+00 3.361999999999999711e-02 -0.000000000000000000e+00 -1.868749999999999911e+00
-1.732180000000000053e+00 2.635899999999999910e-01 8.858000000000000596e-02 2.355700000000000016e-01 -2.207720000000000127e+00 -5.408999999999999919e-02 1.490000000000000005e-03 2.768999999999999934e-02 -1.728110000000000035e+00
-1.732180000000000053e+00 2.635899999999999910e-01 -8.858000000000000596e-02 2.355700000000000016e-01 -2.207720000000000127e+00 5.408999999999999919e-02 -1.490000000000000005e-03 -2.768999999999999934e-02 -1.728110000000000035e+00
-1.557360000000000078e+00 -0.000000000000000000e+00 4.954000000000000070e-02 0.000000000000000000e+00 -1.612519999999999953e+00 0.000000000000000000e+00 9.501999999999999336e-02 0.000000000000000000e+00 -2.678319999999999812e+00
-2.295420000000000016e+00 -0.000000000000000000e+00 9.640999999999999570e-02 0.000000000000000000e+00 -1.705950000000000077e+00 0.000000000000000000e+00 -3.361999999999999711e-02 0.000000000000000000e+00 -1.868749999999999911e+00
-1.732180000000000053e+00 2.635899999999999910e-01 -8.858000000000000596e-02 2.355700000000000016e-01 -2.207720000000000127e+00 5.408999999999999919e-02 -1.490000000000000005e-03 -2.768999999999999934e-02 -1.728110000000000035e+00
-1.732180000000000053e+00 2.635899999999999910e-01 8.858000000000000596e-02 2.355700000000000016e-01 -2.207720000000000127e+00 -5.408999999999999919e-02 1.490000000000000005e-03 2.768999999999999934e-02 -1.728110000000000035e+00
-1.557360000000000078e+00 -0.000000000000000000e+00 4.954000000000000070e-02 0.000000000000000000e+00 -1.612519999999999953e+00 0.000000000000000000e+00 9.501999999999999336e-02 -0.000000000000000000e+00 -2.678319999999999812e+00
-1.732180000000000053e+00 -2.635899999999999910e-01 8.858000000000000596e-02 -2.355700000000000016e-01 -2.207720000000000127e+00 5.408999999999999919e-02 1.490000000000000005e-03 -2.768999999999999934e-02 -1.728110000000000035e+00
-1.557360000000000078e+00 0.000000000000000000e+00 -4.954000000000000070e-02 0.000000000000000000e+00 -1.612519999999999953e+00 0.000000000000000000e+00 -9.501999999999999336e-02 0.000000000000000000e+00 -2.678319999999999812e+00
-2.295420000000000016e+00 -0.000000000000000000e+00 -9.640999999999999570e-02 0.000000000000000000e+00 -1.705950000000000077e+00 0.000000000000000000e+00 3.361999999999999711e-02 -0.000000000000000000e+00 -1.868749999999999911e+00
-1.732180000000000053e+00 -2.635899999999999910e-01 -8.858000000000000596e-02 -2.355700000000000016e-01 -2.207720000000000127e+00 -5.408999999999999919e-02 -1.490000000000000005e-03 2.768999999999999934e-02 -1.728110000000000035e+00
-1.732180000000000053e+00 -2.635899999999999910e-01 8.858000000000000596e-02 -2.355700000000000016e-01 -2.207720000000000127e+00 5.408999999999999919e-02 1.490000000000000005e-03 -2.768999999999999934e-02 -1.728110000000000035e+00
-2.295420000000000016e+00 -0.000000000000000000e+00 9.640999999999999570e-02 0.000000000000000000e+00 -1.705950000000000077e+00 0.000000000000000000e+00 -3.361999999999999711e-02 0.000000000000000000e+00 -1.868749999999999911e+00
-1.732180000000000053e+00 -2.635899999999999910e-01 -8.858000000000000596e-02 -2.355700000000000016e-01 -2.207720000000000127e+00 -5.408999999999999919e-02 -1.490000000000000005e-03 2.768999999999999934e-02 -1.728110000000000035e+00
-1.557360000000000078e+00 0.000000000000000000e+00 -4.954000000000000070e-02 0.000000000000000000e+00 -1.612519999999999953e+00 0.000000000000000000e+00 -9.501999999999999336e-02 -0.000000000000000000e+00 -2.678319999999999812e+00
