-4.210244405383575111e-02
-4.210241035025462375e-02
-3.525525293100870150e-02
1.550113367722000923e+00
1.550113367722045998e+00
2.272009995924337833e+00
2.899045431895574509e+00
3.103800214731117890e+00
3.103800216312726068e+00
3.987254519297854571e+00
3.987254519297858124e+00
4.014726002134286986e+00
4.537913069989144788e+00
5.486137838066801109e+00
5.486137838066801997e+00
6.459767417289958402e+00
6.459767418063855793e+00
7.556024381682510338e+00
7.713182401722953330e+00
7.713182401722956882e+00
7.953893745752686151e+00
7.953893746162036926e+00
8.791026990223041793e+00
8.798206181981793605e+00
8.798206182101143469e+00
9.353976361394300554e+00
1.062235861746056287e+01
1.112151054822710350e+01
1.124150273033884950e+01
1.124150273033885661e+01
1.325438504947095808e+01
1.325438504964576580e+01
1.384516329463172113e+01
1.384516329466374529e+01
1.430341723101825302e+01
1.440711254732603308e+01
1.759777245505625132e+01
1.759777245524308853e+01
1.796753006197624458e+01
1.796753006229172911e+01
1.833332959956164743e+01
1.833332959975779275e+01
2.061875148891185106e+01
2.064749497736780626e+01
2.076429071894207112e+01
2.670652814938997466e+01
2.717862264125450977e+01
2.745998707474322131e+01
3.610126381576417742e+01
3.610126381601769907e+01
3.773401577775558735e+01
3.773401577792085959e+01
3.900355837615585841e+01
3.900355837624569944e+01
