2.064869999999999983e+00 0.000000000000000000e+00 6.611000000000000210e-02 0.000000000000000000e+00 1.178960000000000008e+00 0.000000000000000000e+00 2.236000000000000140e-02 0.000000000000000000e+00 1.090410000000000101e+00
2.064869999999999983e+00 0.000000000000000000e+00 6.611000000000000210e-02 0.000000000000000000e+00 1.178960000000000008e+00 0.000000000000000000e+00 2.236000000000000140e-02 0.000000000000000000e+00 1.090410000000000101e+00
3.521430000000000060e+00 0.000000000000000000e+00 -1.116000000000000048e-01 0.000000000000000000e+00 4.321579999999999977e+00 -0.000000000000000000e+00 -1.148699999999999999e-01 0.000000000000000000e+00 4.665540000000000020e+00
3.521430000000000060e+00 0.000000000000000000e+00 -1.116000000000000048e-01 0.000000000000000000e+00 4.321579999999999977e+00 -0.000000000000000000e+00 -1.148699999999999999e-01 0.000000000000000000e+00 4.665540000000000020e+00
4.006280000000000285e+00 -1.602800000000000058e-01 4.129000000000000031e-02 -1.088109999999999911e+00 5.470559999999999867e+00 1.695500000000000063e-01 2.073800000000000088e-01 -9.081099999999999728e-01 7.037390000000000256e+00
4.006280000000000285e+00 -1.602800000000000058e-01 4.129000000000000031e-02 -1.088109999999999911e+00 5.470559999999999867e+00 1.695500000000000063e-01 2.073800000000000088e-01 -9.081099999999999728e-01 7.037390000000000256e+00
4.006280000000000285e+00 1.602800000000000058e-01 4.129000000000000031e-02 1.088109999999999911e+00 5.470559999999999867e+00 -1.695500000000000063e-01 2.073800000000000088e-01 9.081099999999999728e-01 7.037390000000000256e+00
4.006280000000000285e+00 1.602800000000000058e-01 4.129000000000000031e-02 1.088109999999999911e+00 5.470559999999999867e+00 -1.695500000000000063e-01 2.073800000000000088e-01 9.081099999999999728e-01 7.037390000000000256e+00
-1.759600000000000053e+00 7.734999999999999654e-01 -4.783800000000000274e-01 8.839599999999999680e-01 -1.731929999999999970e+00 4.973500000000000143e-01 -5.915599999999999747e-01 2.905900000000000150e-01 -1.151659999999999906e+00
-1.759600000000000053e+00 7.734999999999999654e-01 -4.783800000000000274e-01 8.839599999999999680e-01 -1.731929999999999970e+00 4.973500000000000143e-01 -5.915599999999999747e-01 2.905900000000000150e-01 -1.151659999999999906e+00
-1.759600000000000053e+00 -7.734999999999999654e-01 -4.783800000000000274e-01 -8.839599999999999680e-01 -1.731929999999999970e+00 -4.973500000000000143e-01 -5.915599999999999747e-01 -2.905900000000000150e-01 -1.151659999999999906e+00
-1.759600000000000053e+00 -7.734999999999999654e-01 -4.783800000000000274e-01 -8.839599999999999680e-01 -1.731929999999999970e+00 -4.973500000000000143e-01 -5.915599999999999747e-01 -2.905900000000000150e-01 -1.151659999999999906e+00
-1.305760000000000032e+00 -7.631000000000000283e-02 4.164599999999999969e-01 -5.940999999999999753e-02 -1.868840000000000057e+00 -1.091769999999999907e+00 5.183299999999999574e-01 -1.428160000000000096e+00 -3.239419999999999966e+00
-1.305760000000000032e+00 -7.631000000000000283e-02 4.164599999999999969e-01 -5.940999999999999753e-02 -1.868840000000000057e+00 -1.091769999999999907e+00 5.183299999999999574e-01 -1.428160000000000096e+00 -3.239419999999999966e+00
-1.305760000000000032e+00 7.631000000000000283e-02 4.164599999999999969e-01 5.940999999999999753e-02 -1.868840000000000057e+00 1.091769999999999907e+00 5.183299999999999574e-01 1.428160000000000096e+00 -3.239419999999999966e+00
-1.305760000000000032e+00 7.631000000000000283e-02 4.164599999999999969e-01 5.940999999999999753e-02 -1.868840000000000057e+00 1.091769999999999907e+00 5.183299999999999574e-01 1.428160000000000096e+00 -3.239419999999999966e+00
-1.759989999999999943e+00 5.977599999999999580e-01 8.125200000000000200e-01 7.812299999999999800e-01 -1.974339999999999984e+00 1.223700000000000065e-01 1.115899999999999892e+00 4.083700000000000108e-01 -3.148400000000000087e+00
-1.759989999999999943e+00 5.977599999999999580e-01 8.125200000000000200e-01 7.812299999999999800e-01 -1.974339999999999984e+00 1.223700000000000065e-01 1.115899999999999892e+00 4.083700000000000108e-01 -3.148400000000000087e+00
-1.759989999999999943e+00 -5.977599999999999580e-01 8.125200000000000200e-01 -7.812299999999999800e-01 -1.974339999999999984e+00 -1.223700000000000065e-01 1.115899999999999892e+00 -4.083700000000000108e-01 -3.148400000000000087e+00
-1.759989999999999943e+00 -5.977599999999999580e-01 8.125200000000000200e-01 -7.812299999999999800e-01 -1.974339999999999984e+00 -1.223700000000000065e-01 1.115899999999999892e+00 -4.083700000000000108e-01 -3.148400000000000087e+00
-1.974089999999999900e+00 -9.688600000000000545e-01 -7.691500000000000004e-01 -1.595769999999999911e+00 -2.645709999999999784e+00 -4.862900000000000000e-01 -1.203799999999999981e+00 -3.463700000000000112e-01 -2.375890000000000057e+00
-1.974089999999999900e+00 -9.688600000000000545e-01 -7.691500000000000004e-01 -1.595769999999999911e+00 -2.645709999999999784e+00 -4.862900000000000000e-01 -1.203799999999999981e+00 -3.463700000000000112e-01 -2.375890000000000057e+00
-1.974089999999999900e+00 9.688600000000000545e-01 -7.691500000000000004e-01 1.595769999999999911e+00 -2.645709999999999784e+00 4.862900000000000000e-01 -1.203799999999999981e+00 3.463700000000000112e-01 -2.375890000000000057e+00
-1.974089999999999900e+00 9.688600000000000545e-01 -7.691500000000000004e-01 1.595769999999999911e+00 -2.645709999999999784e+00 4.862900000000000000e-01 -1.203799999999999981e+00 3.463700000000000112e-01 -2.375890000000000057e+00
