-1.203282258644916974e-01
-6.514729142487883651e-02
-5.729783660487437758e-02
8.461655672890189273e-01
9.026763753249608113e-01
1.055283784450140372e+00
1.069291305421933069e+00
1.170518860110562498e+00
1.294782544308465733e+00
1.400527724097981874e+00
1.402677169635431875e+00
1.406670611949291994e+00
1.537753602504010386e+00
1.537840729265767648e+00
1.563167644881021223e+00
1.631910346017526825e+00
1.694130474224892158e+00
1.741208061639956339e+00
1.860140418258421802e+00
1.873684784898684397e+00
1.938831504993948851e+00
2.030304142831009351e+00
2.101329126274203318e+00
2.169044983060764764e+00
2.193609846442979183e+00
2.209030544510531602e+00
2.318333900302839812e+00
2.449415127159331185e+00
2.509752436901468098e+00
2.538891944235870390e+00
2.633704767071956443e+00
2.662489356616231539e+00
2.778121981825716347e+00
2.823743066970719973e+00
2.824829051295831395e+00
2.909940310739502323e+00
3.636216060451667342e+00
3.935559466234062942e+00
4.061277859131208423e+00
4.268950038502610234e+00
4.286506442603724487e+00
4.354947581813237711e+00
4.360414536172243061e+00
4.392975467154689007e+00
4.451538935710323663e+00
4.735004068670582988e+00
4.951384827133012756e+00
5.060050517471810672e+00
5.193575304040772167e+00
5.312388186756821895e+00
5.761727356785447896e+00
5.838094017492449161e+00
7.988703564465892804e+00
8.115176619888272214e+00
8.293642731119581057e+00
8.373945332035120259e+00
8.526075497362347377e+00
8.780272125390718330e+00
8.841957927337713130e+00
8.903517468144523050e+00
9.936915160509240508e+00
1.011426406492209829e+01
1.103022063860907664e+01
1.115696558308199293e+01
1.232619284696687778e+01
1.234730354900505844e+01
1.328436401907656972e+01
1.346329966247379062e+01
1.532347395683545166e+01
1.534588094910404266e+01
1.757597787051872018e+01
1.759002215061991592e+01
1.785962965574909234e+01
1.819211441043244548e+01
1.823349260915713899e+01
1.840059560952683526e+01
1.967697833604004032e+01
2.022665749755491049e+01
2.093792749698630118e+01
2.094387070079212876e+01
2.145741640099169345e+01
2.145894505409428632e+01
2.188747707803877773e+01
2.190586471664570212e+01
