2.717560000000000198e+00 -6.482000000000000262e-02 -2.816500000000000115e-01 -2.488999999999999893e-02 2.506120000000000125e+00 4.479000000000000342e-02 -2.458700000000000052e-01 1.354999999999999954e-02 2.597080000000000055e+00
2.717560000000000198e+00 6.482000000000000262e-02 2.816500000000000115e-01 2.488999999999999893e-02 2.506120000000000125e+00 4.479000000000000342e-02 2.458700000000000052e-01 1.354999999999999954e-02 2.597080000000000055e+00
2.717560000000000198e+00 -6.482000000000000262e-02 2.816500000000000115e-01 -2.488999999999999893e-02 2.506120000000000125e+00 -4.479000000000000342e-02 2.458700000000000052e-01 -1.354999999999999954e-02 2.597080000000000055e+00
2.717560000000000198e+00 6.482000000000000262e-02 -2.816500000000000115e-01 2.488999999999999893e-02 2.506120000000000125e+00 -4.479000000000000342e-02 -2.458700000000000052e-01 -1.354999999999999954e-02 2.597080000000000055e+00
2.923680000000000057e+00 -2.847799999999999776e-01 4.864600000000000035e-01 -2.299900000000000000e-01 3.558199999999999807e+00 5.272099999999999564e-01 -1.036799999999999944e-01 6.772999999999999854e-02 3.259479999999999933e+00
2.923680000000000057e+00 2.847799999999999776e-01 -4.864600000000000035e-01 2.299900000000000000e-01 3.558199999999999807e+00 5.272099999999999564e-01 1.036799999999999944e-01 6.772999999999999854e-02 3.259479999999999933e+00
2.923680000000000057e+00 -2.847799999999999776e-01 -4.864600000000000035e-01 -2.299900000000000000e-01 3.558199999999999807e+00 -5.272099999999999564e-01 1.036799999999999944e-01 -6.772999999999999854e-02 3.259479999999999933e+00
2.923680000000000057e+00 2.847799999999999776e-01 4.864600000000000035e-01 2.299900000000000000e-01 3.558199999999999807e+00 -5.272099999999999564e-01 -1.036799999999999944e-01 -6.772999999999999854e-02 3.259479999999999933e+00
2.822680000000000078e+00 1.589000000000000135e-02 8.222999999999999754e-02 -2.568000000000000144e-02 3.245039999999999925e+00 9.304999999999999383e-02 -1.222700000000000037e-01 -6.371999999999999886e-02 2.985749999999999904e+00
2.822680000000000078e+00 -1.589000000000000135e-02 -8.222999999999999754e-02 2.568000000000000144e-02 3.245039999999999925e+00 9.304999999999999383e-02 1.222700000000000037e-01 -6.371999999999999886e-02 2.985749999999999904e+00
2.822680000000000078e+00 1.589000000000000135e-02 -8.222999999999999754e-02 -2.568000000000000144e-02 3.245039999999999925e+00 -9.304999999999999383e-02 1.222700000000000037e-01 6.371999999999999886e-02 2.985749999999999904e+00
2.822680000000000078e+00 -1.589000000000000135e-02 8.222999999999999754e-02 2.568000000000000144e-02 3.245039999999999925e+00 -9.304999999999999383e-02 -1.222700000000000037e-01 6.371999999999999886e-02 2.985749999999999904e+00
-2.483699999999999797e+00 1.480400000000000049e-01 -5.201299999999999812e-01 4.995000000000000134e-02 -1.947149999999999936e+00 2.626399999999999846e-01 -6.119099999999999540e-01 2.065299999999999914e-01 -2.371199999999999974e+00
-2.483699999999999797e+00 -1.480400000000000049e-01 5.201299999999999812e-01 -4.995000000000000134e-02 -1.947149999999999936e+00 2.626399999999999846e-01 6.119099999999999540e-01 2.065299999999999914e-01 -2.371199999999999974e+00
-2.483699999999999797e+00 1.480400000000000049e-01 5.201299999999999812e-01 4.995000000000000134e-02 -1.947149999999999936e+00 -2.626399999999999846e-01 6.119099999999999540e-01 -2.065299999999999914e-01 -2.371199999999999974e+00
-2.483699999999999797e+00 -1.480400000000000049e-01 -5.201299999999999812e-01 -4.995000000000000134e-02 -1.947149999999999936e+00 -2.626399999999999846e-01 -6.119099999999999540e-01 -2.065299999999999914e-01 -2.371199999999999974e+00
-2.359659999999999869e+00 -2.540499999999999980e-01 -2.172300000000000064e-01 -2.409399999999999875e-01 -2.331459999999999866e+00 -2.843200000000000172e-01 -1.827900000000000080e-01 1.635999999999999954e-02 -1.972809999999999953e+00
-2.359659999999999869e+00 2.540499999999999980e-01 2.172300000000000064e-01 2.409399999999999875e-01 -2.331459999999999866e+00 -2.843200000000000172e-01 1.827900000000000080e-01 1.635999999999999954e-02 -1.972809999999999953e+00
-2.359659999999999869e+00 -2.540499999999999980e-01 2.172300000000000064e-01 -2.409399999999999875e-01 -2.331459999999999866e+00 2.843200000000000172e-01 1.827900000000000080e-01 -1.635999999999999954e-02 -1.972809999999999953e+00
-2.359659999999999869e+00 2.540499999999999980e-01 -2.172300000000000064e-01 2.409399999999999875e-01 -2.331459999999999866e+00 2.843200000000000172e-01 -1.827900000000000080e-01 -1.635999999999999954e-02 -1.972809999999999953e+00
-1.445559999999999956e+00 4.318699999999999761e-01 -1.511599999999999888e-01 2.431699999999999973e-01 -3.525250000000000217e+00 -1.038000000000000034e-01 -7.556000000000000216e-02 6.672999999999999765e-02 -1.582969999999999988e+00
-1.445559999999999956e+00 -4.318699999999999761e-01 1.511599999999999888e-01 -2.431699999999999973e-01 -3.525250000000000217e+00 -1.038000000000000034e-01 7.556000000000000216e-02 6.672999999999999765e-02 -1.582969999999999988e+00
-1.445559999999999956e+00 4.318699999999999761e-01 1.511599999999999888e-01 2.431699999999999973e-01 -3.525250000000000217e+00 1.038000000000000034e-01 7.556000000000000216e-02 -6.672999999999999765e-02 -1.582969999999999988e+00
-1.445559999999999956e+00 -4.318699999999999761e-01 -1.511599999999999888e-01 -2.431699999999999973e-01 -3.525250000000000217e+00 1.038000000000000034e-01 -7.556000000000000216e-02 -6.672999999999999765e-02 -1.582969999999999988e+00
-2.174999999999999822e+00 6.347999999999999476e-02 3.849999999999999950e-02 3.022999999999999993e-02 -1.505509999999999904e+00 -6.732000000000000484e-02 2.462999999999999912e-02 2.214200000000000057e-01 -2.915329999999999977e+00
-2.174999999999999822e+00 -6.347999999999999476e-02 -3.849999999999999950e-02 -3.022999999999999993e-02 -1.505509999999999904e+00 -6.732000000000000484e-02 -2.462999999999999912e-02 2.214200000000000057e-01 -2.915329999999999977e+00
-2.174999999999999822e+00 6.347999999999999476e-02 -3.849999999999999950e-02 3.022999999999999993e-02 -1.505509999999999904e+00 6.732000000000000484e-02 -2.462999999999999912e-02 -2.214200000000000057e-01 -2.915329999999999977e+00
-2.174999999999999822e+00 -6.347999999999999476e-02 3.849999999999999950e-02 -3.022999999999999993e-02 -1.505509999999999904e+00 6.732000000000000484e-02 2.462999999999999912e-02 -2.214200000000000057e-01 -2.915329999999999977e+00
