3.020469999999999988e+00 9.575999999999999790e-02 0.000000000000000000e+00 -9.575999999999999790e-02 3.020469999999999988e+00 0.000000000000000000e+00 0.000000000000000000e+00 -0.000000000000000000e+00 2.662329999999999863e+00
3.020469999999999988e+00 -9.575999999999999790e-02 0.000000000000000000e+00 9.575999999999999790e-02 3.020469999999999988e+00 0.000000000000000000e+00 0.000000000000000000e+00 0.000000000000000000e+00 2.662329999999999863e+00
4.515579999999999927e+00 -5.308699999999999530e-01 0.000000000000000000e+00 -5.308699999999999530e-01 4.515579999999999927e+00 0.000000000000000000e+00 0.000000000000000000e+00 0.000000000000000000e+00 4.525350000000000428e+00
4.515579999999999927e+00 5.308699999999999530e-01 -0.000000000000000000e+00 5.308699999999999530e-01 4.515579999999999927e+00 0.000000000000000000e+00 0.000000000000000000e+00 0.000000000000000000e+00 4.525350000000000428e+00
4.515579999999999927e+00 5.308699999999999530e-01 0.000000000000000000e+00 5.308699999999999530e-01 4.515579999999999927e+00 0.000000000000000000e+00 0.000000000000000000e+00 0.000000000000000000e+00 4.525350000000000428e+00
4.515579999999999927e+00 -5.308699999999999530e-01 -0.000000000000000000e+00 -5.308699999999999530e-01 4.515579999999999927e+00 -0.000000000000000000e+00 0.000000000000000000e+00 0.000000000000000000e+00 4.525350000000000428e+00
-4.791999999999999732e-02 -1.328989999999999894e+00 -0.000000000000000000e+00 -1.328989999999999894e+00 -4.791999999999999732e-02 0.000000000000000000e+00 0.000000000000000000e+00 0.000000000000000000e+00 1.767740000000000089e+00
-4.791999999999999732e-02 1.328989999999999894e+00 -0.000000000000000000e+00 1.328989999999999894e+00 -4.791999999999999732e-02 0.000000000000000000e+00 0.000000000000000000e+00 -0.000000000000000000e+00 1.767740000000000089e+00
-3.182970000000000077e+00 3.880899999999999905e-01 0.000000000000000000e+00 -3.880899999999999905e-01 -3.182970000000000077e+00 0.000000000000000000e+00 0.000000000000000000e+00 -0.000000000000000000e+00 -2.145169999999999799e+00
-3.182970000000000077e+00 -3.880899999999999905e-01 0.000000000000000000e+00 3.880899999999999905e-01 -3.182970000000000077e+00 0.000000000000000000e+00 0.000000000000000000e+00 0.000000000000000000e+00 -2.145169999999999799e+00
-2.205189999999999984e+00 -4.709699999999999998e-01 -5.109799999999999898e-01 -4.709699999999999998e-01 -2.205189999999999984e+00 -5.109799999999999898e-01 -7.693100000000000493e-01 -7.693100000000000493e-01 -2.833899999999999864e+00
-2.205189999999999984e+00 -4.709699999999999998e-01 5.109799999999999898e-01 -4.709699999999999998e-01 -2.205189999999999984e+00 5.109799999999999898e-01 7.693100000000000493e-01 7.693100000000000493e-01 -2.833899999999999864e+00
-2.205189999999999984e+00 4.709699999999999998e-01 5.109799999999999898e-01 4.709699999999999998e-01 -2.205189999999999984e+00 -5.109799999999999898e-01 7.693100000000000493e-01 -7.693100000000000493e-01 -2.833899999999999864e+00
-2.205189999999999984e+00 4.709699999999999998e-01 -5.109799999999999898e-01 4.709699999999999998e-01 -2.205189999999999984e+00 5.109799999999999898e-01 -7.693100000000000493e-01 7.693100000000000493e-01 -2.833899999999999864e+00
-2.205189999999999984e+00 -4.709699999999999998e-01 5.109799999999999898e-01 -4.709699999999999998e-01 -2.205189999999999984e+00 5.109799999999999898e-01 7.693100000000000493e-01 7.693100000000000493e-01 -2.833899999999999864e+00
-2.205189999999999984e+00 4.709699999999999998e-01 5.109799999999999898e-01 4.709699999999999998e-01 -2.205189999999999984e+00 -5.109799999999999898e-01 7.693100000000000493e-01 -7.693100000000000493e-01 -2.833899999999999864e+00
-2.205189999999999984e+00 -4.709699999999999998e-01 -5.109799999999999898e-01 -4.709699999999999998e-01 -2.205189999999999984e+00 -5.109799999999999898e-01 -7.693100000000000493e-01 -7.693100000000000493e-01 -2.833899999999999864e+00
-2.205189999999999984e+00 4.709699999999999998e-01 -5.109799999999999898e-01 4.709699999999999998e-01 -2.205189999999999984e+00 5.109799999999999898e-01 -7.693100000000000493e-01 7.693100000000000493e-01 -2.833899999999999864e+00
