1.383620000000000072e+00 0.000000000000000000e+00 8.218000000000000305e-02 0.000000000000000000e+00 1.149540000000000006e+00 0.000000000000000000e+00 6.065000000000000252e-02 0.000000000000000000e+00 1.114149999999999974e+00
1.383620000000000072e+00 0.000000000000000000e+00 8.218000000000000305e-02 0.000000000000000000e+00 1.149540000000000006e+00 0.000000000000000000e+00 6.065000000000000252e-02 0.000000000000000000e+00 1.114149999999999974e+00
1.453570000000000029e+00 0.000000000000000000e+00 2.106899999999999884e-01 0.000000000000000000e+00 1.309129999999999905e+00 0.000000000000000000e+00 1.905300000000000049e-01 0.000000000000000000e+00 1.079020000000000090e+00
1.453570000000000029e+00 0.000000000000000000e+00 2.106899999999999884e-01 0.000000000000000000e+00 1.309129999999999905e+00 0.000000000000000000e+00 1.905300000000000049e-01 0.000000000000000000e+00 1.079020000000000090e+00
2.577789999999999804e+00 3.073299999999999921e-01 -5.365799999999999459e-01 -4.769999999999999796e-01 3.025860000000000216e+00 -1.403800000000000048e-01 -4.798899999999999832e-01 -2.021199999999999941e-01 4.793169999999999931e+00
2.577789999999999804e+00 -3.073299999999999921e-01 -5.365799999999999459e-01 4.769999999999999796e-01 3.025860000000000216e+00 1.403800000000000048e-01 -4.798899999999999832e-01 2.021199999999999941e-01 4.793169999999999931e+00
2.577789999999999804e+00 3.073299999999999921e-01 -5.365799999999999459e-01 -4.769999999999999796e-01 3.025860000000000216e+00 -1.403800000000000048e-01 -4.798899999999999832e-01 -2.021199999999999941e-01 4.793169999999999931e+00
2.577789999999999804e+00 -3.073299999999999921e-01 -5.365799999999999459e-01 4.769999999999999796e-01 3.025860000000000216e+00 1.403800000000000048e-01 -4.798899999999999832e-01 2.021199999999999941e-01 4.793169999999999931e+00
-8.392199999999999660e-01 6.316800000000000193e-01 -1.668199999999999961e-01 4.599800000000000000e-01 -2.048220000000000152e+00 2.674199999999999910e-01 -1.332099999999999951e-01 2.409499999999999975e-01 -9.895000000000000462e-01
-8.392199999999999660e-01 -6.316800000000000193e-01 -1.668199999999999961e-01 -4.599800000000000000e-01 -2.048220000000000152e+00 -2.674199999999999910e-01 -1.332099999999999951e-01 -2.409499999999999975e-01 -9.895000000000000462e-01
-8.392199999999999660e-01 6.316800000000000193e-01 -1.668199999999999961e-01 4.599800000000000000e-01 -2.048220000000000152e+00 2.674199999999999910e-01 -1.332099999999999951e-01 2.409499999999999975e-01 -9.895000000000000462e-01
-8.392199999999999660e-01 -6.316800000000000193e-01 -1.668199999999999961e-01 -4.599800000000000000e-01 -2.048220000000000152e+00 -2.674199999999999910e-01 -1.332099999999999951e-01 -2.409499999999999975e-01 -9.895000000000000462e-01
-1.034960000000000102e+00 -4.746699999999999808e-01 8.787599999999999856e-01 -3.708699999999999775e-01 -1.436989999999999990e+00 1.341550000000000020e+00 8.542499999999999538e-01 1.963140000000000107e+00 -4.016370000000000218e+00
-1.034960000000000102e+00 4.746699999999999808e-01 8.787599999999999856e-01 3.708699999999999775e-01 -1.436989999999999990e+00 -1.341550000000000020e+00 8.542499999999999538e-01 -1.963140000000000107e+00 -4.016370000000000218e+00
-1.034960000000000102e+00 -4.746699999999999808e-01 8.787599999999999856e-01 -3.708699999999999775e-01 -1.436989999999999990e+00 1.341550000000000020e+00 8.542499999999999538e-01 1.963140000000000107e+00 -4.016370000000000218e+00
-1.034960000000000102e+00 4.746699999999999808e-01 8.787599999999999856e-01 3.708699999999999775e-01 -1.436989999999999990e+00 -1.341550000000000020e+00 8.542499999999999538e-01 -1.963140000000000107e+00 -4.016370000000000218e+00
-2.122209999999999930e+00 1.940000000000000101e-03 -3.217900000000000205e-01 2.834099999999999953e-01 -7.699799999999999978e-01 1.839300000000000102e-01 -3.667400000000000104e-01 2.031000000000000166e-02 -8.838799999999999990e-01
-2.122209999999999930e+00 -1.940000000000000101e-03 -3.217900000000000205e-01 -2.834099999999999953e-01 -7.699799999999999978e-01 -1.839300000000000102e-01 -3.667400000000000104e-01 -2.031000000000000166e-02 -8.838799999999999990e-01
-2.122209999999999930e+00 1.940000000000000101e-03 -3.217900000000000205e-01 2.834099999999999953e-01 -7.699799999999999978e-01 1.839300000000000102e-01 -3.667400000000000104e-01 2.031000000000000166e-02 -8.838799999999999990e-01
-2.122209999999999930e+00 -1.940000000000000101e-03 -3.217900000000000205e-01 -2.834099999999999953e-01 -7.699799999999999978e-01 -1.839300000000000102e-01 -3.667400000000000104e-01 -2.031000000000000166e-02 -8.838799999999999990e-01
