2.494079999999999853e+00 -1.122299999999999964e-01 0.000000000000000000e+00 1.122299999999999964e-01 2.494079999999999853e+00 0.000000000000000000e+00 0.000000000000000000e+00 0.000000000000000000e+00 2.671180000000000110e+00
2.494079999999999853e+00 -1.122299999999999964e-01 0.000000000000000000e+00 1.122299999999999964e-01 2.494079999999999853e+00 0.000000000000000000e+00 0.000000000000000000e+00 0.000000000000000000e+00 2.671180000000000110e+00
2.958120000000000083e+00 2.707300000000000262e-01 0.000000000000000000e+00 -2.707300000000000262e-01 2.958120000000000083e+00 0.000000000000000000e+00 0.000000000000000000e+00 0.000000000000000000e+00 2.979039999999999910e+00
7.033019999999999605e+00 6.626999999999999558e-02 0.000000000000000000e+00 -6.626999999999999558e-02 7.033019999999999605e+00 0.000000000000000000e+00 0.000000000000000000e+00 0.000000000000000000e+00 7.046759999999999913e+00
-1.851439999999999975e+00 -8.823999999999999899e-02 -0.000000000000000000e+00 8.823999999999999899e-02 -1.851439999999999975e+00 -0.000000000000000000e+00 -0.000000000000000000e+00 -0.000000000000000000e+00 -3.820260000000000211e+00
-1.851439999999999975e+00 -8.823999999999999899e-02 -0.000000000000000000e+00 8.823999999999999899e-02 -1.851439999999999975e+00 -0.000000000000000000e+00 -0.000000000000000000e+00 -0.000000000000000000e+00 -3.820260000000000211e+00
-3.337130000000000152e+00 -9.470800000000000329e-01 -0.000000000000000000e+00 -9.790499999999999758e-01 -2.301079999999999792e+00 -0.000000000000000000e+00 -0.000000000000000000e+00 -0.000000000000000000e+00 -1.931910000000000016e+00
-3.337130000000000152e+00 -9.470800000000000329e-01 -0.000000000000000000e+00 -9.790499999999999758e-01 -2.301079999999999792e+00 -0.000000000000000000e+00 -0.000000000000000000e+00 -0.000000000000000000e+00 -1.931910000000000016e+00
-2.301079999999999792e+00 9.790499999999999758e-01 -0.000000000000000000e+00 9.470800000000000329e-01 -3.337130000000000152e+00 -0.000000000000000000e+00 -0.000000000000000000e+00 -0.000000000000000000e+00 -1.931910000000000016e+00
-2.301079999999999792e+00 9.790499999999999758e-01 -0.000000000000000000e+00 9.470800000000000329e-01 -3.337130000000000152e+00 -0.000000000000000000e+00 -0.000000000000000000e+00 -0.000000000000000000e+00 -1.931910000000000016e+00
