1.213649999999999896e+00 -0.000000000000000000e+00 0.000000000000000000e+00 -0.000000000000000000e+00 1.297800000000000065e+00 -2.973999999999999908e-02 0.000000000000000000e+00 -5.852999999999999869e-02 1.214620000000000033e+00
1.276759999999999895e+00 3.644000000000000017e-02 2.576000000000000165e-02 3.644000000000000017e-02 1.234680000000000000e+00 1.486999999999999954e-02 5.068999999999999895e-02 2.926000000000000129e-02 1.214620000000000033e+00
1.276759999999999895e+00 -3.644000000000000017e-02 -2.576000000000000165e-02 -3.644000000000000017e-02 1.234680000000000000e+00 1.486999999999999954e-02 -5.068999999999999895e-02 2.926000000000000129e-02 1.214620000000000033e+00
1.213649999999999896e+00 -0.000000000000000000e+00 0.000000000000000000e+00 -0.000000000000000000e+00 1.297800000000000065e+00 -2.973999999999999908e-02 0.000000000000000000e+00 -5.852999999999999869e-02 1.214620000000000033e+00
1.276759999999999895e+00 3.644000000000000017e-02 2.576000000000000165e-02 3.644000000000000017e-02 1.234680000000000000e+00 1.486999999999999954e-02 5.068999999999999895e-02 2.926000000000000129e-02 1.214620000000000033e+00
1.276759999999999895e+00 -3.644000000000000017e-02 -2.576000000000000165e-02 -3.644000000000000017e-02 1.234680000000000000e+00 1.486999999999999954e-02 -5.068999999999999895e-02 2.926000000000000129e-02 1.214620000000000033e+00
2.947620000000000129e+00 0.000000000000000000e+00 0.000000000000000000e+00 0.000000000000000000e+00 2.215279999999999916e+00 2.086000000000000007e-02 0.000000000000000000e+00 1.105000000000000079e-02 4.928899999999999948e-01
2.398369999999999891e+00 -3.171100000000000030e-01 -1.806999999999999926e-02 -3.171100000000000030e-01 2.764540000000000219e+00 -1.043000000000000003e-02 -9.570000000000000381e-03 -5.519999999999999733e-03 4.928899999999999948e-01
2.398369999999999891e+00 3.171100000000000030e-01 1.806999999999999926e-02 3.171100000000000030e-01 2.764540000000000219e+00 -1.043000000000000003e-02 9.570000000000000381e-03 -5.519999999999999733e-03 4.928899999999999948e-01
2.947620000000000129e+00 0.000000000000000000e+00 0.000000000000000000e+00 0.000000000000000000e+00 2.215279999999999916e+00 2.086000000000000007e-02 0.000000000000000000e+00 1.105000000000000079e-02 4.928899999999999948e-01
2.398369999999999891e+00 -3.171100000000000030e-01 -1.806999999999999926e-02 -3.171100000000000030e-01 2.764540000000000219e+00 -1.043000000000000003e-02 -9.570000000000000381e-03 -5.519999999999999733e-03 4.928899999999999948e-01
2.398369999999999891e+00 3.171100000000000030e-01 1.806999999999999926e-02 3.171100000000000030e-01 2.764540000000000219e+00 -1.043000000000000003e-02 9.570000000000000381e-03 -5.519999999999999733e-03 4.928899999999999948e-01
-1.583479999999999999e+00 -4.449899999999999967e-01 -5.274000000000000216e-02 -4.449899999999999967e-01 -2.097309999999999786e+00 3.045000000000000137e-02 -3.785999999999999782e-02 2.186000000000000096e-02 -1.152940000000000076e+00
-1.583479999999999999e+00 4.449899999999999967e-01 5.274000000000000216e-02 4.449899999999999967e-01 -2.097309999999999786e+00 3.045000000000000137e-02 3.785999999999999782e-02 2.186000000000000096e-02 -1.152940000000000076e+00
-2.354229999999999823e+00 -0.000000000000000000e+00 -0.000000000000000000e+00 -0.000000000000000000e+00 -1.326559999999999961e+00 -6.090000000000000274e-02 -0.000000000000000000e+00 -4.370999999999999885e-02 -1.152940000000000076e+00
-1.583479999999999999e+00 -4.449899999999999967e-01 -5.274000000000000216e-02 -4.449899999999999967e-01 -2.097309999999999786e+00 3.045000000000000137e-02 -3.785999999999999782e-02 2.186000000000000096e-02 -1.152940000000000076e+00
-1.583479999999999999e+00 4.449899999999999967e-01 5.274000000000000216e-02 4.449899999999999967e-01 -2.097309999999999786e+00 3.045000000000000137e-02 3.785999999999999782e-02 2.186000000000000096e-02 -1.152940000000000076e+00
-2.354229999999999823e+00 -0.000000000000000000e+00 -0.000000000000000000e+00 -0.000000000000000000e+00 -1.326559999999999961e+00 -6.090000000000000274e-02 -0.000000000000000000e+00 -4.370999999999999885e-02 -1.152940000000000076e+00
-1.381729999999999903e+00 0.000000000000000000e+00 -0.000000000000000000e+00 0.000000000000000000e+00 -2.611829999999999874e+00 -5.152000000000000329e-02 -0.000000000000000000e+00 -4.963999999999999663e-02 -5.545700000000000074e-01
-2.304300000000000015e+00 5.326499999999999568e-01 -4.461999999999999994e-02 5.326499999999999568e-01 -1.689249999999999918e+00 2.576000000000000165e-02 -4.299000000000000044e-02 2.481999999999999831e-02 -5.545700000000000074e-01
-2.304300000000000015e+00 -5.326499999999999568e-01 4.461999999999999994e-02 -5.326499999999999568e-01 -1.689249999999999918e+00 2.576000000000000165e-02 4.299000000000000044e-02 2.481999999999999831e-02 -5.545700000000000074e-01
-1.381729999999999903e+00 0.000000000000000000e+00 -0.000000000000000000e+00 0.000000000000000000e+00 -2.611829999999999874e+00 -5.152000000000000329e-02 -0.000000000000000000e+00 -4.963999999999999663e-02 -5.545700000000000074e-01
-2.304300000000000015e+00 5.326499999999999568e-01 -4.461999999999999994e-02 5.326499999999999568e-01 -1.689249999999999918e+00 2.576000000000000165e-02 -4.299000000000000044e-02 2.481999999999999831e-02 -5.545700000000000074e-01
-2.304300000000000015e+00 -5.326499999999999568e-01 4.461999999999999994e-02 -5.326499999999999568e-01 -1.689249999999999918e+00 2.576000000000000165e-02 4.299000000000000044e-02 2.481999999999999831e-02 -5.545700000000000074e-01
