1.332379999999999898e+00 -0.000000000000000000e+00 -5.167999999999999677e-02 -0.000000000000000000e+00 1.414400000000000102e+00 0.000000000000000000e+00 -4.598000000000000004e-02 0.000000000000000000e+00 9.628299999999999637e-01
1.332379999999999898e+00 -0.000000000000000000e+00 -5.167999999999999677e-02 -0.000000000000000000e+00 1.414400000000000102e+00 0.000000000000000000e+00 -4.598000000000000004e-02 0.000000000000000000e+00 9.628299999999999637e-01
1.116800000000000015e+00 -3.380000000000000192e-03 9.700000000000000505e-04 -3.279999999999999930e-03 1.113629999999999898e+00 1.229000000000000058e-02 5.320000000000000076e-03 8.863000000000000045e-02 1.398600000000000065e+00
1.116800000000000015e+00 3.380000000000000192e-03 9.700000000000000505e-04 3.279999999999999930e-03 1.113629999999999898e+00 -1.229000000000000058e-02 5.320000000000000076e-03 -8.863000000000000045e-02 1.398600000000000065e+00
1.116800000000000015e+00 3.380000000000000192e-03 9.700000000000000505e-04 3.279999999999999930e-03 1.113629999999999898e+00 -1.229000000000000058e-02 5.320000000000000076e-03 -8.863000000000000045e-02 1.398600000000000065e+00
1.116800000000000015e+00 -3.380000000000000192e-03 9.700000000000000505e-04 -3.279999999999999930e-03 1.113629999999999898e+00 1.229000000000000058e-02 5.320000000000000076e-03 8.863000000000000045e-02 1.398600000000000065e+00
1.465249999999999941e+00 1.152000000000000073e-02 3.009999999999999828e-02 1.150999999999999940e-02 1.454360000000000097e+00 -1.218999999999999945e-01 -3.953999999999999876e-02 1.171999999999999986e-01 1.347939999999999916e+00
1.465249999999999941e+00 -1.152000000000000073e-02 3.009999999999999828e-02 -1.150999999999999940e-02 1.454360000000000097e+00 1.218999999999999945e-01 -3.953999999999999876e-02 -1.171999999999999986e-01 1.347939999999999916e+00
2.413870000000000182e+00 3.298999999999999849e-02 -3.524999999999999661e-02 3.032999999999999932e-02 2.451560000000000183e+00 3.660000000000000059e-03 -5.570000000000000298e-03 2.758999999999999994e-02 2.540849999999999831e+00
2.413870000000000182e+00 -3.298999999999999849e-02 -3.524999999999999661e-02 -3.032999999999999932e-02 2.451560000000000183e+00 -3.660000000000000059e-03 -5.570000000000000298e-03 -2.758999999999999994e-02 2.540849999999999831e+00
2.413870000000000182e+00 3.298999999999999849e-02 -3.524999999999999661e-02 3.032999999999999932e-02 2.451560000000000183e+00 3.660000000000000059e-03 -5.570000000000000298e-03 2.758999999999999994e-02 2.540849999999999831e+00
2.413870000000000182e+00 -3.298999999999999849e-02 -3.524999999999999661e-02 -3.032999999999999932e-02 2.451560000000000183e+00 -3.660000000000000059e-03 -5.570000000000000298e-03 -2.758999999999999994e-02 2.540849999999999831e+00
-2.128649999999999931e+00 -1.217199999999999949e-01 6.326000000000000512e-01 -1.233400000000000052e-01 -7.769500000000000295e-01 3.629000000000000281e-02 6.228900000000000547e-01 -1.042000000000000044e-02 -9.947000000000000286e-01
-2.128649999999999931e+00 1.217199999999999949e-01 6.326000000000000512e-01 1.233400000000000052e-01 -7.769500000000000295e-01 -3.629000000000000281e-02 6.228900000000000547e-01 1.042000000000000044e-02 -9.947000000000000286e-01
-2.128649999999999931e+00 -1.217199999999999949e-01 6.326000000000000512e-01 -1.233400000000000052e-01 -7.769500000000000295e-01 3.629000000000000281e-02 6.228900000000000547e-01 -1.042000000000000044e-02 -9.947000000000000286e-01
-2.128649999999999931e+00 1.217199999999999949e-01 6.326000000000000512e-01 1.233400000000000052e-01 -7.769500000000000295e-01 -3.629000000000000281e-02 6.228900000000000547e-01 1.042000000000000044e-02 -9.947000000000000286e-01
-1.132039999999999935e+00 6.855799999999999672e-01 -1.303900000000000059e-01 6.835299999999999709e-01 -1.997610000000000108e+00 2.180400000000000116e-01 -1.384100000000000052e-01 1.941900000000000015e-01 -6.822099999999999831e-01
-1.132039999999999935e+00 -6.855799999999999672e-01 -1.303900000000000059e-01 -6.835299999999999709e-01 -1.997610000000000108e+00 -2.180400000000000116e-01 -1.384100000000000052e-01 -1.941900000000000015e-01 -6.822099999999999831e-01
-1.132039999999999935e+00 6.855799999999999672e-01 -1.303900000000000059e-01 6.835299999999999709e-01 -1.997610000000000108e+00 2.180400000000000116e-01 -1.384100000000000052e-01 1.941900000000000015e-01 -6.822099999999999831e-01
-1.132039999999999935e+00 -6.855799999999999672e-01 -1.303900000000000059e-01 -6.835299999999999709e-01 -1.997610000000000108e+00 -2.180400000000000116e-01 -1.384100000000000052e-01 -1.941900000000000015e-01 -6.822099999999999831e-01
-1.164730000000000043e+00 -5.877599999999999492e-01 -3.793400000000000105e-01 -5.874300000000000077e-01 -1.626030000000000086e+00 -5.776599999999999513e-01 -3.575999999999999734e-01 -6.058499999999999996e-01 -1.127050000000000107e+00
-1.164730000000000043e+00 5.877599999999999492e-01 -3.793400000000000105e-01 5.874300000000000077e-01 -1.626030000000000086e+00 5.776599999999999513e-01 -3.575999999999999734e-01 6.058499999999999996e-01 -1.127050000000000107e+00
-1.164730000000000043e+00 -5.877599999999999492e-01 -3.793400000000000105e-01 -5.874300000000000077e-01 -1.626030000000000086e+00 -5.776599999999999513e-01 -3.575999999999999734e-01 -6.058499999999999996e-01 -1.127050000000000107e+00
-1.164730000000000043e+00 5.877599999999999492e-01 -3.793400000000000105e-01 5.874300000000000077e-01 -1.626030000000000086e+00 5.776599999999999513e-01 -3.575999999999999734e-01 6.058499999999999996e-01 -1.127050000000000107e+00
-5.040599999999999525e-01 1.263000000000000060e-02 -7.779999999999999416e-02 1.683000000000000121e-02 -5.989799999999999569e-01 -4.057700000000000196e-01 -8.387000000000000011e-02 -3.591599999999999793e-01 -2.290880000000000027e+00
-5.040599999999999525e-01 -1.263000000000000060e-02 -7.779999999999999416e-02 -1.683000000000000121e-02 -5.989799999999999569e-01 4.057700000000000196e-01 -8.387000000000000011e-02 3.591599999999999793e-01 -2.290880000000000027e+00
-5.040599999999999525e-01 -1.263000000000000060e-02 -7.779999999999999416e-02 -1.683000000000000121e-02 -5.989799999999999569e-01 4.057700000000000196e-01 -8.387000000000000011e-02 3.591599999999999793e-01 -2.290880000000000027e+00
-5.040599999999999525e-01 1.263000000000000060e-02 -7.779999999999999416e-02 1.683000000000000121e-02 -5.989799999999999569e-01 -4.057700000000000196e-01 -8.387000000000000011e-02 -3.591599999999999793e-01 -2.290880000000000027e+00
