3.743549999999999933e+00 -0.000000000000000000e+00 -7.058600000000000430e-01 -0.000000000000000000e+00 3.115450000000000053e+00 -0.000000000000000000e+00 6.163199999999999790e-01 -0.000000000000000000e+00 4.300200000000000244e+00
3.743549999999999933e+00 -0.000000000000000000e+00 -7.058600000000000430e-01 -0.000000000000000000e+00 3.115450000000000053e+00 -0.000000000000000000e+00 6.163199999999999790e-01 -0.000000000000000000e+00 4.300200000000000244e+00
3.721880000000000077e+00 -0.000000000000000000e+00 -2.896699999999999831e-01 -0.000000000000000000e+00 3.669950000000000045e+00 -0.000000000000000000e+00 -6.934000000000000163e-01 -0.000000000000000000e+00 3.003569999999999851e+00
3.721880000000000077e+00 -0.000000000000000000e+00 -2.896699999999999831e-01 -0.000000000000000000e+00 3.669950000000000045e+00 -0.000000000000000000e+00 -6.934000000000000163e-01 -0.000000000000000000e+00 3.003569999999999851e+00
3.292689999999999895e+00 -0.000000000000000000e+00 -9.235999999999999766e-02 -0.000000000000000000e+00 2.784019999999999939e+00 -0.000000000000000000e+00 -3.615300000000000180e-01 -0.000000000000000000e+00 3.237929999999999975e+00
3.292689999999999895e+00 -0.000000000000000000e+00 -9.235999999999999766e-02 -0.000000000000000000e+00 2.784019999999999939e+00 -0.000000000000000000e+00 -3.615300000000000180e-01 -0.000000000000000000e+00 3.237929999999999975e+00
-2.185639999999999805e+00 0.000000000000000000e+00 7.640000000000000090e-03 0.000000000000000000e+00 -3.134630000000000027e+00 0.000000000000000000e+00 -3.735999999999999738e-02 0.000000000000000000e+00 -2.791490000000000027e+00
-2.185639999999999805e+00 0.000000000000000000e+00 7.640000000000000090e-03 0.000000000000000000e+00 -3.134630000000000027e+00 0.000000000000000000e+00 -3.735999999999999738e-02 0.000000000000000000e+00 -2.791490000000000027e+00
-4.128829999999999778e+00 0.000000000000000000e+00 -4.254200000000000204e-01 0.000000000000000000e+00 -8.737099999999999866e-01 0.000000000000000000e+00 -5.813800000000000079e-01 0.000000000000000000e+00 -6.565900000000000070e-01
-4.128829999999999778e+00 0.000000000000000000e+00 -4.254200000000000204e-01 0.000000000000000000e+00 -8.737099999999999866e-01 0.000000000000000000e+00 -5.813800000000000079e-01 0.000000000000000000e+00 -6.565900000000000070e-01
-1.749239999999999906e+00 1.130770000000000053e+00 6.890899999999999803e-01 9.895300000000000207e-01 -2.305689999999999795e+00 -6.413100000000000467e-01 5.673599999999999755e-01 -8.393699999999999495e-01 -1.407750000000000057e+00
-1.749239999999999906e+00 -1.130770000000000053e+00 6.890899999999999803e-01 -9.895300000000000207e-01 -2.305689999999999795e+00 6.413100000000000467e-01 5.673599999999999755e-01 8.393699999999999495e-01 -1.407750000000000057e+00
-9.451699999999999546e-01 0.000000000000000000e+00 1.275000000000000022e-01 0.000000000000000000e+00 -9.496900000000000341e-01 0.000000000000000000e+00 -7.736999999999999433e-02 0.000000000000000000e+00 -4.278129999999999988e+00
-9.451699999999999546e-01 0.000000000000000000e+00 1.275000000000000022e-01 0.000000000000000000e+00 -9.496900000000000341e-01 0.000000000000000000e+00 -7.736999999999999433e-02 0.000000000000000000e+00 -4.278129999999999988e+00
-1.749239999999999906e+00 -1.130770000000000053e+00 6.890899999999999803e-01 -9.895300000000000207e-01 -2.305689999999999795e+00 6.413100000000000467e-01 5.673599999999999755e-01 8.393699999999999495e-01 -1.407750000000000057e+00
-1.749239999999999906e+00 1.130770000000000053e+00 6.890899999999999803e-01 9.895300000000000207e-01 -2.305689999999999795e+00 -6.413100000000000467e-01 5.673599999999999755e-01 -8.393699999999999495e-01 -1.407750000000000057e+00
