1.188050000000000050e+00 -8.859999999999999820e-02 0.000000000000000000e+00 -9.399999999999999719e-04 1.192720000000000002e+00 -0.000000000000000000e+00 0.000000000000000000e+00 -0.000000000000000000e+00 1.381969999999999921e+00
1.188050000000000050e+00 -8.859999999999999820e-02 0.000000000000000000e+00 -9.399999999999999719e-04 1.192720000000000002e+00 -0.000000000000000000e+00 0.000000000000000000e+00 -0.000000000000000000e+00 1.381969999999999921e+00
1.188050000000000050e+00 8.859999999999999820e-02 0.000000000000000000e+00 9.399999999999999719e-04 1.192720000000000002e+00 -0.000000000000000000e+00 0.000000000000000000e+00 -0.000000000000000000e+00 1.381969999999999921e+00
1.188050000000000050e+00 8.859999999999999820e-02 0.000000000000000000e+00 9.399999999999999719e-04 1.192720000000000002e+00 -0.000000000000000000e+00 0.000000000000000000e+00 -0.000000000000000000e+00 1.381969999999999921e+00
9.588700000000000001e-01 0.000000000000000000e+00 1.367800000000000127e-01 0.000000000000000000e+00 1.139499999999999957e+00 -0.000000000000000000e+00 2.010000000000000068e-03 -0.000000000000000000e+00 6.956400000000000361e-01
9.588700000000000001e-01 0.000000000000000000e+00 1.367800000000000127e-01 0.000000000000000000e+00 1.139499999999999957e+00 -0.000000000000000000e+00 2.010000000000000068e-03 -0.000000000000000000e+00 6.956400000000000361e-01
9.588700000000000001e-01 -0.000000000000000000e+00 -1.367800000000000127e-01 0.000000000000000000e+00 1.139499999999999957e+00 -0.000000000000000000e+00 -2.010000000000000068e-03 -0.000000000000000000e+00 6.956400000000000361e-01
9.588700000000000001e-01 -0.000000000000000000e+00 -1.367800000000000127e-01 0.000000000000000000e+00 1.139499999999999957e+00 -0.000000000000000000e+00 -2.010000000000000068e-03 -0.000000000000000000e+00 6.956400000000000361e-01
1.126079999999999970e+00 -0.000000000000000000e+00 0.000000000000000000e+00 -0.000000000000000000e+00 7.354300000000000281e-01 -0.000000000000000000e+00 0.000000000000000000e+00 -0.000000000000000000e+00 6.724700000000000122e-01
1.126079999999999970e+00 -0.000000000000000000e+00 0.000000000000000000e+00 -0.000000000000000000e+00 7.354300000000000281e-01 -0.000000000000000000e+00 0.000000000000000000e+00 -0.000000000000000000e+00 6.724700000000000122e-01
2.409469999999999779e+00 -0.000000000000000000e+00 0.000000000000000000e+00 -0.000000000000000000e+00 2.369819999999999816e+00 -0.000000000000000000e+00 0.000000000000000000e+00 -0.000000000000000000e+00 1.951600000000000001e+00
2.409469999999999779e+00 -0.000000000000000000e+00 0.000000000000000000e+00 -0.000000000000000000e+00 2.369819999999999816e+00 -0.000000000000000000e+00 0.000000000000000000e+00 -0.000000000000000000e+00 1.951600000000000001e+00
-1.957349999999999923e+00 2.244500000000000106e-01 9.526999999999999358e-02 2.318300000000000083e-01 -1.942420000000000035e+00 -1.459000000000000019e-01 2.453700000000000048e-01 -2.534199999999999786e-01 -1.694819999999999993e+00
-1.957349999999999923e+00 2.244500000000000106e-01 9.526999999999999358e-02 2.318300000000000083e-01 -1.942420000000000035e+00 -1.459000000000000019e-01 2.453700000000000048e-01 -2.534199999999999786e-01 -1.694819999999999993e+00
-1.957349999999999923e+00 2.244500000000000106e-01 -9.526999999999999358e-02 2.318300000000000083e-01 -1.942420000000000035e+00 1.459000000000000019e-01 -2.453700000000000048e-01 2.534199999999999786e-01 -1.694819999999999993e+00
-1.957349999999999923e+00 -2.244500000000000106e-01 9.526999999999999358e-02 -2.318300000000000083e-01 -1.942420000000000035e+00 1.459000000000000019e-01 2.453700000000000048e-01 2.534199999999999786e-01 -1.694819999999999993e+00
-1.957349999999999923e+00 2.244500000000000106e-01 -9.526999999999999358e-02 2.318300000000000083e-01 -1.942420000000000035e+00 1.459000000000000019e-01 -2.453700000000000048e-01 2.534199999999999786e-01 -1.694819999999999993e+00
-1.957349999999999923e+00 -2.244500000000000106e-01 9.526999999999999358e-02 -2.318300000000000083e-01 -1.942420000000000035e+00 1.459000000000000019e-01 2.453700000000000048e-01 2.534199999999999786e-01 -1.694819999999999993e+00
-1.957349999999999923e+00 -2.244500000000000106e-01 -9.526999999999999358e-02 -2.318300000000000083e-01 -1.942420000000000035e+00 -1.459000000000000019e-01 -2.453700000000000048e-01 -2.534199999999999786e-01 -1.694819999999999993e+00
-1.957349999999999923e+00 -2.244500000000000106e-01 -9.526999999999999358e-02 -2.318300000000000083e-01 -1.942420000000000035e+00 -1.459000000000000019e-01 -2.453700000000000048e-01 -2.534199999999999786e-01 -1.694819999999999993e+00
