7.773509999999999920e+00 6.189900000000000402e-01 7.267799999999999816e-01 6.189900000000000402e-01 7.058749999999999858e+00 4.195999999999999730e-01 -8.200000000000000344e-02 -4.734000000000000014e-02 5.694650000000000212e+00
6.701380000000000337e+00 -0.000000000000000000e+00 0.000000000000000000e+00 -0.000000000000000000e+00 8.130879999999999441e+00 -8.392100000000000115e-01 -0.000000000000000000e+00 9.468999999999999639e-02 5.694650000000000212e+00
7.773509999999999920e+00 -6.189900000000000402e-01 -7.267799999999999816e-01 -6.189900000000000402e-01 7.058749999999999858e+00 4.195999999999999730e-01 8.200000000000000344e-02 -4.734000000000000014e-02 5.694650000000000212e+00
7.773509999999999920e+00 6.189900000000000402e-01 7.267799999999999816e-01 6.189900000000000402e-01 7.058749999999999858e+00 4.195999999999999730e-01 -8.200000000000000344e-02 -4.734000000000000014e-02 5.694650000000000212e+00
6.701380000000000337e+00 -0.000000000000000000e+00 0.000000000000000000e+00 -0.000000000000000000e+00 8.130879999999999441e+00 -8.392100000000000115e-01 -0.000000000000000000e+00 9.468999999999999639e-02 5.694650000000000212e+00
7.773509999999999920e+00 -6.189900000000000402e-01 -7.267799999999999816e-01 -6.189900000000000402e-01 7.058749999999999858e+00 4.195999999999999730e-01 8.200000000000000344e-02 -4.734000000000000014e-02 5.694650000000000212e+00
6.706409999999999982e+00 -0.000000000000000000e+00 -0.000000000000000000e+00 -0.000000000000000000e+00 6.706409999999999982e+00 0.000000000000000000e+00 0.000000000000000000e+00 -0.000000000000000000e+00 1.033946000000000076e+01
1.943389999999999951e+00 -0.000000000000000000e+00 -0.000000000000000000e+00 -0.000000000000000000e+00 1.943389999999999951e+00 0.000000000000000000e+00 0.000000000000000000e+00 0.000000000000000000e+00 1.229489999999999972e+00
1.943389999999999951e+00 -0.000000000000000000e+00 -0.000000000000000000e+00 -0.000000000000000000e+00 1.943389999999999951e+00 0.000000000000000000e+00 0.000000000000000000e+00 0.000000000000000000e+00 1.229489999999999972e+00
-2.982489999999999863e+00 2.023890000000000189e+00 4.689999999999999725e-03 2.023890000000000189e+00 -5.319469999999999921e+00 2.710000000000000169e-03 -7.251000000000000500e-02 -4.186000000000000137e-02 -7.055200000000000360e-01
-6.487969999999999793e+00 0.000000000000000000e+00 0.000000000000000000e+00 0.000000000000000000e+00 -1.814000000000000057e+00 -5.420000000000000338e-03 -0.000000000000000000e+00 8.372000000000000275e-02 -7.055200000000000360e-01
-2.982489999999999863e+00 -2.023890000000000189e+00 -4.689999999999999725e-03 -2.023890000000000189e+00 -5.319469999999999921e+00 2.710000000000000169e-03 7.251000000000000500e-02 -4.186000000000000137e-02 -7.055200000000000360e-01
-2.982489999999999863e+00 2.023890000000000189e+00 4.689999999999999725e-03 2.023890000000000189e+00 -5.319469999999999921e+00 2.710000000000000169e-03 -7.251000000000000500e-02 -4.186000000000000137e-02 -7.055200000000000360e-01
-6.487969999999999793e+00 0.000000000000000000e+00 0.000000000000000000e+00 0.000000000000000000e+00 -1.814000000000000057e+00 -5.420000000000000338e-03 -0.000000000000000000e+00 8.372000000000000275e-02 -7.055200000000000360e-01
-2.982489999999999863e+00 -2.023890000000000189e+00 -4.689999999999999725e-03 -2.023890000000000189e+00 -5.319469999999999921e+00 2.710000000000000169e-03 7.251000000000000500e-02 -4.186000000000000137e-02 -7.055200000000000360e-01
-2.444090000000000096e+00 1.042310000000000070e+00 -3.980000000000000031e-03 1.042310000000000070e+00 -3.647650000000000059e+00 -2.299999999999999961e-03 3.386500000000000066e-01 1.955199999999999994e-01 -2.635060000000000180e+00
-4.249430000000000263e+00 0.000000000000000000e+00 -0.000000000000000000e+00 0.000000000000000000e+00 -1.842309999999999892e+00 4.599999999999999922e-03 0.000000000000000000e+00 -3.910399999999999987e-01 -2.635060000000000180e+00
-2.444090000000000096e+00 -1.042310000000000070e+00 3.980000000000000031e-03 -1.042310000000000070e+00 -3.647650000000000059e+00 -2.299999999999999961e-03 -3.386500000000000066e-01 1.955199999999999994e-01 -2.635060000000000180e+00
-2.444090000000000096e+00 1.042310000000000070e+00 -3.980000000000000031e-03 1.042310000000000070e+00 -3.647650000000000059e+00 -2.299999999999999961e-03 3.386500000000000066e-01 1.955199999999999994e-01 -2.635060000000000180e+00
-4.249430000000000263e+00 0.000000000000000000e+00 -0.000000000000000000e+00 0.000000000000000000e+00 -1.842309999999999892e+00 4.599999999999999922e-03 0.000000000000000000e+00 -3.910399999999999987e-01 -2.635060000000000180e+00
-2.444090000000000096e+00 -1.042310000000000070e+00 3.980000000000000031e-03 -1.042310000000000070e+00 -3.647650000000000059e+00 -2.299999999999999961e-03 -3.386500000000000066e-01 1.955199999999999994e-01 -2.635060000000000180e+00
-2.463529999999999998e+00 -8.291699999999999626e-01 -2.162840000000000096e+00 -8.291699999999999626e-01 -1.506089999999999929e+00 -1.248720000000000052e+00 -1.997249999999999970e+00 -1.153119999999999923e+00 -4.487140000000000128e+00
-1.027369999999999894e+00 0.000000000000000000e+00 -0.000000000000000000e+00 0.000000000000000000e+00 -2.942250000000000032e+00 2.497430000000000039e+00 -0.000000000000000000e+00 2.306229999999999780e+00 -4.487140000000000128e+00
-2.463529999999999998e+00 8.291699999999999626e-01 2.162840000000000096e+00 8.291699999999999626e-01 -1.506089999999999929e+00 -1.248720000000000052e+00 1.997249999999999970e+00 -1.153119999999999923e+00 -4.487140000000000128e+00
-2.463529999999999998e+00 -8.291699999999999626e-01 -2.162840000000000096e+00 -8.291699999999999626e-01 -1.506089999999999929e+00 -1.248720000000000052e+00 -1.997249999999999970e+00 -1.153119999999999923e+00 -4.487140000000000128e+00
-1.027369999999999894e+00 0.000000000000000000e+00 -0.000000000000000000e+00 0.000000000000000000e+00 -2.942250000000000032e+00 2.497430000000000039e+00 -0.000000000000000000e+00 2.306229999999999780e+00 -4.487140000000000128e+00
-2.463529999999999998e+00 8.291699999999999626e-01 2.162840000000000096e+00 8.291699999999999626e-01 -1.506089999999999929e+00 -1.248720000000000052e+00 1.997249999999999970e+00 -1.153119999999999923e+00 -4.487140000000000128e+00
