-2.982363257788704300e-02
-2.232961964508387714e-02
-2.100085457176122453e-02
3.799044410257634841e+00
4.176336185271431134e+00
4.471654013828095131e+00
5.499903406262590444e+00
6.517953180753015552e+00
7.233125452820054591e+00
7.259442742563136264e+00
7.453758196813679682e+00
8.709317999269094557e+00
8.919280734822455869e+00
9.750961035883689121e+00
9.846135195488729508e+00
9.856775646017334580e+00
1.035788816819556857e+01
1.056831264768227108e+01
1.084994473724439423e+01
1.099135792537915357e+01
1.132864254814851890e+01
1.188351723606177401e+01
1.219025755295740154e+01
1.230987032319841035e+01
1.237742764249737881e+01
1.251569250333676209e+01
1.270668875387268315e+01
1.274716801224534812e+01
1.318510932295384031e+01
1.335606272879749135e+01
1.350849814900862000e+01
1.387882557396197392e+01
1.403068728969273238e+01
1.403921283887441795e+01
1.416857627294560018e+01
1.463785319821711894e+01
1.492038640360308932e+01
1.525882672775052917e+01
1.537226342214762909e+01
1.560369056494793760e+01
2.331896846681272351e+01
2.341173582282498700e+01
2.358393636338914234e+01
2.372344559916264473e+01
2.373205236804466978e+01
2.407177536974057475e+01
2.417216247205421098e+01
2.420070790933647942e+01
