-4.695302735042831965e-02
-4.695299199700980058e-02
-4.623282732181495380e-02
8.664981063023962093e-01
8.664981077223826711e-01
1.038830595661584866e+00
1.038830596707263076e+00
1.059917240575974473e+00
1.261700115749492257e+00
2.143390223371399284e+00
2.948470134586994362e+00
2.948470136006970499e+00
3.103113953062933028e+00
3.103113954699824539e+00
3.509125217602872659e+00
3.611722879269369635e+00
3.611722879468981517e+00
4.398337503554409444e+00
4.398337503954601324e+00
5.028798115154598847e+00
5.028798115319372819e+00
5.560907537239854648e+00
5.560907537511889487e+00
5.774473375647825257e+00
5.857970462568349745e+00
5.857970462876389561e+00
5.874735705478992820e+00
6.105579471672915481e+00
6.293690010192610984e+00
6.293690011058693301e+00
6.453715320796701960e+00
6.780088323281702856e+00
6.793122583419556548e+00
6.793122583966852979e+00
6.904859436051514976e+00
7.435336203599926641e+00
7.915313364870717017e+00
7.915313365457030237e+00
8.199645610735661450e+00
8.199645610860562428e+00
9.504778324957232627e+00
9.504778325013914397e+00
1.036128894634757636e+01
1.037016749793262704e+01
1.056673304842006722e+01
1.056673304879846320e+01
1.073242158052213568e+01
1.073242158163888682e+01
1.124491383719848869e+01
1.155308375820232314e+01
1.155308375821066491e+01
1.172928861794055599e+01
1.172928861846723159e+01
1.206353414712413574e+01
1.242893001039436029e+01
1.268063916681039771e+01
1.268063916690402770e+01
1.282134258217283751e+01
1.312595561154178725e+01
1.312595561191343485e+01
1.349581133335099459e+01
1.411960702206562956e+01
1.508629773757669490e+01
1.544376730653494079e+01
1.544376730664962771e+01
1.578913272938373780e+01
1.578913272946099156e+01
1.580659223587030127e+01
1.701698799385519578e+01
1.718842369474080201e+01
1.729914423827890602e+01
1.946254416935522968e+01
1.946254416949711441e+01
1.987867242289705061e+01
1.987867242291505221e+01
2.239383876824186714e+01
2.546076466578944064e+01
2.546076466587681608e+01
2.596350689785608878e+01
2.596350689812992485e+01
2.833648128065047800e+01
