-4.050293526900985985e-02
-3.699870529084132997e-02
-7.705144393001127009e-03
2.158219533758225950e+00
2.253102375600130269e+00
2.389343081108002753e+00
2.438983717668919304e+00
2.503263901620659038e+00
2.681258823391881485e+00
2.846640732819395669e+00
2.928217327448177532e+00
3.033254399831338599e+00
3.161458109984944809e+00
3.188456867100045500e+00
3.196368050903252822e+00
3.245486702414869473e+00
3.420048057280664189e+00
3.460357573120803831e+00
3.573625750785894173e+00
3.579958562679382617e+00
3.667985741156419177e+00
3.800109214238470923e+00
4.093157121411223898e+00
4.625040560820339763e+00
4.648136318348387697e+00
4.705151355967769788e+00
5.167982694283325351e+00
5.201781177517978527e+00
5.417721331425346953e+00
5.679696072310304267e+00
5.911718702366645317e+00
5.927169643281261280e+00
6.236892438013499351e+00
6.346413244210288518e+00
6.451357415836272757e+00
6.657927188485486703e+00
6.849572907599455363e+00
6.898411365491254443e+00
7.034249976314817410e+00
7.426580181169767592e+00
9.318271142751614278e+00
9.547233539537751668e+00
9.591188894448107405e+00
9.594917288429174462e+00
9.713555756051986734e+00
1.006313379523041363e+01
1.012426452763027740e+01
1.030627388714205495e+01
1.035342813886693492e+01
1.036017666403503767e+01
1.038004167117887278e+01
1.061637061972296792e+01
1.062591086677402252e+01
1.082068791847681410e+01
1.082820396467326596e+01
1.099172000440292152e+01
1.103974189022457608e+01
1.159382698570065884e+01
1.160176333150026018e+01
1.187073951680674710e+01
1.188170939944554583e+01
1.238324442117069779e+01
1.250819308725648327e+01
1.259783653234605971e+01
1.306076271777738818e+01
1.312848014560096566e+01
1.325880389743607424e+01
1.329723562723094510e+01
1.334465970199504703e+01
1.347795852109922876e+01
1.356481087378280570e+01
1.401578903811444299e+01
1.416648106737907753e+01
1.445058546213526540e+01
1.479439055476863984e+01
1.575458626653490235e+01
1.578720253780962146e+01
1.623365468028432801e+01
1.650322347609579055e+01
1.661483335831686858e+01
1.777668150771001265e+01
1.784559326629661413e+01
1.824720643940032261e+01
1.856823493830520988e+01
