-9.244030100908230685e-02
-2.070141531685532749e-02
-2.070134722283700768e-02
1.470364524358763081e+00
1.470364526385137927e+00
2.664550872748640664e+00
2.690311695128809522e+00
2.690311696686788157e+00
3.151237874253224103e+00
3.151237875249005782e+00
4.624426752465980783e+00
4.648309208409862947e+00
4.648309208639928691e+00
4.925211214611565858e+00
5.011599648306351185e+00
5.011599648739312407e+00
5.099797881570052205e+00
5.099797881603942429e+00
5.211797356958133953e+00
5.211797357071309200e+00
5.809654521396276472e+00
5.867113289624312777e+00
5.867113289647236662e+00
5.890543647225790380e+00
5.960731756521504110e+00
5.960731756613621535e+00
5.997775055947380807e+00
6.361954671294618002e+00
6.361954671682443774e+00
6.523158932432018275e+00
6.523158932519607767e+00
6.548275084794913603e+00
6.842816955541271007e+00
7.632022524770929017e+00
7.724479179423375363e+00
7.724479180804504352e+00
7.760497963072990224e+00
7.760497963292523949e+00
7.919894215664561088e+00
7.959144577822865330e+00
8.096728203201040586e+00
8.262287079566204895e+00
8.352417069193963428e+00
8.585794335317006087e+00
8.681392576010443562e+00
8.681392576116634174e+00
8.888869253617261990e+00
8.888869253642452506e+00
9.338889878692103963e+00
9.338889878834722325e+00
9.372611013918735523e+00
9.372611014887283432e+00
9.814032422968033131e+00
9.814032423773921820e+00
1.000173798462120622e+01
1.000173798496482291e+01
1.027680581316431407e+01
1.039812584673485318e+01
1.081720088522039624e+01
1.130474891104115542e+01
2.160337114930357316e+01
2.160337114947117954e+01
2.182019235219265951e+01
2.182019235238196231e+01
2.292510034586806000e+01
2.292510034598353030e+01
2.307656837564502439e+01
2.307656837590445775e+01
2.360768744753257664e+01
2.471448008266946772e+01
2.529258029526964435e+01
2.541106057268843088e+01
