1.004510000000000014e+00 2.181099999999999983e-01 -2.000000000000000164e-05 1.283400000000000096e-01 1.073239999999999972e+00 9.875000000000000444e-02 -8.043000000000000149e-02 4.988999999999999685e-02 1.310619999999999896e+00
1.004510000000000014e+00 2.181099999999999983e-01 2.000000000000000164e-05 1.283400000000000096e-01 1.073239999999999972e+00 -9.875000000000000444e-02 8.043000000000000149e-02 -4.988999999999999685e-02 1.310619999999999896e+00
1.004510000000000014e+00 -2.181099999999999983e-01 -2.000000000000000164e-05 -1.283400000000000096e-01 1.073239999999999972e+00 -9.875000000000000444e-02 -8.043000000000000149e-02 -4.988999999999999685e-02 1.310619999999999896e+00
1.004510000000000014e+00 -2.181099999999999983e-01 2.000000000000000164e-05 -1.283400000000000096e-01 1.073239999999999972e+00 9.875000000000000444e-02 8.043000000000000149e-02 4.988999999999999685e-02 1.310619999999999896e+00
3.658199999999999896e+00 0.000000000000000000e+00 -2.937999999999999987e-02 0.000000000000000000e+00 3.482740000000000169e+00 0.000000000000000000e+00 -1.038499999999999979e-01 -0.000000000000000000e+00 3.210949999999999971e+00
3.658199999999999896e+00 0.000000000000000000e+00 2.937999999999999987e-02 0.000000000000000000e+00 3.482740000000000169e+00 0.000000000000000000e+00 1.038499999999999979e-01 0.000000000000000000e+00 3.210949999999999971e+00
3.658199999999999896e+00 -0.000000000000000000e+00 -2.937999999999999987e-02 0.000000000000000000e+00 3.482740000000000169e+00 0.000000000000000000e+00 -1.038499999999999979e-01 -0.000000000000000000e+00 3.210949999999999971e+00
3.658199999999999896e+00 -0.000000000000000000e+00 2.937999999999999987e-02 0.000000000000000000e+00 3.482740000000000169e+00 0.000000000000000000e+00 1.038499999999999979e-01 0.000000000000000000e+00 3.210949999999999971e+00
3.192909999999999915e+00 0.000000000000000000e+00 1.885300000000000031e-01 0.000000000000000000e+00 3.042699999999999960e+00 0.000000000000000000e+00 -3.320699999999999763e-01 0.000000000000000000e+00 3.053650000000000198e+00
3.192909999999999915e+00 -0.000000000000000000e+00 -1.885300000000000031e-01 0.000000000000000000e+00 3.042699999999999960e+00 0.000000000000000000e+00 3.320699999999999763e-01 -0.000000000000000000e+00 3.053650000000000198e+00
3.192909999999999915e+00 0.000000000000000000e+00 1.885300000000000031e-01 0.000000000000000000e+00 3.042699999999999960e+00 0.000000000000000000e+00 -3.320699999999999763e-01 0.000000000000000000e+00 3.053650000000000198e+00
3.192909999999999915e+00 -0.000000000000000000e+00 -1.885300000000000031e-01 0.000000000000000000e+00 3.042699999999999960e+00 0.000000000000000000e+00 3.320699999999999763e-01 -0.000000000000000000e+00 3.053650000000000198e+00
-1.790419999999999900e+00 -2.920699999999999963e-01 -3.044899999999999829e-01 -4.179200000000000137e-01 -2.374600000000000044e+00 1.242599999999999955e-01 -3.076200000000000045e-01 1.921899999999999997e-01 -1.812079999999999913e+00
-1.790419999999999900e+00 -2.920699999999999963e-01 -3.044899999999999829e-01 -4.179200000000000137e-01 -2.374600000000000044e+00 1.242599999999999955e-01 -3.076200000000000045e-01 1.921899999999999997e-01 -1.812079999999999913e+00
-1.790419999999999900e+00 -2.920699999999999963e-01 3.044899999999999829e-01 -4.179200000000000137e-01 -2.374600000000000044e+00 -1.242599999999999955e-01 3.076200000000000045e-01 -1.921899999999999997e-01 -1.812079999999999913e+00
-1.790419999999999900e+00 2.920699999999999963e-01 -3.044899999999999829e-01 4.179200000000000137e-01 -2.374600000000000044e+00 -1.242599999999999955e-01 -3.076200000000000045e-01 -1.921899999999999997e-01 -1.812079999999999913e+00
-1.790419999999999900e+00 2.920699999999999963e-01 3.044899999999999829e-01 4.179200000000000137e-01 -2.374600000000000044e+00 1.242599999999999955e-01 3.076200000000000045e-01 1.921899999999999997e-01 -1.812079999999999913e+00
-1.638609999999999900e+00 0.000000000000000000e+00 -3.119399999999999951e-01 0.000000000000000000e+00 -1.385320000000000107e+00 0.000000000000000000e+00 -3.601400000000000157e-01 -0.000000000000000000e+00 -2.439939999999999998e+00
-1.790419999999999900e+00 -2.920699999999999963e-01 3.044899999999999829e-01 -4.179200000000000137e-01 -2.374600000000000044e+00 -1.242599999999999955e-01 3.076200000000000045e-01 -1.921899999999999997e-01 -1.812079999999999913e+00
-1.790419999999999900e+00 2.920699999999999963e-01 -3.044899999999999829e-01 4.179200000000000137e-01 -2.374600000000000044e+00 -1.242599999999999955e-01 -3.076200000000000045e-01 -1.921899999999999997e-01 -1.812079999999999913e+00
-1.638609999999999900e+00 0.000000000000000000e+00 -3.119399999999999951e-01 0.000000000000000000e+00 -1.385320000000000107e+00 0.000000000000000000e+00 -3.601400000000000157e-01 -0.000000000000000000e+00 -2.439939999999999998e+00
-1.638609999999999900e+00 0.000000000000000000e+00 3.119399999999999951e-01 0.000000000000000000e+00 -1.385320000000000107e+00 0.000000000000000000e+00 3.601400000000000157e-01 -0.000000000000000000e+00 -2.439939999999999998e+00
-2.636179999999999968e+00 0.000000000000000000e+00 6.325999999999999679e-02 0.000000000000000000e+00 -1.464159999999999906e+00 0.000000000000000000e+00 -1.279800000000000104e-01 -0.000000000000000000e+00 -1.511109999999999953e+00
-1.638609999999999900e+00 0.000000000000000000e+00 3.119399999999999951e-01 0.000000000000000000e+00 -1.385320000000000107e+00 0.000000000000000000e+00 3.601400000000000157e-01 0.000000000000000000e+00 -2.439939999999999998e+00
-2.636179999999999968e+00 0.000000000000000000e+00 -6.325999999999999679e-02 0.000000000000000000e+00 -1.464159999999999906e+00 0.000000000000000000e+00 1.279800000000000104e-01 0.000000000000000000e+00 -1.511109999999999953e+00
-2.636179999999999968e+00 0.000000000000000000e+00 -6.325999999999999679e-02 0.000000000000000000e+00 -1.464159999999999906e+00 0.000000000000000000e+00 1.279800000000000104e-01 -0.000000000000000000e+00 -1.511109999999999953e+00
-2.636179999999999968e+00 0.000000000000000000e+00 6.325999999999999679e-02 0.000000000000000000e+00 -1.464159999999999906e+00 0.000000000000000000e+00 -1.279800000000000104e-01 -0.000000000000000000e+00 -1.511109999999999953e+00
-1.790419999999999900e+00 2.920699999999999963e-01 3.044899999999999829e-01 4.179200000000000137e-01 -2.374600000000000044e+00 1.242599999999999955e-01 3.076200000000000045e-01 1.921899999999999997e-01 -1.812079999999999913e+00
