-2.005304693180608999e-01
-1.327100158585930723e-01
-6.803992241519095374e-02
2.164654991571060894e+00
2.426438678458744835e+00
2.922159054508570719e+00
3.082575658884434855e+00
3.137772641938555651e+00
3.191208360282137502e+00
3.618743938780420333e+00
4.191262917515492070e+00
4.250712737388147033e+00
4.484693733310582076e+00
5.094388812439007097e+00
5.237163853742452524e+00
5.388191499923900452e+00
5.431065437167980292e+00
5.623954229555093498e+00
5.692374304387784356e+00
6.027977419977222695e+00
6.344146742577208897e+00
6.426107326165898748e+00
7.202971266783314341e+00
7.208978967146340011e+00
7.484807248167640203e+00
7.619070569960683770e+00
8.318483778800244366e+00
8.345911369475462749e+00
8.685398021091632614e+00
9.051168489423922381e+00
9.479911257662536173e+00
9.557678732605072724e+00
9.707479134020205791e+00
1.023690859224986127e+01
1.026451889785090188e+01
1.063823814573404825e+01
1.070426530413055133e+01
1.081721127091365098e+01
1.171543173178431552e+01
1.176846734878590084e+01
1.207802973899926080e+01
1.231189425822343786e+01
1.258587708339354272e+01
1.263964046212729286e+01
1.471161247102869041e+01
1.536805523889419156e+01
1.746168362354405090e+01
1.766999767676322008e+01
2.062489004699212458e+01
2.095747097160948869e+01
2.554476689328216921e+01
2.610317001292014538e+01
2.758659448897982713e+01
2.768106491089104892e+01
2.770699373208282879e+01
2.827532768646650396e+01
2.884158685491953733e+01
2.920002307666634067e+01
2.925045600184854422e+01
2.949724324572466827e+01
