-1.795185773116531880e-01
-8.841059003309502395e-02
-2.862989423661917859e-02
5.869836300954226482e-01
7.816730723262763636e-01
9.521001712004887318e-01
9.845963152480309288e-01
1.300845436629578966e+00
1.302071465012577534e+00
2.155929467770223429e+00
2.509041376701468540e+00
2.720104744306733213e+00
4.087202576335066340e+00
4.403734619615491397e+00
4.748293914660296267e+00
4.873839236166904954e+00
5.265209957826943565e+00
5.497269476749343298e+00
5.517072792704478701e+00
5.529522411565034545e+00
6.716408363105983881e+00
7.019203288123232909e+00
7.258406670888591705e+00
7.346471112037397333e+00
7.799198458816136714e+00
8.122468602586286224e+00
8.774891771412340447e+00
8.784226847025298213e+00
9.138617269587342662e+00
9.272172188867072506e+00
9.446857461611243068e+00
9.913638898003094724e+00
1.062525204406935586e+01
1.085393292774559271e+01
1.128011453842557366e+01
1.161095745406036706e+01
1.203355741250275379e+01
1.262421621329419352e+01
1.267641471394810360e+01
1.281884499477234485e+01
1.309874345118645245e+01
1.407779482021243211e+01
1.673150776230283299e+01
1.798618266892672324e+01
1.809671384533667293e+01
1.950335348087605070e+01
2.032483857254467807e+01
2.093790607964416495e+01
2.108344203397538053e+01
2.130517066347979238e+01
2.305860819737392831e+01
2.660147321108362917e+01
2.864696397526271809e+01
2.869175193326472240e+01
