1.313430000000000097e+00 0.000000000000000000e+00 -0.000000000000000000e+00 0.000000000000000000e+00 1.261840000000000073e+00 -5.716000000000000247e-02 0.000000000000000000e+00 1.592999999999999972e-02 1.237349999999999950e+00
1.313430000000000097e+00 0.000000000000000000e+00 0.000000000000000000e+00 0.000000000000000000e+00 1.261840000000000073e+00 5.716000000000000247e-02 -0.000000000000000000e+00 -1.592999999999999972e-02 1.237349999999999950e+00
1.171489999999999920e+00 0.000000000000000000e+00 0.000000000000000000e+00 0.000000000000000000e+00 1.166520000000000001e+00 2.223999999999999935e-02 0.000000000000000000e+00 5.530000000000000193e-03 1.377760000000000096e+00
1.171489999999999920e+00 0.000000000000000000e+00 -0.000000000000000000e+00 0.000000000000000000e+00 1.166520000000000001e+00 -2.223999999999999935e-02 -0.000000000000000000e+00 -5.530000000000000193e-03 1.377760000000000096e+00
1.114859999999999962e+00 0.000000000000000000e+00 -0.000000000000000000e+00 0.000000000000000000e+00 8.108800000000000452e-01 -1.384900000000000020e-01 -0.000000000000000000e+00 -2.444199999999999984e-01 1.090130000000000043e+00
1.114859999999999962e+00 0.000000000000000000e+00 0.000000000000000000e+00 0.000000000000000000e+00 8.108800000000000452e-01 1.384900000000000020e-01 0.000000000000000000e+00 2.444199999999999984e-01 1.090130000000000043e+00
2.884710000000000107e+00 0.000000000000000000e+00 -0.000000000000000000e+00 0.000000000000000000e+00 2.836009999999999920e+00 -3.316000000000000197e-02 -0.000000000000000000e+00 -1.091400000000000009e-01 2.908510000000000151e+00
2.884710000000000107e+00 0.000000000000000000e+00 0.000000000000000000e+00 0.000000000000000000e+00 2.836009999999999920e+00 3.316000000000000197e-02 0.000000000000000000e+00 1.091400000000000009e-01 2.908510000000000151e+00
-1.980520000000000058e+00 -1.862999999999999934e-01 4.283000000000000140e-01 -1.803899999999999948e-01 -1.260690000000000088e+00 8.096000000000000418e-02 4.467900000000000205e-01 1.149099999999999983e-01 -1.578209999999999891e+00
-1.980520000000000058e+00 -1.862999999999999934e-01 -4.283000000000000140e-01 -1.803899999999999948e-01 -1.260690000000000088e+00 -8.096000000000000418e-02 -4.467900000000000205e-01 -1.149099999999999983e-01 -1.578209999999999891e+00
-1.252329999999999943e+00 -0.000000000000000000e+00 -0.000000000000000000e+00 -0.000000000000000000e+00 -1.419659999999999922e+00 -3.012699999999999823e-01 -0.000000000000000000e+00 -1.945900000000000130e-01 -2.079429999999999890e+00
-1.252329999999999943e+00 -0.000000000000000000e+00 0.000000000000000000e+00 -0.000000000000000000e+00 -1.419659999999999922e+00 3.012699999999999823e-01 0.000000000000000000e+00 1.945900000000000130e-01 -2.079429999999999890e+00
-1.980520000000000058e+00 1.862999999999999934e-01 -4.283000000000000140e-01 1.803899999999999948e-01 -1.260690000000000088e+00 8.096000000000000418e-02 -4.467900000000000205e-01 1.149099999999999983e-01 -1.578209999999999891e+00
-1.980520000000000058e+00 1.862999999999999934e-01 4.283000000000000140e-01 1.803899999999999948e-01 -1.260690000000000088e+00 -8.096000000000000418e-02 4.467900000000000205e-01 -1.149099999999999983e-01 -1.578209999999999891e+00
-1.271099999999999897e+00 -0.000000000000000000e+00 -0.000000000000000000e+00 -0.000000000000000000e+00 -2.134199999999999875e+00 -1.169599999999999945e-01 -0.000000000000000000e+00 -8.237999999999999490e-02 -1.377909999999999968e+00
-1.271099999999999897e+00 -0.000000000000000000e+00 0.000000000000000000e+00 -0.000000000000000000e+00 -2.134199999999999875e+00 1.169599999999999945e-01 0.000000000000000000e+00 8.237999999999999490e-02 -1.377909999999999968e+00
