3.220310000000000006e+00 0.000000000000000000e+00 0.000000000000000000e+00 0.000000000000000000e+00 3.297419999999999796e+00 3.185899999999999843e-01 0.000000000000000000e+00 3.014000000000000012e-01 4.098440000000000083e+00
3.220310000000000006e+00 0.000000000000000000e+00 -0.000000000000000000e+00 0.000000000000000000e+00 3.297419999999999796e+00 -3.185899999999999843e-01 -0.000000000000000000e+00 -3.014000000000000012e-01 4.098440000000000083e+00
2.694809999999999928e+00 2.835400000000000142e-01 -2.076300000000000090e-01 -1.789100000000000135e-01 2.641999999999999904e+00 8.147000000000000075e-02 1.638199999999999934e-01 -7.451000000000000678e-02 2.518479999999999830e+00
2.694809999999999928e+00 2.835400000000000142e-01 2.076300000000000090e-01 -1.789100000000000135e-01 2.641999999999999904e+00 -8.147000000000000075e-02 -1.638199999999999934e-01 7.451000000000000678e-02 2.518479999999999830e+00
2.694809999999999928e+00 -2.835400000000000142e-01 -2.076300000000000090e-01 1.789100000000000135e-01 2.641999999999999904e+00 -8.147000000000000075e-02 1.638199999999999934e-01 7.451000000000000678e-02 2.518479999999999830e+00
2.694809999999999928e+00 -2.835400000000000142e-01 2.076300000000000090e-01 1.789100000000000135e-01 2.641999999999999904e+00 8.147000000000000075e-02 -1.638199999999999934e-01 -7.451000000000000678e-02 2.518479999999999830e+00
3.112460000000000004e+00 0.000000000000000000e+00 -0.000000000000000000e+00 0.000000000000000000e+00 3.655549999999999855e+00 -1.348799999999999999e-01 -0.000000000000000000e+00 -4.757700000000000262e-01 5.060340000000000060e+00
3.112460000000000004e+00 0.000000000000000000e+00 0.000000000000000000e+00 0.000000000000000000e+00 3.655549999999999855e+00 1.348799999999999999e-01 0.000000000000000000e+00 4.757700000000000262e-01 5.060340000000000060e+00
-2.544150000000000134e+00 6.279900000000000482e-01 8.034299999999999775e-01 7.953299999999999814e-01 -1.681280000000000108e+00 -3.118099999999999761e-01 1.019509999999999916e+00 -4.047299999999999787e-01 -1.779910000000000103e+00
-2.544150000000000134e+00 6.279900000000000482e-01 -8.034299999999999775e-01 7.953299999999999814e-01 -1.681280000000000108e+00 3.118099999999999761e-01 -1.019509999999999916e+00 4.047299999999999787e-01 -1.779910000000000103e+00
-2.544150000000000134e+00 -6.279900000000000482e-01 8.034299999999999775e-01 -7.953299999999999814e-01 -1.681280000000000108e+00 3.118099999999999761e-01 1.019509999999999916e+00 4.047299999999999787e-01 -1.779910000000000103e+00
-2.544150000000000134e+00 -6.279900000000000482e-01 -8.034299999999999775e-01 -7.953299999999999814e-01 -1.681280000000000108e+00 -3.118099999999999761e-01 -1.019509999999999916e+00 -4.047299999999999787e-01 -1.779910000000000103e+00
-2.115720000000000045e+00 -1.331100000000000061e-01 -8.705999999999999850e-02 -6.468999999999999750e-02 -1.738220000000000098e+00 5.444299999999999695e-01 6.381000000000000560e-02 1.000089999999999923e+00 -2.907189999999999941e+00
-2.115720000000000045e+00 -1.331100000000000061e-01 8.705999999999999850e-02 -6.468999999999999750e-02 -1.738220000000000098e+00 -5.444299999999999695e-01 -6.381000000000000560e-02 -1.000089999999999923e+00 -2.907189999999999941e+00
-2.115720000000000045e+00 1.331100000000000061e-01 -8.705999999999999850e-02 6.468999999999999750e-02 -1.738220000000000098e+00 -5.444299999999999695e-01 6.381000000000000560e-02 -1.000089999999999923e+00 -2.907189999999999941e+00
-2.115720000000000045e+00 1.331100000000000061e-01 8.705999999999999850e-02 6.468999999999999750e-02 -1.738220000000000098e+00 5.444299999999999695e-01 -6.381000000000000560e-02 1.000089999999999923e+00 -2.907189999999999941e+00
-1.187259999999999982e+00 -0.000000000000000000e+00 0.000000000000000000e+00 -0.000000000000000000e+00 -1.703999999999999959e+00 5.762399999999999745e-01 0.000000000000000000e+00 8.274399999999999533e-01 -4.025380000000000180e+00
-1.187259999999999982e+00 -0.000000000000000000e+00 -0.000000000000000000e+00 -0.000000000000000000e+00 -1.703999999999999959e+00 -5.762399999999999745e-01 -0.000000000000000000e+00 -8.274399999999999533e-01 -4.025380000000000180e+00
-1.215389999999999970e+00 -0.000000000000000000e+00 0.000000000000000000e+00 -0.000000000000000000e+00 -3.693960000000000132e+00 7.660999999999999754e-02 0.000000000000000000e+00 2.174800000000000066e-01 -7.961500000000000243e-01
-1.215389999999999970e+00 -0.000000000000000000e+00 -0.000000000000000000e+00 -0.000000000000000000e+00 -3.693960000000000132e+00 -7.660999999999999754e-02 -0.000000000000000000e+00 -2.174800000000000066e-01 -7.961500000000000243e-01
