1.277470000000000105e+00 4.810999999999999999e-02 0.000000000000000000e+00 -6.532999999999999918e-02 1.249560000000000004e+00 0.000000000000000000e+00 0.000000000000000000e+00 0.000000000000000000e+00 1.154949999999999921e+00
1.277470000000000105e+00 -4.810999999999999999e-02 0.000000000000000000e+00 6.532999999999999918e-02 1.249560000000000004e+00 -0.000000000000000000e+00 0.000000000000000000e+00 0.000000000000000000e+00 1.154949999999999921e+00
1.277470000000000105e+00 4.810999999999999999e-02 -0.000000000000000000e+00 -6.532999999999999918e-02 1.249560000000000004e+00 0.000000000000000000e+00 0.000000000000000000e+00 0.000000000000000000e+00 1.154949999999999921e+00
1.277470000000000105e+00 -4.810999999999999999e-02 0.000000000000000000e+00 6.532999999999999918e-02 1.249560000000000004e+00 -0.000000000000000000e+00 0.000000000000000000e+00 0.000000000000000000e+00 1.154949999999999921e+00
1.231899999999999995e+00 -8.079999999999999682e-02 -0.000000000000000000e+00 2.685400000000000009e-01 2.586269999999999847e+00 0.000000000000000000e+00 0.000000000000000000e+00 0.000000000000000000e+00 3.132660000000000000e+00
1.231899999999999995e+00 -8.079999999999999682e-02 0.000000000000000000e+00 2.685400000000000009e-01 2.586269999999999847e+00 0.000000000000000000e+00 0.000000000000000000e+00 0.000000000000000000e+00 3.132660000000000000e+00
1.231899999999999995e+00 8.079999999999999682e-02 0.000000000000000000e+00 -2.685400000000000009e-01 2.586269999999999847e+00 0.000000000000000000e+00 0.000000000000000000e+00 0.000000000000000000e+00 3.132660000000000000e+00
1.231899999999999995e+00 8.079999999999999682e-02 0.000000000000000000e+00 -2.685400000000000009e-01 2.586269999999999847e+00 0.000000000000000000e+00 0.000000000000000000e+00 0.000000000000000000e+00 3.132660000000000000e+00
-1.037679999999999936e+00 0.000000000000000000e+00 0.000000000000000000e+00 0.000000000000000000e+00 -1.681329999999999991e+00 1.202509999999999968e+00 0.000000000000000000e+00 1.516350000000000087e+00 -3.033040000000000180e+00
-1.037679999999999936e+00 0.000000000000000000e+00 -0.000000000000000000e+00 0.000000000000000000e+00 -1.681329999999999991e+00 -1.202509999999999968e+00 0.000000000000000000e+00 -1.516350000000000087e+00 -3.033040000000000180e+00
-1.037679999999999936e+00 0.000000000000000000e+00 -0.000000000000000000e+00 0.000000000000000000e+00 -1.681329999999999991e+00 1.202509999999999968e+00 0.000000000000000000e+00 1.516350000000000087e+00 -3.033040000000000180e+00
-1.037679999999999936e+00 0.000000000000000000e+00 -0.000000000000000000e+00 0.000000000000000000e+00 -1.681329999999999991e+00 -1.202509999999999968e+00 0.000000000000000000e+00 -1.516350000000000087e+00 -3.033040000000000180e+00
-1.471680000000000099e+00 3.120600000000000041e-01 0.000000000000000000e+00 8.551499999999999657e-01 -2.154500000000000082e+00 0.000000000000000000e+00 0.000000000000000000e+00 0.000000000000000000e+00 -1.254569999999999963e+00
-1.471680000000000099e+00 -3.120600000000000041e-01 -0.000000000000000000e+00 -8.551499999999999657e-01 -2.154500000000000082e+00 0.000000000000000000e+00 0.000000000000000000e+00 0.000000000000000000e+00 -1.254569999999999963e+00
-1.471680000000000099e+00 -3.120600000000000041e-01 -0.000000000000000000e+00 -8.551499999999999657e-01 -2.154500000000000082e+00 -0.000000000000000000e+00 0.000000000000000000e+00 0.000000000000000000e+00 -1.254569999999999963e+00
-1.471680000000000099e+00 3.120600000000000041e-01 0.000000000000000000e+00 8.551499999999999657e-01 -2.154500000000000082e+00 0.000000000000000000e+00 0.000000000000000000e+00 0.000000000000000000e+00 -1.254569999999999963e+00
