-4.422650151739614816e-02
-3.945957759860905384e-02
-1.844101899516363552e-02
9.071464979409035179e-01
1.239753484997444977e+00
1.490009221108776538e+00
1.520395758592604896e+00
1.576416362416877437e+00
1.683467725380088487e+00
1.929321680804520156e+00
2.135040697043624647e+00
2.187630588078280258e+00
2.189136051138646621e+00
2.205837400985442898e+00
2.222860230175031315e+00
2.324520812344482934e+00
2.412932200268252281e+00
2.538505174784629670e+00
2.572951900330677333e+00
2.627676825447113895e+00
2.741284384384213624e+00
2.892162709020566602e+00
2.964611463394453583e+00
3.003282847642676945e+00
3.055118925996465507e+00
3.098800814693486227e+00
3.098999544156723296e+00
3.350907232515745182e+00
3.383089862214197829e+00
3.526844130948818101e+00
3.600155878363912709e+00
3.618473481747076725e+00
3.981562572157295143e+00
3.998694001326837277e+00
4.690120693263291507e+00
5.104389076284578053e+00
5.280423290458471364e+00
5.476606440865269931e+00
5.516414664571949622e+00
5.709810270493796303e+00
5.774137604180121564e+00
6.171163514140970641e+00
6.369669177374314373e+00
7.416024251948470258e+00
8.195348006879301650e+00
8.820809058669313529e+00
9.099237870683394291e+00
9.223122739928399483e+00
9.374387258751861296e+00
9.446413502307757781e+00
9.782669666330516378e+00
9.907003975459350187e+00
1.084235777046475313e+01
1.189218558454223817e+01
1.206719592147815234e+01
1.214264819199439138e+01
1.231714471698627378e+01
1.248587587752706440e+01
1.253803250209357145e+01
1.266098238105094786e+01
