-1.466958684632329625e-02
-1.466958684544919164e-02
-8.008752563083481810e-03
2.263693558857996280e+00
2.336449589412668892e+00
2.690461766826738543e+00
2.867014027881177540e+00
2.910265221389849888e+00
2.910265221389854329e+00
3.153702082654505912e+00
3.491013937127869227e+00
3.491013937127876776e+00
3.513816471339001435e+00
4.474483173072696829e+00
4.561554692986907078e+00
4.571259471121578599e+00
4.571259471121585705e+00
5.231088600630987351e+00
5.231088600630991792e+00
5.442727138445722090e+00
5.442727138445723867e+00
7.012350637409910270e+00
7.084527791266325814e+00
7.084527791266326702e+00
7.640132017633529671e+00
8.515689134490989076e+00
8.546424692536387369e+00
9.680589706196061073e+00
9.680589706196061073e+00
9.826018442326528657e+00
9.976035380286797150e+00
9.976035380286806031e+00
1.040679538567245110e+01
1.040679538567245643e+01
1.045660925903827554e+01
1.073149463938653980e+01
1.298690205821394628e+01
1.555243230947419875e+01
1.576504719952632705e+01
1.576504719952632705e+01
1.603467682491727686e+01
1.603467682491729107e+01
1.637026546053696308e+01
1.639358488711655681e+01
1.774391638163403684e+01
