-1.451581635592627262e-01
-7.383121613968912644e-02
-2.867088802928349778e-02
1.006116532010801645e+00
1.042515198904079954e+00
1.146454913382346064e+00
1.230148764676292972e+00
1.255635121807241017e+00
1.326275376841585585e+00
1.342160619302717350e+00
1.352016635888561691e+00
1.433849216362610424e+00
1.477128473437267164e+00
1.517882034686289794e+00
1.590725271589968237e+00
1.653778662099175234e+00
1.668568282470798136e+00
1.724003575842915081e+00
1.800825399627959511e+00
1.896747903893579723e+00
1.975860799590854811e+00
1.992139776708600429e+00
1.995167365932625447e+00
2.110253246609629318e+00
2.210148117681311586e+00
2.232341907212669785e+00
2.315400539241241340e+00
2.342723792605219124e+00
2.359525668331476922e+00
2.452498924417440662e+00
2.484912065929204328e+00
2.600219039355839090e+00
2.653049166361489686e+00
2.679682418345223471e+00
2.771411884795958791e+00
2.835370926273907077e+00
3.016885893662747620e+00
3.030227368910827224e+00
3.179703394085398926e+00
3.319156665444036758e+00
3.335115431323171897e+00
3.409837984604755512e+00
3.424398959199887127e+00
3.709665064741921370e+00
3.955764978325350789e+00
3.993398157266540682e+00
4.235763226006523219e+00
4.284971595260825161e+00
4.521916245487281216e+00
4.652568121789130373e+00
5.334590817120594686e+00
5.348715678884881974e+00
5.868806640663902563e+00
6.147201759834422852e+00
6.201007047070351774e+00
6.244731491520377986e+00
6.252923549571431039e+00
6.290498737346591263e+00
6.655748959981631963e+00
7.041689557841730007e+00
7.320328889306952469e+00
7.682920218843879212e+00
8.130833632112889120e+00
8.509045749597046182e+00
8.623217626920766321e+00
9.109146538369895296e+00
9.659457064383788705e+00
9.797306115384198932e+00
1.262370261923024550e+01
1.264544339542305629e+01
1.477300241285212401e+01
1.495286280311679050e+01
1.544113850310425917e+01
1.568126749172767020e+01
1.585361517177105739e+01
1.587813376005394517e+01
1.686948236264164791e+01
1.701425850714875310e+01
1.732401082717559504e+01
1.738486502018547597e+01
1.804809135477383819e+01
1.813812389388409230e+01
1.895428960570672672e+01
1.898628718426963147e+01
