-2.411021387296263807e-01
-2.411021387296263807e-01
-4.197089979974220203e-02
3.536344977515626931e-01
3.536344977515626931e-01
2.229622452344790950e+00
2.229622452344790950e+00
2.672413772229143447e+00
4.001794734865844916e+00
4.001794734865844916e+00
4.361121277836698340e+00
4.370285608515763975e+00
5.680682335776222835e+00
5.680682335776222835e+00
6.158730900112456830e+00
6.458684045531256857e+00
7.516371937311244977e+00
7.516371937311244977e+00
7.690352469165506299e+00
8.655755281891927666e+00
8.655755281891927666e+00
1.055765906818362865e+01
1.055765906818362865e+01
1.271020228005833097e+01
1.516210150341963647e+01
1.516210150341963647e+01
1.526844468176113878e+01
1.593107519911948700e+01
1.693656860169733491e+01
2.280633547942325379e+01
