-5.316382426048750498e-02
-5.292693869854934313e-02
-1.960683931693224177e-02
1.293216563457180612e+00
2.761185685534386369e+00
3.902544785137000538e+00
4.040644218438441015e+00
4.570307101278862305e+00
5.069270983090172322e+00
5.250211967149517100e+00
5.704291182960421480e+00
6.404782923721927368e+00
7.186779598679787107e+00
7.399900323653015199e+00
7.462604297428613087e+00
8.519685821672064563e+00
9.655715146999728660e+00
9.683226977614435071e+00
9.778907081059722728e+00
1.058771335086098730e+01
1.063971122728431951e+01
1.186385801499663906e+01
1.194266335454533312e+01
1.261996061800511271e+01
1.289502210157082374e+01
1.397252042403230732e+01
1.460188152259838112e+01
1.467445038153047854e+01
2.124832327502572582e+01
2.250299322312478623e+01
2.369243436204899567e+01
2.429957857659264064e+01
2.737159628154704549e+01
2.793954428762215869e+01
2.816595231835771074e+01
2.939641139663139313e+01
