2.843020000000000103e+00 -4.283399999999999985e-01 -3.013500000000000068e-01 -2.019700000000000106e-01 2.463690000000000158e+00 7.517999999999999683e-02 9.556000000000000605e-02 -1.227000000000000035e-01 2.542040000000000077e+00
2.843020000000000103e+00 -4.283399999999999985e-01 3.013500000000000068e-01 -2.019700000000000106e-01 2.463690000000000158e+00 -7.517999999999999683e-02 -9.556000000000000605e-02 1.227000000000000035e-01 2.542040000000000077e+00
2.843020000000000103e+00 4.283399999999999985e-01 -3.013500000000000068e-01 2.019700000000000106e-01 2.463690000000000158e+00 -7.517999999999999683e-02 9.556000000000000605e-02 1.227000000000000035e-01 2.542040000000000077e+00
2.843020000000000103e+00 4.283399999999999985e-01 3.013500000000000068e-01 2.019700000000000106e-01 2.463690000000000158e+00 7.517999999999999683e-02 -9.556000000000000605e-02 -1.227000000000000035e-01 2.542040000000000077e+00
2.944960000000000022e+00 0.000000000000000000e+00 -0.000000000000000000e+00 0.000000000000000000e+00 2.926470000000000127e+00 1.789399999999999880e-01 -0.000000000000000000e+00 9.735000000000000597e-02 3.646030000000000104e+00
2.944960000000000022e+00 0.000000000000000000e+00 0.000000000000000000e+00 0.000000000000000000e+00 2.926470000000000127e+00 -1.789399999999999880e-01 0.000000000000000000e+00 -9.735000000000000597e-02 3.646030000000000104e+00
2.696439999999999948e+00 0.000000000000000000e+00 0.000000000000000000e+00 0.000000000000000000e+00 3.317579999999999973e+00 -3.124100000000000210e-01 0.000000000000000000e+00 -4.383000000000000090e-02 5.006920000000000037e+00
2.696439999999999948e+00 0.000000000000000000e+00 -0.000000000000000000e+00 0.000000000000000000e+00 3.317579999999999973e+00 3.124100000000000210e-01 -0.000000000000000000e+00 4.383000000000000090e-02 5.006920000000000037e+00
-2.141929999999999890e+00 1.083400000000000057e-01 5.675999999999999795e-02 7.237999999999999989e-02 -1.818230000000000013e+00 3.501900000000000013e-01 4.180999999999999994e-02 9.864000000000000545e-01 -2.937159999999999993e+00
-1.241170000000000107e+00 -0.000000000000000000e+00 0.000000000000000000e+00 -0.000000000000000000e+00 -1.394449999999999967e+00 -4.576000000000000206e-02 0.000000000000000000e+00 -1.653999999999999915e-02 -3.773639999999999883e+00
-2.260110000000000063e+00 -5.417100000000000248e-01 4.981599999999999917e-01 -7.203399999999999803e-01 -1.656479999999999952e+00 3.385500000000000176e-01 6.395999999999999464e-01 2.904900000000000260e-01 -1.367809999999999970e+00
-2.260110000000000063e+00 -5.417100000000000248e-01 -4.981599999999999917e-01 -7.203399999999999803e-01 -1.656479999999999952e+00 -3.385500000000000176e-01 -6.395999999999999464e-01 -2.904900000000000260e-01 -1.367809999999999970e+00
-2.141929999999999890e+00 -1.083400000000000057e-01 5.675999999999999795e-02 -7.237999999999999989e-02 -1.818230000000000013e+00 -3.501900000000000013e-01 4.180999999999999994e-02 -9.864000000000000545e-01 -2.937159999999999993e+00
-1.282189999999999941e+00 -0.000000000000000000e+00 0.000000000000000000e+00 -0.000000000000000000e+00 -2.827539999999999942e+00 -6.836600000000000454e-01 0.000000000000000000e+00 -5.985599999999999810e-01 -1.353429999999999911e+00
-2.141929999999999890e+00 -1.083400000000000057e-01 -5.675999999999999795e-02 -7.237999999999999989e-02 -1.818230000000000013e+00 3.501900000000000013e-01 -4.180999999999999994e-02 9.864000000000000545e-01 -2.937159999999999993e+00
-2.141929999999999890e+00 1.083400000000000057e-01 -5.675999999999999795e-02 7.237999999999999989e-02 -1.818230000000000013e+00 -3.501900000000000013e-01 -4.180999999999999994e-02 -9.864000000000000545e-01 -2.937159999999999993e+00
-1.282189999999999941e+00 -0.000000000000000000e+00 -0.000000000000000000e+00 -0.000000000000000000e+00 -2.827539999999999942e+00 6.836600000000000454e-01 -0.000000000000000000e+00 5.985599999999999810e-01 -1.353429999999999911e+00
-1.241170000000000107e+00 -0.000000000000000000e+00 -0.000000000000000000e+00 -0.000000000000000000e+00 -1.394449999999999967e+00 4.576000000000000206e-02 -0.000000000000000000e+00 1.653999999999999915e-02 -3.773639999999999883e+00
-2.260110000000000063e+00 5.417100000000000248e-01 4.981599999999999917e-01 7.203399999999999803e-01 -1.656479999999999952e+00 -3.385500000000000176e-01 6.395999999999999464e-01 -2.904900000000000260e-01 -1.367809999999999970e+00
-2.260110000000000063e+00 5.417100000000000248e-01 -4.981599999999999917e-01 7.203399999999999803e-01 -1.656479999999999952e+00 3.385500000000000176e-01 -6.395999999999999464e-01 2.904900000000000260e-01 -1.367809999999999970e+00
