2.539250000000000007e+00 0.000000000000000000e+00 0.000000000000000000e+00 0.000000000000000000e+00 2.539250000000000007e+00 0.000000000000000000e+00 0.000000000000000000e+00 0.000000000000000000e+00 2.917079999999999895e+00
2.539250000000000007e+00 0.000000000000000000e+00 0.000000000000000000e+00 0.000000000000000000e+00 2.539250000000000007e+00 0.000000000000000000e+00 0.000000000000000000e+00 0.000000000000000000e+00 2.917079999999999895e+00
2.746630000000000127e+00 0.000000000000000000e+00 0.000000000000000000e+00 0.000000000000000000e+00 2.746630000000000127e+00 0.000000000000000000e+00 0.000000000000000000e+00 0.000000000000000000e+00 2.631170000000000009e+00
4.424629999999999619e+00 0.000000000000000000e+00 0.000000000000000000e+00 0.000000000000000000e+00 4.424629999999999619e+00 0.000000000000000000e+00 0.000000000000000000e+00 0.000000000000000000e+00 3.907869999999999955e+00
4.424629999999999619e+00 0.000000000000000000e+00 0.000000000000000000e+00 0.000000000000000000e+00 4.424629999999999619e+00 0.000000000000000000e+00 0.000000000000000000e+00 0.000000000000000000e+00 3.907869999999999955e+00
-1.988269999999999982e+00 -0.000000000000000000e+00 -0.000000000000000000e+00 -0.000000000000000000e+00 -3.299729999999999830e+00 -0.000000000000000000e+00 -0.000000000000000000e+00 -0.000000000000000000e+00 -1.832089999999999996e+00
-3.299729999999999830e+00 -0.000000000000000000e+00 -0.000000000000000000e+00 -0.000000000000000000e+00 -1.988269999999999982e+00 -0.000000000000000000e+00 -0.000000000000000000e+00 -0.000000000000000000e+00 -1.832089999999999996e+00
-2.109539999999999971e+00 -0.000000000000000000e+00 -0.000000000000000000e+00 -0.000000000000000000e+00 -2.109539999999999971e+00 -0.000000000000000000e+00 -0.000000000000000000e+00 -0.000000000000000000e+00 -2.856770000000000032e+00
-2.109539999999999971e+00 -0.000000000000000000e+00 -0.000000000000000000e+00 -0.000000000000000000e+00 -2.109539999999999971e+00 -0.000000000000000000e+00 -0.000000000000000000e+00 -0.000000000000000000e+00 -2.856770000000000032e+00
-3.299729999999999830e+00 -0.000000000000000000e+00 -0.000000000000000000e+00 -0.000000000000000000e+00 -1.988269999999999982e+00 -0.000000000000000000e+00 -0.000000000000000000e+00 -0.000000000000000000e+00 -1.832089999999999996e+00
-1.988269999999999982e+00 -0.000000000000000000e+00 -0.000000000000000000e+00 -0.000000000000000000e+00 -3.299729999999999830e+00 -0.000000000000000000e+00 -0.000000000000000000e+00 -0.000000000000000000e+00 -1.832089999999999996e+00
-1.879299999999999971e+00 -0.000000000000000000e+00 -0.000000000000000000e+00 -0.000000000000000000e+00 -1.879299999999999971e+00 -0.000000000000000000e+00 -0.000000000000000000e+00 -0.000000000000000000e+00 -3.239170000000000105e+00
