4.108389999999999986e+00 -0.000000000000000000e+00 -3.745700000000000141e-01 -0.000000000000000000e+00 3.946470000000000145e+00 0.000000000000000000e+00 3.767000000000000209e-02 0.000000000000000000e+00 3.941899999999999959e+00
4.117810000000000414e+00 -0.000000000000000000e+00 -3.950000000000000386e-03 -0.000000000000000000e+00 4.398629999999999818e+00 0.000000000000000000e+00 -2.781500000000000083e-01 0.000000000000000000e+00 4.068889999999999674e+00
4.117810000000000414e+00 -0.000000000000000000e+00 -3.950000000000000386e-03 -0.000000000000000000e+00 4.398629999999999818e+00 0.000000000000000000e+00 -2.781500000000000083e-01 0.000000000000000000e+00 4.068889999999999674e+00
4.108389999999999986e+00 -0.000000000000000000e+00 -3.745700000000000141e-01 -0.000000000000000000e+00 3.946470000000000145e+00 0.000000000000000000e+00 3.767000000000000209e-02 0.000000000000000000e+00 3.941899999999999959e+00
2.319430000000000103e+00 -0.000000000000000000e+00 -7.151899999999999924e-01 -0.000000000000000000e+00 7.066900000000000404e-01 0.000000000000000000e+00 -7.709700000000000442e-01 0.000000000000000000e+00 1.512969999999999926e+00
2.319430000000000103e+00 -0.000000000000000000e+00 -7.151899999999999924e-01 -0.000000000000000000e+00 7.066900000000000404e-01 0.000000000000000000e+00 -7.709700000000000442e-01 0.000000000000000000e+00 1.512969999999999926e+00
-2.682970000000000077e+00 0.000000000000000000e+00 2.304499999999999882e-01 0.000000000000000000e+00 -2.824009999999999909e+00 -0.000000000000000000e+00 1.767600000000000005e-01 -0.000000000000000000e+00 -2.522489999999999899e+00
-2.327389999999999848e+00 0.000000000000000000e+00 4.868700000000000250e-01 0.000000000000000000e+00 -1.625220000000000109e+00 -0.000000000000000000e+00 6.425300000000000455e-01 -0.000000000000000000e+00 -2.543499999999999872e+00
-2.722620000000000040e+00 0.000000000000000000e+00 3.035499999999999865e-01 0.000000000000000000e+00 -1.724909999999999943e+00 -0.000000000000000000e+00 2.641899999999999804e-01 -0.000000000000000000e+00 -1.961859999999999937e+00
-2.812650000000000095e+00 0.000000000000000000e+00 7.283000000000000584e-02 0.000000000000000000e+00 -2.877650000000000041e+00 -0.000000000000000000e+00 -7.202999999999999681e-02 -0.000000000000000000e+00 -2.495919999999999916e+00
-2.812650000000000095e+00 0.000000000000000000e+00 7.283000000000000584e-02 0.000000000000000000e+00 -2.877650000000000041e+00 -0.000000000000000000e+00 -7.202999999999999681e-02 -0.000000000000000000e+00 -2.495919999999999916e+00
-2.722620000000000040e+00 0.000000000000000000e+00 3.035499999999999865e-01 0.000000000000000000e+00 -1.724909999999999943e+00 -0.000000000000000000e+00 2.641899999999999804e-01 -0.000000000000000000e+00 -1.961859999999999937e+00
-2.327389999999999848e+00 0.000000000000000000e+00 4.868700000000000250e-01 0.000000000000000000e+00 -1.625220000000000109e+00 -0.000000000000000000e+00 6.425300000000000455e-01 -0.000000000000000000e+00 -2.543499999999999872e+00
-2.682970000000000077e+00 0.000000000000000000e+00 2.304499999999999882e-01 0.000000000000000000e+00 -2.824009999999999909e+00 -0.000000000000000000e+00 1.767600000000000005e-01 -0.000000000000000000e+00 -2.522489999999999899e+00
