-4.728671849087472817e-02
-2.892770175591146548e-02
-2.674688574171556893e-02
1.954738556624668222e+00
2.836417268093686772e+00
3.130991592953459524e+00
3.229967200609775713e+00
3.676173560786108130e+00
3.761503919612196878e+00
3.969068829492070627e+00
4.004318228832542736e+00
4.028542467504621527e+00
4.162345275551339263e+00
4.749107030829227583e+00
5.104380907840421422e+00
5.248837440408307131e+00
5.344592643471748339e+00
5.438240447324212745e+00
5.677381049469923724e+00
5.824652156898672217e+00
5.856428666221431101e+00
5.964427747468264762e+00
6.238511724004833781e+00
6.321886842683836605e+00
6.506622443626602248e+00
6.526218380951805287e+00
6.658166233405323986e+00
6.827997174256685398e+00
6.984682479752677864e+00
6.985384510662622226e+00
7.225693309990645297e+00
7.581973845496843722e+00
7.593685334752885652e+00
7.734126899493706908e+00
8.056635897776216027e+00
8.136718927309182448e+00
8.344780930477396552e+00
8.508130455438136508e+00
8.512633385534353891e+00
8.553603320406283572e+00
8.620862671287346402e+00
8.848678442154238155e+00
8.858859165174614247e+00
8.940820150788585607e+00
8.949399790737826876e+00
9.161887837588094996e+00
9.934486152710020335e+00
1.009633409808129478e+01
1.011276153308836356e+01
1.019165829158171555e+01
1.028447827315707030e+01
1.029071411047486784e+01
1.043724759280354419e+01
1.059874340929416192e+01
1.060454477304932297e+01
1.081476162193052737e+01
1.085084658463224550e+01
1.115829112579908688e+01
1.169397360898426541e+01
1.202675946413150676e+01
1.203298071261633417e+01
1.217965889503141064e+01
1.242919870641645375e+01
1.310055407577772257e+01
1.320767603347120556e+01
1.321053987057415746e+01
1.341745497097783968e+01
1.381686992110466683e+01
1.939783736509657430e+01
1.958166141612023381e+01
1.986013589163851023e+01
1.990901679794583856e+01
1.998114138502018733e+01
2.026163863413626842e+01
2.037959360188029834e+01
2.147905837944396978e+01
2.155561090562963500e+01
2.157318347035239370e+01
2.166076957471398501e+01
2.178736702086060717e+01
2.187949716092046870e+01
2.189209788845496973e+01
2.202007934679632939e+01
2.222481856497687858e+01
