-7.443478970580058585e-02
-2.755070388396069561e-02
-2.273094211913704102e-02
1.447486562797035026e+00
1.968058431540257835e+00
1.985883551948972148e+00
2.159533763285052199e+00
2.419935487976168087e+00
2.468841187586436892e+00
2.492560885349202060e+00
2.894315943511698741e+00
3.117902131358405438e+00
3.313416107959308743e+00
3.373152918530760491e+00
3.442478141039893025e+00
3.490011417930636739e+00
3.710193238170934826e+00
4.060681600219539611e+00
4.472916273517028252e+00
4.706306191475117195e+00
4.754176653477174774e+00
4.985738911432002318e+00
5.448207461900643978e+00
5.502134856121206674e+00
5.639100120009988615e+00
5.838277219667155293e+00
5.992666994383001544e+00
7.046903527918794374e+00
7.167225434603494705e+00
7.477037782741369654e+00
7.702371778729550478e+00
8.463583777117282381e+00
8.787906978170060057e+00
9.213167114439952954e+00
9.260354156532905279e+00
9.322709405952743111e+00
9.819487627563695753e+00
9.938873741304631082e+00
1.009526678488721885e+01
1.013914971969865775e+01
1.022232446640834169e+01
1.034999570628967014e+01
1.109700846725664469e+01
1.113915371663208376e+01
1.137178723138575087e+01
1.212281055187451351e+01
1.271039547919713719e+01
1.329176016688025186e+01
1.361350110393532731e+01
1.456146528884034730e+01
1.479163892854172069e+01
1.600727202062993726e+01
2.204302000958199770e+01
2.275275820426829299e+01
2.319713467592876555e+01
2.372755090101149733e+01
2.417336915725482172e+01
2.454164635044802978e+01
2.601818114786888714e+01
2.605641737154518367e+01
