-1.221486112184253514e-01
-1.221486112182638833e-01
-1.221486112182333800e-01
1.593686622816965048e+00
1.593686622816974374e+00
1.961935118525111932e+00
1.961935118525121036e+00
1.961935118525130584e+00
1.983119928526168474e+00
2.156270283368835194e+00
2.156270283368845408e+00
2.156270283368847629e+00
2.645169010267800047e+00
2.645169010267802268e+00
2.645169010267805376e+00
2.746136702819869324e+00
2.746136702819871545e+00
2.797994801362846395e+00
2.840235273555011819e+00
2.840235273555014928e+00
2.840235273555017592e+00
3.170265649618119852e+00
3.170265649618123849e+00
3.170265649618127402e+00
3.443917394430341616e+00
3.443917394430346057e+00
3.674803576026253626e+00
3.689022596881777805e+00
3.689022596881779581e+00
3.689022596881785354e+00
3.850845838090478424e+00
3.850845838090488193e+00
3.850845838090491746e+00
4.200400130128651988e+00
4.200400130128654652e+00
4.200400130128657317e+00
4.280685527691999503e+00
4.280685527692000392e+00
4.280685527692003944e+00
4.533693525632777721e+00
4.569977439457982626e+00
4.569977439457985291e+00
4.569977439457986179e+00
4.696067634954672165e+00
4.696067634954675718e+00
4.851945486353036685e+00
4.851945486353036685e+00
4.851945486353040238e+00
5.076937964390383584e+00
5.076937964390385361e+00
5.076937964390387137e+00
5.141335871057327367e+00
5.272269549511650943e+00
5.272269549511652720e+00
5.272269549511655384e+00
5.336865697659998631e+00
5.336865697660002184e+00
5.391317400034860263e+00
5.391317400034862928e+00
5.391317400034863816e+00
8.057866690957579792e+00
8.057866690957579792e+00
8.140690683927845228e+00
8.140690683927848781e+00
8.140690683927857663e+00
9.064698435841629376e+00
9.064698435841632929e+00
9.064698435841634705e+00
9.180085632414364483e+00
9.642137479599146133e+00
9.642137479599146133e+00
9.642137479599155014e+00
1.793223586043498585e+01
1.793223586043499651e+01
1.817261307052926611e+01
1.817261307052926966e+01
1.817261307052926966e+01
1.857601064953000503e+01
1.857601064953000503e+01
1.857601064953001213e+01
1.962650039011749215e+01
1.985515598361034506e+01
1.985515598361035217e+01
1.985515598361035217e+01
