-5.395238553244435797e-02
-4.574156176721091288e-02
-2.110344077441479380e-02
4.095366213154339796e+00
4.367420407992115727e+00
4.662155185739830898e+00
5.135633844207919019e+00
6.012275043943271946e+00
6.398589932748814491e+00
7.060061469388818622e+00
7.220722932784915393e+00
7.337978440824693749e+00
7.923233396432900477e+00
8.412305404705239908e+00
8.564953538428211388e+00
8.767433877744188919e+00
8.796172349786658629e+00
9.505636335954136484e+00
1.078516501234887315e+01
1.105876221359819667e+01
1.127326179228304248e+01
1.212032097607320758e+01
1.219872555099891542e+01
1.224671824417556643e+01
1.341119328987858772e+01
1.396604518827241925e+01
1.460483089918401767e+01
1.496780142205965625e+01
1.612134587027527033e+01
1.787875866685235238e+01
1.799802606520228920e+01
1.813039409380611389e+01
1.827215448494895256e+01
1.961447713937022286e+01
2.240803959457406336e+01
2.429861071310173770e+01
