1.245579999999999909e+00 0.000000000000000000e+00 0.000000000000000000e+00 0.000000000000000000e+00 8.565899999999999626e-01 -2.960000000000000131e-02 0.000000000000000000e+00 1.703099999999999892e-01 1.088009999999999922e+00
9.482000000000000428e-01 1.158399999999999985e-01 -8.712000000000000299e-02 -1.016699999999999965e-01 1.157589999999999897e+00 -1.519000000000000038e-02 1.405099999999999960e-01 8.579000000000000514e-02 1.056869999999999976e+00
9.482000000000000428e-01 1.158399999999999985e-01 8.712000000000000299e-02 -1.016699999999999965e-01 1.157589999999999897e+00 1.519000000000000038e-02 -1.405099999999999960e-01 -8.579000000000000514e-02 1.056869999999999976e+00
1.245579999999999909e+00 0.000000000000000000e+00 0.000000000000000000e+00 0.000000000000000000e+00 8.565899999999999626e-01 2.960000000000000131e-02 0.000000000000000000e+00 -1.703099999999999892e-01 1.088009999999999922e+00
9.482000000000000428e-01 -1.158399999999999985e-01 -8.712000000000000299e-02 1.016699999999999965e-01 1.157589999999999897e+00 1.519000000000000038e-02 1.405099999999999960e-01 -8.579000000000000514e-02 1.056869999999999976e+00
9.482000000000000428e-01 -1.158399999999999985e-01 8.712000000000000299e-02 1.016699999999999965e-01 1.157589999999999897e+00 -1.519000000000000038e-02 -1.405099999999999960e-01 8.579000000000000514e-02 1.056869999999999976e+00
2.774509999999999810e+00 0.000000000000000000e+00 0.000000000000000000e+00 0.000000000000000000e+00 2.434159999999999879e+00 -1.200000000000000030e-04 0.000000000000000000e+00 -5.378000000000000141e-02 2.719559999999999977e+00
2.774509999999999810e+00 0.000000000000000000e+00 0.000000000000000000e+00 0.000000000000000000e+00 2.434159999999999879e+00 1.200000000000000030e-04 0.000000000000000000e+00 5.378000000000000141e-02 2.719559999999999977e+00
-8.421199999999999797e-01 0.000000000000000000e+00 0.000000000000000000e+00 0.000000000000000000e+00 -2.351210000000000022e+00 5.055600000000000094e-01 0.000000000000000000e+00 5.563299999999999912e-01 -1.052159999999999984e+00
-7.901299999999999990e-01 0.000000000000000000e+00 0.000000000000000000e+00 0.000000000000000000e+00 -7.071499999999999453e-01 6.320000000000000097e-03 0.000000000000000000e+00 3.175000000000000044e-02 -2.759609999999999896e+00
-2.142119999999999802e+00 -8.020000000000000462e-01 -5.113100000000000422e-01 -6.160299999999999665e-01 -1.273789999999999978e+00 -2.597200000000000064e-01 -5.165699999999999736e-01 -2.545899999999999830e-01 -1.054769999999999985e+00
-2.142119999999999802e+00 -8.020000000000000462e-01 5.113100000000000422e-01 -6.160299999999999665e-01 -1.273789999999999978e+00 2.597200000000000064e-01 5.165699999999999736e-01 2.545899999999999830e-01 -1.054769999999999985e+00
-7.901299999999999990e-01 0.000000000000000000e+00 0.000000000000000000e+00 0.000000000000000000e+00 -7.071499999999999453e-01 -6.320000000000000097e-03 0.000000000000000000e+00 -3.175000000000000044e-02 -2.759609999999999896e+00
-8.421199999999999797e-01 0.000000000000000000e+00 0.000000000000000000e+00 0.000000000000000000e+00 -2.351210000000000022e+00 -5.055600000000000094e-01 0.000000000000000000e+00 -5.563299999999999912e-01 -1.052159999999999984e+00
-2.142119999999999802e+00 8.020000000000000462e-01 -5.113100000000000422e-01 6.160299999999999665e-01 -1.273789999999999978e+00 2.597200000000000064e-01 -5.165699999999999736e-01 2.545899999999999830e-01 -1.054769999999999985e+00
-2.142119999999999802e+00 8.020000000000000462e-01 5.113100000000000422e-01 6.160299999999999665e-01 -1.273789999999999978e+00 -2.597200000000000064e-01 5.165699999999999736e-01 -2.545899999999999830e-01 -1.054769999999999985e+00
