-4.559624914978799293e-02
-3.358548056617544769e-02
-2.613164241735060900e-02
2.302204092440680583e+00
3.282517405656323106e+00
3.853550390309008034e+00
4.111613533398598364e+00
4.143913096061054624e+00
4.584224392904376444e+00
4.596332015117504888e+00
4.671887628323499797e+00
4.772300204278173474e+00
5.019195437250461467e+00
5.742791514352566296e+00
5.910539318212824966e+00
6.598740522883924875e+00
6.650752874610041054e+00
6.659062564159232700e+00
6.773420879263294836e+00
7.550918670303205182e+00
7.609824354115062306e+00
7.701685757043536640e+00
7.997261391938996766e+00
8.041682312347736783e+00
8.069047141799099876e+00
8.119883838566462231e+00
8.147937267248561710e+00
8.203845146746630235e+00
8.516100338681299675e+00
8.553170067551876699e+00
9.041312501443208305e+00
9.275791708196683416e+00
9.472161724409993155e+00
1.011569842798884622e+01
1.020008811373459956e+01
1.024021764307917159e+01
1.025525909869086760e+01
1.028499450138637172e+01
1.037832872510932880e+01
1.048103199274880559e+01
1.084041705485424956e+01
1.117934116873424344e+01
1.124049911297940518e+01
1.128382160379569932e+01
1.135013309578608443e+01
1.137290227375553364e+01
1.176682332373448503e+01
1.184022197960967837e+01
1.214047910823661525e+01
1.214417625821486979e+01
1.224056821404992945e+01
1.241248299041269121e+01
1.246486990862033473e+01
1.284519090950518994e+01
1.292838894178394327e+01
1.318148809243310815e+01
1.318786270114039105e+01
1.353247388985650090e+01
1.364423414761672149e+01
1.398087547413177312e+01
1.406005550306078256e+01
1.431466243290723206e+01
1.441266519838958438e+01
1.449083810318447973e+01
1.470529477815929553e+01
1.473372281048823318e+01
1.517678350636487572e+01
1.574126758205550658e+01
1.982781241379043990e+01
2.003405527684063969e+01
2.062254816258078804e+01
2.062362697930461053e+01
2.062638962329863901e+01
2.122422799636177615e+01
2.129468284958021229e+01
2.215550645228359272e+01
2.217033549029341799e+01
2.238128846106927838e+01
2.248519599645797840e+01
2.271273993719221451e+01
2.332871488461459109e+01
2.337706887872718653e+01
2.347973964433568739e+01
2.356194314911704168e+01
