-2.722098707382534719e-02
-1.764551591239022638e-02
-5.639258869110039436e-03
3.627363539581959451e+00
3.790769145735971790e+00
4.641574233336131172e+00
4.750977120418707678e+00
4.977707365679097329e+00
4.981409537443931335e+00
5.200041583250880173e+00
5.388543040972734843e+00
6.061698584297920966e+00
6.126266356558119242e+00
6.801535537827595235e+00
8.026967059523869352e+00
8.194835837657803879e+00
8.399215347816907595e+00
8.704533623862891645e+00
9.569195157679565966e+00
9.575629804046711158e+00
1.022534491858752226e+01
1.135508095478532198e+01
1.222654039735400211e+01
1.226177744412107629e+01
1.257858221362181084e+01
1.497899294804906134e+01
1.515518565036796517e+01
1.594359947090286411e+01
1.602660654137354612e+01
1.817310268788929406e+01
1.929922779874559780e+01
1.954096577890360109e+01
1.970597997461428363e+01
2.041490722923051138e+01
2.365973672738159550e+01
2.408590972443797540e+01
