-5.117839997271056429e-02
-5.117831776104157099e-02
-3.156362568245706796e-02
9.227629423925229890e-01
9.227629472970870772e-01
1.728018415189842116e+00
1.755271148369111467e+00
2.358622824974403009e+00
2.358622825488386976e+00
2.528885099092705868e+00
2.660517459209708946e+00
2.660517460818113467e+00
2.829787306504616406e+00
2.829787306872466601e+00
3.110666603820261500e+00
3.634034095097705919e+00
6.506587899031410771e+00
6.506587899707529488e+00
6.724463044429823455e+00
7.370353201947213329e+00
7.370353202677415005e+00
9.992705673867426697e+00
9.992705674143380179e+00
1.056520076266005859e+01
1.056520076295012878e+01
1.252237679137018844e+01
1.543288945490139596e+01
1.543288945494158071e+01
1.564391101337053769e+01
1.564391101347586677e+01
1.573997803924830663e+01
1.946884542577970834e+01
2.163100104542903424e+01
2.163100104577604910e+01
2.164483062696203675e+01
2.164483062712902850e+01
2.405519384570339980e+01
2.442004327110282702e+01
2.979254823740814473e+01
