1.352149999999999963e+00 3.660000000000000059e-02 -7.965999999999999470e-02 7.965999999999999470e-02 1.352149999999999963e+00 -3.660000000000000059e-02 -3.660000000000000059e-02 -7.965999999999999470e-02 1.352149999999999963e+00
1.352149999999999963e+00 -3.660000000000000059e-02 7.965999999999999470e-02 -7.965999999999999470e-02 1.352149999999999963e+00 -3.660000000000000059e-02 3.660000000000000059e-02 -7.965999999999999470e-02 1.352149999999999963e+00
1.352149999999999963e+00 -3.660000000000000059e-02 -7.965999999999999470e-02 -7.965999999999999470e-02 1.352149999999999963e+00 3.660000000000000059e-02 -3.660000000000000059e-02 7.965999999999999470e-02 1.352149999999999963e+00
1.352149999999999963e+00 3.660000000000000059e-02 7.965999999999999470e-02 7.965999999999999470e-02 1.352149999999999963e+00 3.660000000000000059e-02 3.660000000000000059e-02 7.965999999999999470e-02 1.352149999999999963e+00
2.352520000000000167e+00 3.584399999999999809e-01 2.119199999999999973e-01 2.119199999999999973e-01 2.352520000000000167e+00 -3.584399999999999809e-01 3.584399999999999809e-01 -2.119199999999999973e-01 2.352520000000000167e+00
2.352520000000000167e+00 -3.584399999999999809e-01 -2.119199999999999973e-01 -2.119199999999999973e-01 2.352520000000000167e+00 -3.584399999999999809e-01 -3.584399999999999809e-01 -2.119199999999999973e-01 2.352520000000000167e+00
2.352520000000000167e+00 3.584399999999999809e-01 -2.119199999999999973e-01 2.119199999999999973e-01 2.352520000000000167e+00 3.584399999999999809e-01 -3.584399999999999809e-01 2.119199999999999973e-01 2.352520000000000167e+00
2.352520000000000167e+00 -3.584399999999999809e-01 2.119199999999999973e-01 -2.119199999999999973e-01 2.352520000000000167e+00 3.584399999999999809e-01 3.584399999999999809e-01 2.119199999999999973e-01 2.352520000000000167e+00
1.609560000000000102e+00 -6.690599999999999881e-01 -7.768899999999999695e-01 -7.768899999999999695e-01 1.609560000000000102e+00 -6.690599999999999881e-01 -6.690599999999999881e-01 -7.768899999999999695e-01 1.609560000000000102e+00
1.609560000000000102e+00 6.690599999999999881e-01 -7.768899999999999695e-01 7.768899999999999695e-01 1.609560000000000102e+00 6.690599999999999881e-01 -6.690599999999999881e-01 7.768899999999999695e-01 1.609560000000000102e+00
1.609560000000000102e+00 6.690599999999999881e-01 7.768899999999999695e-01 7.768899999999999695e-01 1.609560000000000102e+00 -6.690599999999999881e-01 6.690599999999999881e-01 -7.768899999999999695e-01 1.609560000000000102e+00
1.609560000000000102e+00 -6.690599999999999881e-01 7.768899999999999695e-01 -7.768899999999999695e-01 1.609560000000000102e+00 6.690599999999999881e-01 6.690599999999999881e-01 7.768899999999999695e-01 1.609560000000000102e+00
-1.775509999999999922e+00 -2.139199999999999990e-01 4.793799999999999728e-01 -3.648100000000000231e-01 -1.747330000000000050e+00 -3.312899999999999734e-01 3.812599999999999878e-01 -3.433800000000000185e-01 -1.791400000000000103e+00
-1.791400000000000103e+00 -3.812599999999999878e-01 -3.433800000000000185e-01 -4.793799999999999728e-01 -1.775509999999999922e+00 2.139199999999999990e-01 -3.312899999999999734e-01 3.648100000000000231e-01 -1.747330000000000050e+00
-1.747330000000000050e+00 3.312899999999999734e-01 3.648100000000000231e-01 3.433800000000000185e-01 -1.791400000000000103e+00 3.812599999999999878e-01 2.139199999999999990e-01 4.793799999999999728e-01 -1.775509999999999922e+00
-1.775509999999999922e+00 2.139199999999999990e-01 -4.793799999999999728e-01 3.648100000000000231e-01 -1.747330000000000050e+00 -3.312899999999999734e-01 -3.812599999999999878e-01 -3.433800000000000185e-01 -1.791400000000000103e+00
-1.791400000000000103e+00 3.812599999999999878e-01 3.433800000000000185e-01 4.793799999999999728e-01 -1.775509999999999922e+00 2.139199999999999990e-01 3.312899999999999734e-01 3.648100000000000231e-01 -1.747330000000000050e+00
-1.747330000000000050e+00 -3.312899999999999734e-01 -3.648100000000000231e-01 -3.433800000000000185e-01 -1.791400000000000103e+00 3.812599999999999878e-01 -2.139199999999999990e-01 4.793799999999999728e-01 -1.775509999999999922e+00
-1.775509999999999922e+00 2.139199999999999990e-01 4.793799999999999728e-01 3.648100000000000231e-01 -1.747330000000000050e+00 3.312899999999999734e-01 3.812599999999999878e-01 3.433800000000000185e-01 -1.791400000000000103e+00
-1.791400000000000103e+00 3.812599999999999878e-01 -3.433800000000000185e-01 4.793799999999999728e-01 -1.775509999999999922e+00 -2.139199999999999990e-01 -3.312899999999999734e-01 -3.648100000000000231e-01 -1.747330000000000050e+00
-1.747330000000000050e+00 -3.312899999999999734e-01 3.648100000000000231e-01 -3.433800000000000185e-01 -1.791400000000000103e+00 -3.812599999999999878e-01 2.139199999999999990e-01 -4.793799999999999728e-01 -1.775509999999999922e+00
-1.775509999999999922e+00 -2.139199999999999990e-01 -4.793799999999999728e-01 -3.648100000000000231e-01 -1.747330000000000050e+00 3.312899999999999734e-01 -3.812599999999999878e-01 3.433800000000000185e-01 -1.791400000000000103e+00
-1.791400000000000103e+00 -3.812599999999999878e-01 3.433800000000000185e-01 -4.793799999999999728e-01 -1.775509999999999922e+00 -2.139199999999999990e-01 3.312899999999999734e-01 -3.648100000000000231e-01 -1.747330000000000050e+00
-1.747330000000000050e+00 3.312899999999999734e-01 -3.648100000000000231e-01 3.433800000000000185e-01 -1.791400000000000103e+00 -3.812599999999999878e-01 -2.139199999999999990e-01 -4.793799999999999728e-01 -1.775509999999999922e+00
