1.101380000000000026e+00 -4.320000000000000229e-02 3.180000000000000188e-02 -4.655999999999999722e-02 1.259949999999999903e+00 1.072599999999999942e-01 -7.417999999999999594e-02 3.599000000000000116e-02 1.197759999999999936e+00
1.101380000000000026e+00 -4.320000000000000229e-02 3.180000000000000188e-02 -4.655999999999999722e-02 1.259949999999999903e+00 1.072599999999999942e-01 -7.417999999999999594e-02 3.599000000000000116e-02 1.197759999999999936e+00
1.101380000000000026e+00 4.320000000000000229e-02 3.180000000000000188e-02 4.655999999999999722e-02 1.259949999999999903e+00 -1.072599999999999942e-01 -7.417999999999999594e-02 -3.599000000000000116e-02 1.197759999999999936e+00
1.101380000000000026e+00 -4.320000000000000229e-02 -3.180000000000000188e-02 -4.655999999999999722e-02 1.259949999999999903e+00 -1.072599999999999942e-01 7.417999999999999594e-02 -3.599000000000000116e-02 1.197759999999999936e+00
1.101380000000000026e+00 -4.320000000000000229e-02 -3.180000000000000188e-02 -4.655999999999999722e-02 1.259949999999999903e+00 -1.072599999999999942e-01 7.417999999999999594e-02 -3.599000000000000116e-02 1.197759999999999936e+00
1.101380000000000026e+00 4.320000000000000229e-02 3.180000000000000188e-02 4.655999999999999722e-02 1.259949999999999903e+00 -1.072599999999999942e-01 -7.417999999999999594e-02 -3.599000000000000116e-02 1.197759999999999936e+00
1.101380000000000026e+00 4.320000000000000229e-02 -3.180000000000000188e-02 4.655999999999999722e-02 1.259949999999999903e+00 1.072599999999999942e-01 7.417999999999999594e-02 3.599000000000000116e-02 1.197759999999999936e+00
1.101380000000000026e+00 4.320000000000000229e-02 -3.180000000000000188e-02 4.655999999999999722e-02 1.259949999999999903e+00 1.072599999999999942e-01 7.417999999999999594e-02 3.599000000000000116e-02 1.197759999999999936e+00
4.120269999999999655e+00 0.000000000000000000e+00 -1.733999999999999986e-01 0.000000000000000000e+00 2.345470000000000166e+00 0.000000000000000000e+00 8.129999999999999727e-02 -0.000000000000000000e+00 2.708950000000000191e+00
4.120269999999999655e+00 -0.000000000000000000e+00 1.733999999999999986e-01 0.000000000000000000e+00 2.345470000000000166e+00 0.000000000000000000e+00 -8.129999999999999727e-02 0.000000000000000000e+00 2.708950000000000191e+00
4.120269999999999655e+00 -0.000000000000000000e+00 1.733999999999999986e-01 0.000000000000000000e+00 2.345470000000000166e+00 0.000000000000000000e+00 -8.129999999999999727e-02 0.000000000000000000e+00 2.708950000000000191e+00
4.120269999999999655e+00 0.000000000000000000e+00 -1.733999999999999986e-01 0.000000000000000000e+00 2.345470000000000166e+00 0.000000000000000000e+00 8.129999999999999727e-02 -0.000000000000000000e+00 2.708950000000000191e+00
-2.360090000000000021e+00 -2.751999999999999932e-02 -4.170599999999999863e-01 -3.248000000000000193e-02 -1.717289999999999983e+00 7.251000000000000500e-02 -3.201200000000000156e-01 7.130999999999999839e-02 -1.442549999999999999e+00
-2.360090000000000021e+00 2.751999999999999932e-02 4.170599999999999863e-01 3.248000000000000193e-02 -1.717289999999999983e+00 7.251000000000000500e-02 3.201200000000000156e-01 7.130999999999999839e-02 -1.442549999999999999e+00
-2.360090000000000021e+00 -2.751999999999999932e-02 4.170599999999999863e-01 -3.248000000000000193e-02 -1.717289999999999983e+00 -7.251000000000000500e-02 3.201200000000000156e-01 -7.130999999999999839e-02 -1.442549999999999999e+00
-2.360090000000000021e+00 2.751999999999999932e-02 -4.170599999999999863e-01 3.248000000000000193e-02 -1.717289999999999983e+00 -7.251000000000000500e-02 -3.201200000000000156e-01 -7.130999999999999839e-02 -1.442549999999999999e+00
-2.360090000000000021e+00 -2.751999999999999932e-02 -4.170599999999999863e-01 -3.248000000000000193e-02 -1.717289999999999983e+00 7.251000000000000500e-02 -3.201200000000000156e-01 7.130999999999999839e-02 -1.442549999999999999e+00
-2.360090000000000021e+00 2.751999999999999932e-02 4.170599999999999863e-01 3.248000000000000193e-02 -1.717289999999999983e+00 7.251000000000000500e-02 3.201200000000000156e-01 7.130999999999999839e-02 -1.442549999999999999e+00
-2.360090000000000021e+00 -2.751999999999999932e-02 4.170599999999999863e-01 -3.248000000000000193e-02 -1.717289999999999983e+00 -7.251000000000000500e-02 3.201200000000000156e-01 -7.130999999999999839e-02 -1.442549999999999999e+00
-2.360090000000000021e+00 2.751999999999999932e-02 -4.170599999999999863e-01 3.248000000000000193e-02 -1.717289999999999983e+00 -7.251000000000000500e-02 -3.201200000000000156e-01 -7.130999999999999839e-02 -1.442549999999999999e+00
-1.602859999999999951e+00 0.000000000000000000e+00 4.544000000000000122e-02 0.000000000000000000e+00 -1.430790000000000006e+00 0.000000000000000000e+00 -1.031200000000000033e-01 0.000000000000000000e+00 -2.219370000000000065e+00
-1.602859999999999951e+00 0.000000000000000000e+00 4.544000000000000122e-02 0.000000000000000000e+00 -1.430790000000000006e+00 0.000000000000000000e+00 -1.031200000000000033e-01 0.000000000000000000e+00 -2.219370000000000065e+00
-1.602859999999999951e+00 -0.000000000000000000e+00 -4.544000000000000122e-02 0.000000000000000000e+00 -1.430790000000000006e+00 0.000000000000000000e+00 1.031200000000000033e-01 -0.000000000000000000e+00 -2.219370000000000065e+00
-1.602859999999999951e+00 -0.000000000000000000e+00 -4.544000000000000122e-02 0.000000000000000000e+00 -1.430790000000000006e+00 0.000000000000000000e+00 1.031200000000000033e-01 -0.000000000000000000e+00 -2.219370000000000065e+00
