-8.915829524479666757e-02
-5.620956459723981669e-02
-3.194414554022034780e-02
2.250375484904826084e+00
2.336943892408164025e+00
2.592076996947452194e+00
2.658974486713016727e+00
2.860154298969068254e+00
2.969138677483202926e+00
3.029592967257946690e+00
3.031321837409024944e+00
3.622836269682431443e+00
4.348437837806421236e+00
4.399707623350773922e+00
4.826682798141965769e+00
4.897668310552449000e+00
5.270049647357796907e+00
5.457796924274494366e+00
5.518467177786912536e+00
5.917875086352808012e+00
5.984206358714216023e+00
5.994605317928014543e+00
6.181371306464525262e+00
6.202884578547193328e+00
7.102158160231395456e+00
7.462252839005776295e+00
7.639263773352923614e+00
7.772440300117612111e+00
8.025187727403421789e+00
8.207103303549919460e+00
9.024838497601926690e+00
9.030845650659344415e+00
9.105095907589266346e+00
9.165374673468962285e+00
9.439393423552743911e+00
9.526273215755137969e+00
9.535480233996656452e+00
1.070675680091246029e+01
1.100848015477210851e+01
1.140718734245606214e+01
1.176624068535843648e+01
1.204666002777228329e+01
1.220349455198131494e+01
1.301643547994388861e+01
1.375669655994713914e+01
1.376579598524712544e+01
1.406671503102662868e+01
1.410088559771908479e+01
1.469529412901200516e+01
1.728569381377310776e+01
1.742207035745898835e+01
1.803921097377886440e+01
2.146395030646878510e+01
2.217845153557563975e+01
