1.615820000000000034e+00 0.000000000000000000e+00 -0.000000000000000000e+00 0.000000000000000000e+00 1.615820000000000034e+00 0.000000000000000000e+00 -0.000000000000000000e+00 0.000000000000000000e+00 4.060740000000000016e+00
1.615820000000000034e+00 0.000000000000000000e+00 -0.000000000000000000e+00 0.000000000000000000e+00 1.615820000000000034e+00 0.000000000000000000e+00 -0.000000000000000000e+00 0.000000000000000000e+00 4.060740000000000016e+00
2.521250000000000213e+00 -0.000000000000000000e+00 -0.000000000000000000e+00 -0.000000000000000000e+00 3.015930000000000000e+00 5.969499999999999806e-01 -0.000000000000000000e+00 4.596799999999999775e-01 2.380949999999999900e+00
2.892259999999999831e+00 2.142000000000000015e-01 -5.169799999999999951e-01 2.142000000000000015e-01 2.644919999999999938e+00 -2.984800000000000231e-01 -3.980899999999999994e-01 -2.298399999999999888e-01 2.380949999999999900e+00
2.892259999999999831e+00 -2.142000000000000015e-01 5.169799999999999951e-01 -2.142000000000000015e-01 2.644919999999999938e+00 -2.984800000000000231e-01 3.980899999999999994e-01 -2.298399999999999888e-01 2.380949999999999900e+00
2.521250000000000213e+00 -0.000000000000000000e+00 -0.000000000000000000e+00 -0.000000000000000000e+00 3.015930000000000000e+00 5.969499999999999806e-01 -0.000000000000000000e+00 4.596799999999999775e-01 2.380949999999999900e+00
2.892259999999999831e+00 2.142000000000000015e-01 -5.169799999999999951e-01 2.142000000000000015e-01 2.644919999999999938e+00 -2.984800000000000231e-01 -3.980899999999999994e-01 -2.298399999999999888e-01 2.380949999999999900e+00
2.892259999999999831e+00 -2.142000000000000015e-01 5.169799999999999951e-01 -2.142000000000000015e-01 2.644919999999999938e+00 -2.984800000000000231e-01 3.980899999999999994e-01 -2.298399999999999888e-01 2.380949999999999900e+00
1.803660000000000041e+00 8.366999999999999438e-02 -0.000000000000000000e+00 -8.366999999999999438e-02 1.803660000000000041e+00 0.000000000000000000e+00 -0.000000000000000000e+00 0.000000000000000000e+00 2.142910000000000093e+00
1.803660000000000041e+00 -8.366999999999999438e-02 -0.000000000000000000e+00 8.366999999999999438e-02 1.803660000000000041e+00 0.000000000000000000e+00 -0.000000000000000000e+00 0.000000000000000000e+00 2.142910000000000093e+00
-2.408440000000000136e+00 -1.466800000000000048e-01 -7.230199999999999960e-01 -3.930000000000000160e-02 -1.499970000000000026e+00 -4.920999999999999680e-02 -6.396500000000000519e-01 -5.074000000000000038e-02 -2.224419999999999842e+00
-1.807620000000000005e+00 3.861800000000000233e-01 4.041299999999999892e-01 4.935599999999999987e-01 -2.100789999999999935e+00 -6.015500000000000291e-01 3.637699999999999823e-01 -5.285800000000000498e-01 -2.224419999999999842e+00
-1.646560000000000024e+00 -4.005699999999999816e-01 3.189000000000000168e-01 -2.931900000000000062e-01 -2.261849999999999916e+00 6.507600000000000051e-01 2.758800000000000141e-01 5.793199999999999461e-01 -2.224419999999999842e+00
-2.408440000000000136e+00 1.466800000000000048e-01 7.230199999999999960e-01 3.930000000000000160e-02 -1.499970000000000026e+00 -4.920999999999999680e-02 6.396500000000000519e-01 -5.074000000000000038e-02 -2.224419999999999842e+00
-1.646560000000000024e+00 4.005699999999999816e-01 -3.189000000000000168e-01 2.931900000000000062e-01 -2.261849999999999916e+00 6.507600000000000051e-01 -2.758800000000000141e-01 5.793199999999999461e-01 -2.224419999999999842e+00
-1.807620000000000005e+00 -3.861800000000000233e-01 -4.041299999999999892e-01 -4.935599999999999987e-01 -2.100789999999999935e+00 -6.015500000000000291e-01 -3.637699999999999823e-01 -5.285800000000000498e-01 -2.224419999999999842e+00
-2.408440000000000136e+00 -1.466800000000000048e-01 -7.230199999999999960e-01 -3.930000000000000160e-02 -1.499970000000000026e+00 -4.920999999999999680e-02 -6.396500000000000519e-01 -5.074000000000000038e-02 -2.224419999999999842e+00
-1.807620000000000005e+00 3.861800000000000233e-01 4.041299999999999892e-01 4.935599999999999987e-01 -2.100789999999999935e+00 -6.015500000000000291e-01 3.637699999999999823e-01 -5.285800000000000498e-01 -2.224419999999999842e+00
-1.646560000000000024e+00 -4.005699999999999816e-01 3.189000000000000168e-01 -2.931900000000000062e-01 -2.261849999999999916e+00 6.507600000000000051e-01 2.758800000000000141e-01 5.793199999999999461e-01 -2.224419999999999842e+00
-2.408440000000000136e+00 1.466800000000000048e-01 7.230199999999999960e-01 3.930000000000000160e-02 -1.499970000000000026e+00 -4.920999999999999680e-02 6.396500000000000519e-01 -5.074000000000000038e-02 -2.224419999999999842e+00
-1.807620000000000005e+00 -3.861800000000000233e-01 -4.041299999999999892e-01 -4.935599999999999987e-01 -2.100789999999999935e+00 -6.015500000000000291e-01 -3.637699999999999823e-01 -5.285800000000000498e-01 -2.224419999999999842e+00
-1.646560000000000024e+00 4.005699999999999816e-01 -3.189000000000000168e-01 2.931900000000000062e-01 -2.261849999999999916e+00 6.507600000000000051e-01 -2.758800000000000141e-01 5.793199999999999461e-01 -2.224419999999999842e+00
