-2.572846526148546420e-02
-1.568226148024325431e-02
-1.363144622286995705e-02
1.672727850778010339e+00
2.055984605915308627e+00
2.091629817540984870e+00
2.350316134326023487e+00
2.452264835346484873e+00
2.521272253060026447e+00
2.638166134103944405e+00
2.654721470705974529e+00
2.738972007571847556e+00
2.998781600421336346e+00
3.026978262432377331e+00
3.148908904147933896e+00
3.407377837787827435e+00
3.558015639599591662e+00
3.642088580310672619e+00
3.722850968006060413e+00
3.924047926162333333e+00
4.330354793051459872e+00
4.410768401709466602e+00
4.676508120434391458e+00
4.680895446413965821e+00
5.050610327051283654e+00
5.365798804344241724e+00
5.679077645031741284e+00
5.963327280821843601e+00
6.109434901394720896e+00
6.497693729099963456e+00
6.962392096330018099e+00
7.062071082764895813e+00
7.589442271195456335e+00
7.781254066972404182e+00
8.092834905562371617e+00
8.210311658376792110e+00
8.505828197826676984e+00
8.780888455255752234e+00
8.796701058014413377e+00
9.249719514046773838e+00
9.329936823942954760e+00
9.524694125751073770e+00
9.570234852949083049e+00
1.014628756890549610e+01
1.037064850968227958e+01
1.078960717337699293e+01
1.108245009453170660e+01
1.136521667218422493e+01
1.165642806065386061e+01
1.199215179875919191e+01
1.238220258390945183e+01
1.241950725030763358e+01
1.284143486086463781e+01
1.290984822392830544e+01
1.542767280610456382e+01
1.542800617742671143e+01
1.691600466102498501e+01
1.740194979152425248e+01
1.887178634955270340e+01
1.910179849833141574e+01
2.078168305826387297e+01
2.104791439991949531e+01
2.135079027288113096e+01
2.145515255303297053e+01
2.157199383038106788e+01
2.197071477940462714e+01
2.275409716561504680e+01
2.343963299197477568e+01
2.513504851961111797e+01
2.561216260154498769e+01
2.711261423707511042e+01
2.737550653554660940e+01
