-7.723259466256815475e-02
-3.755369536996677748e-02
-3.324789023375789021e-02
4.025351360078456509e+00
4.625327886984638148e+00
4.799508692750156236e+00
5.129294097552885567e+00
6.257820843884007722e+00
6.816362439978853160e+00
6.827441844826686257e+00
7.327606697092967636e+00
8.505101957990177652e+00
8.593560350352129618e+00
9.320870589450857224e+00
9.405939225817618876e+00
9.884735442122867255e+00
1.034836397748426684e+01
1.036111399347626971e+01
1.064018151515625910e+01
1.071736179298820169e+01
1.093545274386611510e+01
1.133037283235360704e+01
1.141530019802443618e+01
1.178069416028131577e+01
1.190982640423217020e+01
1.195697294767014540e+01
1.225354780946678090e+01
1.250959656790628216e+01
1.261191441400674229e+01
1.266917991965178381e+01
1.311814865328140023e+01
1.331816496796630211e+01
1.335638269378160814e+01
1.343859939944758075e+01
1.353033209002441950e+01
1.357212370813300950e+01
1.380353692623203976e+01
1.399860669210016795e+01
1.402893231477413316e+01
1.490729046747379449e+01
2.435709931712381504e+01
2.446459575311492074e+01
2.464626466518440751e+01
2.491266623322721685e+01
2.496084495535501446e+01
2.527358657111750517e+01
2.562517146481188135e+01
2.576295945445122371e+01
