-8.475999208952647579e-02
-4.036313781813365142e-02
-1.809159756748329392e-02
2.472530112130506996e+00
3.469267478633180080e+00
4.688330091764124852e+00
5.312234244144002915e+00
5.733152868057569407e+00
6.285389187470788563e+00
6.590549834995501399e+00
7.128525988233997523e+00
7.320131534703448573e+00
7.662459941526640783e+00
7.791896317416214579e+00
8.790540869817023761e+00
9.179649744418103552e+00
9.180301567055845879e+00
9.300866154599400915e+00
9.799786309101271797e+00
1.110650739282737298e+01
1.155403747224694122e+01
1.199528983945172911e+01
1.221075436552622229e+01
1.273279438445159251e+01
1.288855596033340944e+01
1.357403720939953651e+01
1.381734455383219640e+01
1.533391061021936252e+01
1.609791315789755117e+01
1.671300638232511204e+01
1.762891472017907191e+01
1.888011387825214626e+01
1.899900030937428141e+01
