4.228150000000000297e+00 -0.000000000000000000e+00 5.050000000000000322e-02 -0.000000000000000000e+00 4.280459999999999710e+00 -0.000000000000000000e+00 1.319299999999999917e-01 -0.000000000000000000e+00 4.096230000000000260e+00
4.228150000000000297e+00 -0.000000000000000000e+00 5.050000000000000322e-02 -0.000000000000000000e+00 4.280459999999999710e+00 -0.000000000000000000e+00 1.319299999999999917e-01 -0.000000000000000000e+00 4.096230000000000260e+00
6.096669999999999590e+00 -0.000000000000000000e+00 -5.214900000000000091e-01 -0.000000000000000000e+00 4.326780000000000292e+00 0.000000000000000000e+00 -5.768499999999999739e-01 0.000000000000000000e+00 4.590900000000000425e+00
6.096669999999999590e+00 -0.000000000000000000e+00 -5.214900000000000091e-01 -0.000000000000000000e+00 4.326780000000000292e+00 0.000000000000000000e+00 -5.768499999999999739e-01 0.000000000000000000e+00 4.590900000000000425e+00
-2.288689999999999891e+00 -2.409799999999999998e-01 2.495900000000000063e-01 -4.648100000000000009e-01 -3.100220000000000198e+00 -1.678230000000000111e+00 -1.539999999999999919e-03 -1.668730000000000047e+00 -2.220670000000000144e+00
-2.288689999999999891e+00 2.409799999999999998e-01 2.495900000000000063e-01 4.648100000000000009e-01 -3.100220000000000198e+00 1.678230000000000111e+00 -1.539999999999999919e-03 1.668730000000000047e+00 -2.220670000000000144e+00
-2.528259999999999952e+00 0.000000000000000000e+00 -8.963299999999999601e-01 0.000000000000000000e+00 -1.995560000000000000e+00 0.000000000000000000e+00 -6.045099999999999918e-01 0.000000000000000000e+00 -3.478359999999999896e+00
-6.438369999999999926e+00 0.000000000000000000e+00 1.736269999999999980e+00 0.000000000000000000e+00 -8.224500000000000144e-01 -0.000000000000000000e+00 2.105010000000000048e+00 -0.000000000000000000e+00 -1.534869999999999957e+00
-2.528259999999999952e+00 0.000000000000000000e+00 -8.963299999999999601e-01 0.000000000000000000e+00 -1.995560000000000000e+00 0.000000000000000000e+00 -6.045099999999999918e-01 0.000000000000000000e+00 -3.478359999999999896e+00
-2.288689999999999891e+00 2.409799999999999998e-01 2.495900000000000063e-01 4.648100000000000009e-01 -3.100220000000000198e+00 1.678230000000000111e+00 -1.539999999999999919e-03 1.668730000000000047e+00 -2.220670000000000144e+00
-2.288689999999999891e+00 -2.409799999999999998e-01 2.495900000000000063e-01 -4.648100000000000009e-01 -3.100220000000000198e+00 -1.678230000000000111e+00 -1.539999999999999919e-03 -1.668730000000000047e+00 -2.220670000000000144e+00
