-1.127458088016842011e-02
-1.127419534342901687e-02
-9.585569550737421327e-03
1.058023900586553934e+00
1.058023900758371383e+00
2.987736709410537816e+00
2.987736709807771618e+00
3.016829325382845539e+00
3.065050060039661517e+00
3.110006709545062975e+00
3.110006710821194176e+00
3.606173545556527138e+00
3.606173546835275801e+00
3.707912493157738076e+00
4.185963460876806153e+00
4.637347881008909489e+00
5.013629850713791747e+00
5.035109132391535347e+00
5.035109132556509159e+00
5.296306869858147692e+00
5.296306870859996963e+00
9.067804508797678409e+00
9.067804509001762270e+00
9.816389509243141021e+00
9.816389509698925764e+00
1.054413163573596535e+01
1.054413163609147119e+01
1.080316314488082163e+01
1.110142426672908122e+01
1.110142426701735374e+01
1.334473939536196951e+01
2.296345781107795148e+01
2.296345781137953068e+01
2.302449327353458486e+01
2.302449327387078526e+01
2.343841656378683069e+01
2.387207065932938832e+01
2.421844996674160200e+01
2.463093856463950715e+01
