2.556900000000000173e+00 -0.000000000000000000e+00 2.844599999999999906e-01 -0.000000000000000000e+00 2.692889999999999784e+00 -0.000000000000000000e+00 3.893599999999999839e-01 -0.000000000000000000e+00 2.198700000000000099e+00
2.556900000000000173e+00 -0.000000000000000000e+00 2.844599999999999906e-01 -0.000000000000000000e+00 2.692889999999999784e+00 -0.000000000000000000e+00 3.893599999999999839e-01 -0.000000000000000000e+00 2.198700000000000099e+00
6.597529999999999895e+00 3.545699999999999963e-01 -8.838899999999999535e-01 -1.636400000000000077e-01 5.704670000000000130e+00 3.429999999999999889e-03 -3.859500000000000153e-01 -8.782900000000000151e-01 7.717880000000000074e+00
6.597529999999999895e+00 -3.545699999999999963e-01 -8.838899999999999535e-01 1.636400000000000077e-01 5.704670000000000130e+00 -3.429999999999999889e-03 -3.859500000000000153e-01 8.782900000000000151e-01 7.717880000000000074e+00
2.790900000000000158e+00 -0.000000000000000000e+00 6.313400000000000123e-01 -0.000000000000000000e+00 3.362659999999999982e+00 -0.000000000000000000e+00 -1.673199999999999965e-01 -0.000000000000000000e+00 2.802840000000000220e+00
2.790900000000000158e+00 -0.000000000000000000e+00 6.313400000000000123e-01 -0.000000000000000000e+00 3.362659999999999982e+00 -0.000000000000000000e+00 -1.673199999999999965e-01 -0.000000000000000000e+00 2.802840000000000220e+00
-1.873399999999999954e+00 0.000000000000000000e+00 1.743810000000000082e+00 0.000000000000000000e+00 -1.895429999999999948e+00 0.000000000000000000e+00 1.784019999999999939e+00 0.000000000000000000e+00 -4.935489999999999711e+00
-1.873399999999999954e+00 0.000000000000000000e+00 1.743810000000000082e+00 0.000000000000000000e+00 -1.895429999999999948e+00 0.000000000000000000e+00 1.784019999999999939e+00 0.000000000000000000e+00 -4.935489999999999711e+00
-1.790189999999999948e+00 6.919999999999999936e-03 -8.210000000000000284e-03 1.571700000000000041e-01 -2.971909999999999830e+00 7.028400000000000203e-01 -1.847000000000000031e-02 7.630700000000000260e-01 -1.989829999999999988e+00
-1.790189999999999948e+00 -6.919999999999999936e-03 -8.210000000000000284e-03 -1.571700000000000041e-01 -2.971909999999999830e+00 -7.028400000000000203e-01 -1.847000000000000031e-02 -7.630700000000000260e-01 -1.989829999999999988e+00
-1.790189999999999948e+00 6.919999999999999936e-03 -8.210000000000000284e-03 1.571700000000000041e-01 -2.971909999999999830e+00 7.028400000000000203e-01 -1.847000000000000031e-02 7.630700000000000260e-01 -1.989829999999999988e+00
-1.790189999999999948e+00 -6.919999999999999936e-03 -8.210000000000000284e-03 -1.571700000000000041e-01 -2.971909999999999830e+00 -7.028400000000000203e-01 -1.847000000000000031e-02 -7.630700000000000260e-01 -1.989829999999999988e+00
-3.245779999999999887e+00 -5.219399999999999595e-01 -8.796500000000000430e-01 -6.923099999999999810e-01 -1.960490000000000066e+00 -2.467699999999999894e-01 -7.915799999999999503e-01 -2.758800000000000141e-01 -1.902139999999999942e+00
-3.245779999999999887e+00 5.219399999999999595e-01 -8.796500000000000430e-01 6.923099999999999810e-01 -1.960490000000000066e+00 2.467699999999999894e-01 -7.915799999999999503e-01 2.758800000000000141e-01 -1.902139999999999942e+00
-3.245779999999999887e+00 -5.219399999999999595e-01 -8.796500000000000430e-01 -6.923099999999999810e-01 -1.960490000000000066e+00 -2.467699999999999894e-01 -7.915799999999999503e-01 -2.758800000000000141e-01 -1.902139999999999942e+00
-3.245779999999999887e+00 5.219399999999999595e-01 -8.796500000000000430e-01 6.923099999999999810e-01 -1.960490000000000066e+00 2.467699999999999894e-01 -7.915799999999999503e-01 2.758800000000000141e-01 -1.902139999999999942e+00
