-4.222109041069015828e-02
-2.911342975357090329e-02
-2.689661468328062230e-02
2.399491937410384246e+00
2.864105617397745718e+00
3.076623003106875753e+00
3.166127617524617133e+00
3.753411626044855787e+00
3.958839514784016966e+00
4.078644454965630217e+00
4.217219268821398970e+00
4.233834758010989852e+00
4.873004320026249836e+00
4.927543968192038548e+00
5.010251313478513602e+00
5.335718015645811718e+00
5.354909624945738855e+00
5.475826078773658345e+00
5.687556961379613973e+00
5.806288399693110946e+00
5.832051927764909216e+00
5.888906454220542486e+00
6.525203229297580343e+00
6.552443644272116785e+00
6.625062058886489247e+00
6.768725846211070873e+00
6.838653374158240261e+00
6.973421362395996859e+00
7.180316810219141921e+00
7.226506655442670457e+00
7.233797713035428067e+00
7.412887774195531243e+00
7.422933183757932873e+00
7.478089804433061261e+00
7.590425585390881302e+00
7.633122515005988262e+00
8.115346423766329309e+00
8.242121690492353991e+00
8.363655679810383603e+00
8.479916630063561556e+00
8.504659228777610380e+00
8.898874413772860592e+00
9.387940885438000649e+00
9.591759757819858123e+00
9.669877695678900764e+00
9.700471115630758590e+00
9.724071890228257686e+00
9.798412170881000804e+00
9.978877402290695642e+00
1.013959045896076105e+01
1.021798438041195212e+01
1.066210752847186960e+01
1.085911320585025663e+01
1.094332758153385932e+01
1.159924912737638181e+01
1.173535144230743299e+01
1.174176473335332993e+01
1.187348074283106136e+01
1.269425187417749790e+01
1.283728056796865502e+01
1.293458237348379214e+01
1.299684556451167339e+01
1.309403674957667008e+01
1.334810070388765091e+01
1.349406405047044899e+01
1.358430467227960747e+01
1.362015553386245870e+01
1.364865149136229405e+01
1.416225576576644407e+01
1.514173925859365255e+01
1.565947488931056064e+01
1.577523977880640338e+01
