2.741140000000000132e+00 2.247599999999999876e-01 -4.635999999999999843e-02 2.247599999999999876e-01 2.741140000000000132e+00 -4.635999999999999843e-02 -6.146999999999999686e-02 -6.146999999999999686e-02 2.759300000000000086e+00
2.741140000000000132e+00 -2.247599999999999876e-01 -4.635999999999999843e-02 -2.247599999999999876e-01 2.741140000000000132e+00 4.635999999999999843e-02 -6.146999999999999686e-02 6.146999999999999686e-02 2.759300000000000086e+00
2.741140000000000132e+00 2.247599999999999876e-01 4.635999999999999843e-02 2.247599999999999876e-01 2.741140000000000132e+00 4.635999999999999843e-02 6.146999999999999686e-02 6.146999999999999686e-02 2.759300000000000086e+00
2.741140000000000132e+00 -2.247599999999999876e-01 4.635999999999999843e-02 -2.247599999999999876e-01 2.741140000000000132e+00 -4.635999999999999843e-02 6.146999999999999686e-02 -6.146999999999999686e-02 2.759300000000000086e+00
4.688100000000000378e+00 -2.733000000000000013e-02 0.000000000000000000e+00 2.733000000000000013e-02 4.688100000000000378e+00 0.000000000000000000e+00 0.000000000000000000e+00 0.000000000000000000e+00 2.573010000000000019e+00
4.688100000000000378e+00 2.733000000000000013e-02 0.000000000000000000e+00 -2.733000000000000013e-02 4.688100000000000378e+00 0.000000000000000000e+00 0.000000000000000000e+00 -0.000000000000000000e+00 2.573010000000000019e+00
3.412640000000000118e+00 -1.589899999999999924e-01 -7.306999999999999607e-02 -1.589899999999999924e-01 3.412640000000000118e+00 -7.306999999999999607e-02 -4.166999999999999871e-02 -4.166999999999999871e-02 2.914590000000000014e+00
3.412640000000000118e+00 1.589899999999999924e-01 -7.306999999999999607e-02 1.589899999999999924e-01 3.412640000000000118e+00 7.306999999999999607e-02 -4.166999999999999871e-02 4.166999999999999871e-02 2.914590000000000014e+00
3.412640000000000118e+00 -1.589899999999999924e-01 7.306999999999999607e-02 -1.589899999999999924e-01 3.412640000000000118e+00 7.306999999999999607e-02 4.166999999999999871e-02 4.166999999999999871e-02 2.914590000000000014e+00
3.412640000000000118e+00 1.589899999999999924e-01 7.306999999999999607e-02 1.589899999999999924e-01 3.412640000000000118e+00 -7.306999999999999607e-02 4.166999999999999871e-02 -4.166999999999999871e-02 2.914590000000000014e+00
-9.856800000000000006e-01 6.610000000000000424e-03 0.000000000000000000e+00 -6.610000000000000424e-03 -9.856800000000000006e-01 0.000000000000000000e+00 0.000000000000000000e+00 0.000000000000000000e+00 -2.395880000000000010e+00
-9.856800000000000006e-01 -6.610000000000000424e-03 0.000000000000000000e+00 6.610000000000000424e-03 -9.856800000000000006e-01 0.000000000000000000e+00 0.000000000000000000e+00 -0.000000000000000000e+00 -2.395880000000000010e+00
-1.633939999999999948e+00 1.011299999999999977e-01 -1.026000000000000002e-02 1.011299999999999977e-01 -1.633939999999999948e+00 1.026000000000000002e-02 -1.737999999999999962e-02 1.737999999999999962e-02 -2.107390000000000096e+00
-1.633939999999999948e+00 1.011299999999999977e-01 1.026000000000000002e-02 1.011299999999999977e-01 -1.633939999999999948e+00 -1.026000000000000002e-02 1.737999999999999962e-02 -1.737999999999999962e-02 -2.107390000000000096e+00
-1.853909999999999947e+00 -7.117099999999999538e-01 1.700599999999999890e-01 -7.323800000000000310e-01 -3.327479999999999993e+00 7.928999999999999937e-02 1.400500000000000078e-01 7.573000000000000564e-02 -1.412050000000000027e+00
-3.327479999999999993e+00 -7.323800000000000310e-01 7.928999999999999937e-02 -7.117099999999999538e-01 -1.853909999999999947e+00 1.700599999999999890e-01 7.573000000000000564e-02 1.400500000000000078e-01 -1.412050000000000027e+00
-3.327479999999999993e+00 -7.323800000000000310e-01 -7.928999999999999937e-02 -7.117099999999999538e-01 -1.853909999999999947e+00 -1.700599999999999890e-01 -7.573000000000000564e-02 -1.400500000000000078e-01 -1.412050000000000027e+00
-2.379309999999999814e+00 -8.210699999999999665e-01 -0.000000000000000000e+00 -8.210699999999999665e-01 -2.379309999999999814e+00 0.000000000000000000e+00 0.000000000000000000e+00 -0.000000000000000000e+00 -1.661929999999999907e+00
-3.327479999999999993e+00 7.323800000000000310e-01 -7.928999999999999937e-02 7.117099999999999538e-01 -1.853909999999999947e+00 1.700599999999999890e-01 -7.573000000000000564e-02 1.400500000000000078e-01 -1.412050000000000027e+00
-3.327479999999999993e+00 7.323800000000000310e-01 7.928999999999999937e-02 7.117099999999999538e-01 -1.853909999999999947e+00 -1.700599999999999890e-01 7.573000000000000564e-02 -1.400500000000000078e-01 -1.412050000000000027e+00
-1.853909999999999947e+00 7.117099999999999538e-01 1.700599999999999890e-01 7.323800000000000310e-01 -3.327479999999999993e+00 -7.928999999999999937e-02 1.400500000000000078e-01 -7.573000000000000564e-02 -1.412050000000000027e+00
-1.853909999999999947e+00 7.117099999999999538e-01 -1.700599999999999890e-01 7.323800000000000310e-01 -3.327479999999999993e+00 7.928999999999999937e-02 -1.400500000000000078e-01 7.573000000000000564e-02 -1.412050000000000027e+00
-1.853909999999999947e+00 -7.117099999999999538e-01 -1.700599999999999890e-01 -7.323800000000000310e-01 -3.327479999999999993e+00 -7.928999999999999937e-02 -1.400500000000000078e-01 -7.573000000000000564e-02 -1.412050000000000027e+00
-2.379309999999999814e+00 8.210699999999999665e-01 -0.000000000000000000e+00 8.210699999999999665e-01 -2.379309999999999814e+00 0.000000000000000000e+00 0.000000000000000000e+00 0.000000000000000000e+00 -1.661929999999999907e+00
-1.633939999999999948e+00 -1.011299999999999977e-01 1.026000000000000002e-02 -1.011299999999999977e-01 -1.633939999999999948e+00 1.026000000000000002e-02 1.737999999999999962e-02 1.737999999999999962e-02 -2.107390000000000096e+00
-1.633939999999999948e+00 -1.011299999999999977e-01 -1.026000000000000002e-02 -1.011299999999999977e-01 -1.633939999999999948e+00 -1.026000000000000002e-02 -1.737999999999999962e-02 -1.737999999999999962e-02 -2.107390000000000096e+00
