-2.944964571536910422e-02
-2.158798576680337825e-02
-2.151840758774503648e-02
2.985008968568734211e+00
3.041011767824846057e+00
3.077798474425780029e+00
3.134287539826633218e+00
3.192532553650034188e+00
3.724144262368052960e+00
3.724807011545268942e+00
3.729988108881876041e+00
3.815308634419452893e+00
4.432769675343037008e+00
5.430533429788349409e+00
5.974508809946509125e+00
6.591388155869035259e+00
6.763526248289580600e+00
7.541715929907079285e+00
7.977265428681922010e+00
8.283766739172545357e+00
8.353594788514906000e+00
8.386362906339584811e+00
8.402988267952963497e+00
8.611390758324720451e+00
8.907681626335323344e+00
9.012963044487861453e+00
9.147519506271557077e+00
9.471558868434913236e+00
9.564644515563923477e+00
9.634875877729037086e+00
9.777873338785905588e+00
9.783841290419598380e+00
1.007138036837059047e+01
1.311301231340531359e+01
1.326920804758268169e+01
1.439123489736498485e+01
1.583581184348337167e+01
1.631623930227120667e+01
1.651447263721801662e+01
1.698171840476060623e+01
1.701938708553360868e+01
1.863578627816855615e+01
