-3.208738313010127408e-02
-1.582878227725855597e-02
-1.115343899489848294e-02
1.837110647252528040e+00
2.116071817765817986e+00
2.178237154682472365e+00
2.523801203958399242e+00
2.647741391825637169e+00
2.773656892547390562e+00
2.940582767861251945e+00
2.959933165627598672e+00
3.109393660012242933e+00
3.172334659673938351e+00
3.301500288045196463e+00
3.369317152431142048e+00
3.608426791452747029e+00
3.666139973020940523e+00
3.803007081164688330e+00
3.803456562729862878e+00
3.826888383205901523e+00
3.944885521914870186e+00
3.993421092680982998e+00
4.003290772756435523e+00
4.164828951530683554e+00
4.282879484786836777e+00
4.394323863255322316e+00
4.630257940216298884e+00
4.720272749565473269e+00
4.788207319823714947e+00
5.000050086836654195e+00
5.169169954396672040e+00
5.349023730645164676e+00
5.470260286322053744e+00
5.473476246739455320e+00
5.571775156440873289e+00
5.617504699776572963e+00
5.799902807389544890e+00
5.837626297667264375e+00
6.049187536042230917e+00
6.101844786173779234e+00
6.174523324481728359e+00
6.174673210447348737e+00
6.252758856732314463e+00
6.517365427025898050e+00
6.837945162178538538e+00
6.903361705286916283e+00
7.034567314967368645e+00
7.208602806227135673e+00
8.254488243541450387e+00
8.303795521439933935e+00
8.754744269961369341e+00
8.997148957557993043e+00
9.236505851666686695e+00
9.462800261054830742e+00
9.739314399057660054e+00
9.820389184575521568e+00
9.823456341084666477e+00
9.858853460524894530e+00
1.042098408463360570e+01
1.045856738017365295e+01
1.049718861583364315e+01
1.115391827099313282e+01
1.124321011867938580e+01
1.131774059853910863e+01
1.133208283766394509e+01
1.137351483036536237e+01
1.171670921280183641e+01
1.196991730638358398e+01
1.965831103459002804e+01
2.002245417627033675e+01
2.009696932866637908e+01
2.057250817126563547e+01
2.087264368669602632e+01
2.093112246681079824e+01
2.114770237372634654e+01
2.128070130140535099e+01
2.166373988174320075e+01
2.184232731068646061e+01
2.217275727922217143e+01
2.229865352253148103e+01
2.295681726724883731e+01
2.305693782707081141e+01
2.335166283760094430e+01
2.355440420389406597e+01
