-4.066869760158518116e-02
-3.730239807307804412e-02
-3.709550141164622700e-02
1.117864863267387321e+00
1.204384412388059156e+00
1.306810318991962649e+00
1.435289756927016880e+00
1.607757928045705276e+00
1.881578330251199249e+00
1.952179809306521685e+00
2.001595358648668554e+00
2.037369796426770296e+00
2.125508714035743374e+00
2.171575414569479889e+00
2.190218196090453873e+00
2.309624227637745886e+00
2.346129189372296420e+00
2.356881961381815938e+00
2.412550311382472223e+00
2.457777280007716225e+00
2.481221985651092865e+00
2.567632380254046165e+00
2.719458949590042973e+00
2.769908142421418251e+00
2.796028584878632817e+00
2.970324280459387456e+00
2.993356983900020474e+00
2.996122045671356648e+00
3.001305910754470396e+00
3.123368440086276454e+00
3.128708233894837765e+00
3.203347015676991649e+00
3.314225461516781213e+00
3.465508096943626715e+00
3.629491870422588029e+00
3.724849574706524447e+00
3.757984331975117165e+00
3.848081518901970366e+00
4.237038082549804408e+00
4.560348999834093142e+00
4.866078824292897842e+00
4.871918745553657892e+00
6.064339539140580548e+00
6.165558071141341578e+00
6.228612397292215164e+00
6.283674692732934552e+00
6.401841186452220889e+00
6.404182935443182956e+00
6.462944085349889178e+00
6.711525491556167289e+00
7.556550063214407587e+00
7.857421356266913293e+00
9.998402860971866701e+00
9.998848470767640606e+00
1.120954515335735380e+01
1.137668578078880088e+01
1.152447529585663943e+01
1.153485607260471646e+01
1.283182567040857158e+01
1.359037280806917103e+01
1.366248969915640465e+01
1.406141530743136592e+01
1.418181879086447239e+01
1.424090283953841052e+01
1.480553638957229801e+01
1.489722260887859662e+01
1.490547521925812013e+01
1.515330951067673126e+01
1.700082513424436925e+01
1.703040029259393506e+01
1.750136510526860789e+01
1.766359906230272614e+01
