1.190439999999999943e+00 0.000000000000000000e+00 1.645999999999999894e-02 0.000000000000000000e+00 1.418989999999999974e+00 0.000000000000000000e+00 5.097999999999999754e-02 0.000000000000000000e+00 1.531449999999999978e+00
1.190439999999999943e+00 0.000000000000000000e+00 1.645999999999999894e-02 0.000000000000000000e+00 1.418989999999999974e+00 0.000000000000000000e+00 5.097999999999999754e-02 0.000000000000000000e+00 1.531449999999999978e+00
1.372749999999999915e+00 -0.000000000000000000e+00 6.648999999999999355e-02 0.000000000000000000e+00 1.338600000000000012e+00 0.000000000000000000e+00 5.951000000000000040e-02 -0.000000000000000000e+00 1.207140000000000102e+00
1.372749999999999915e+00 -0.000000000000000000e+00 6.648999999999999355e-02 0.000000000000000000e+00 1.338600000000000012e+00 0.000000000000000000e+00 5.951000000000000040e-02 -0.000000000000000000e+00 1.207140000000000102e+00
1.203209999999999891e+00 -0.000000000000000000e+00 5.879999999999999810e-02 0.000000000000000000e+00 1.060210000000000097e+00 0.000000000000000000e+00 1.992999999999999980e-02 0.000000000000000000e+00 1.166199999999999903e+00
1.203209999999999891e+00 -0.000000000000000000e+00 5.879999999999999810e-02 0.000000000000000000e+00 1.060210000000000097e+00 0.000000000000000000e+00 1.992999999999999980e-02 0.000000000000000000e+00 1.166199999999999903e+00
2.762690000000000090e+00 0.000000000000000000e+00 -6.596000000000000474e-02 0.000000000000000000e+00 2.910829999999999806e+00 0.000000000000000000e+00 -1.132299999999999973e-01 0.000000000000000000e+00 2.936529999999999863e+00
2.762690000000000090e+00 0.000000000000000000e+00 -6.596000000000000474e-02 0.000000000000000000e+00 2.910829999999999806e+00 0.000000000000000000e+00 -1.132299999999999973e-01 0.000000000000000000e+00 2.936529999999999863e+00
-1.494019999999999904e+00 -3.506500000000000172e-01 -1.468000000000000138e-01 -4.434100000000000263e-01 -1.954479999999999995e+00 -2.371999999999999942e-01 -1.337399999999999978e-01 -1.934800000000000131e-01 -1.520210000000000061e+00
-1.494019999999999904e+00 3.506500000000000172e-01 -1.468000000000000138e-01 4.434100000000000263e-01 -1.954479999999999995e+00 2.371999999999999942e-01 -1.337399999999999978e-01 1.934800000000000131e-01 -1.520210000000000061e+00
-1.494019999999999904e+00 -3.506500000000000172e-01 -1.468000000000000138e-01 -4.434100000000000263e-01 -1.954479999999999995e+00 -2.371999999999999942e-01 -1.337399999999999978e-01 -1.934800000000000131e-01 -1.520210000000000061e+00
-1.494019999999999904e+00 3.506500000000000172e-01 -1.468000000000000138e-01 4.434100000000000263e-01 -1.954479999999999995e+00 2.371999999999999942e-01 -1.337399999999999978e-01 1.934800000000000131e-01 -1.520210000000000061e+00
-2.086129999999999818e+00 -0.000000000000000000e+00 2.207800000000000040e-01 0.000000000000000000e+00 -1.421920000000000073e+00 0.000000000000000000e+00 2.268999999999999906e-01 0.000000000000000000e+00 -1.561260000000000092e+00
-1.454909999999999926e+00 0.000000000000000000e+00 -2.959999999999999958e-03 0.000000000000000000e+00 -1.397750000000000048e+00 0.000000000000000000e+00 2.341000000000000025e-02 0.000000000000000000e+00 -2.239640000000000075e+00
-2.086129999999999818e+00 -0.000000000000000000e+00 2.207800000000000040e-01 0.000000000000000000e+00 -1.421920000000000073e+00 0.000000000000000000e+00 2.268999999999999906e-01 0.000000000000000000e+00 -1.561260000000000092e+00
-1.454909999999999926e+00 0.000000000000000000e+00 -2.959999999999999958e-03 0.000000000000000000e+00 -1.397750000000000048e+00 0.000000000000000000e+00 2.341000000000000025e-02 0.000000000000000000e+00 -2.239640000000000075e+00
