-2.035874905740910068e-01
-4.176841815033291438e-02
-4.176837491760614779e-02
1.357965092941675556e+00
2.583061481629493006e+00
3.320162582485135516e+00
3.634053147922889693e+00
3.634053148288644230e+00
3.857460978864875045e+00
3.857460979666847312e+00
4.137643780070614952e+00
4.137643780364921753e+00
4.374174453893751036e+00
4.484592042754989905e+00
4.484592043289780783e+00
4.558667269985040349e+00
4.558667270004300498e+00
4.873026514927428998e+00
5.059943473119911772e+00
5.193402333251641245e+00
5.468315643510397450e+00
5.468315644350377980e+00
5.597703248718725710e+00
5.597703249210900012e+00
5.911608705098681860e+00
6.040633078354542995e+00
6.061817842724969374e+00
6.332472251742727209e+00
6.572036446763386941e+00
6.572036446786841069e+00
6.859467189716570878e+00
6.859467189811192078e+00
6.930703044574337390e+00
6.930703045365138593e+00
7.433340554273001999e+00
7.433340554525071475e+00
1.055344364750950525e+01
1.055344364775647570e+01
1.127468527429467393e+01
1.127468527466137438e+01
1.367407961652240900e+01
1.367407961703350772e+01
1.384713627535787772e+01
1.384713627580945250e+01
1.760718477451203867e+01
1.764146235274218100e+01
1.830531970858842072e+01
1.835958288654320114e+01
1.953844252637808765e+01
1.953844252639817469e+01
1.996120532937809600e+01
2.035779037198848584e+01
2.035779037199472086e+01
2.162896020725963808e+01
2.224008267458037835e+01
2.225262370782162691e+01
2.808351604568153803e+01
2.808351604593855910e+01
2.839722631541430076e+01
2.839722631545217979e+01
3.270276546949832408e+01
3.270370142620619447e+01
3.572702858445830287e+01
3.572702858452312569e+01
3.673886552806672512e+01
3.673886552832969699e+01
4.276644576897719219e+01
4.276644576903513695e+01
4.337620335695116580e+01
4.337620335702815311e+01
4.642457628533489356e+01
4.651121259468083480e+01
