-9.474946479171791891e-02
-4.501962798261120030e-02
-3.584678106459801561e-02
1.496377640484417126e+00
1.530320494841394430e+00
1.935851554831684140e+00
2.012889074684130808e+00
2.385239179854850011e+00
2.447763159504800168e+00
2.464665903325477192e+00
2.584772556706326885e+00
2.663848589458317040e+00
3.211246057669281839e+00
3.508762882254999216e+00
4.005187058934141398e+00
4.217914509119845334e+00
4.757433804079367334e+00
5.719087392806114778e+00
8.550163540862772749e+00
8.908602305965617418e+00
9.085834241360821295e+00
9.248069267958243245e+00
9.415837171611380896e+00
9.479558406890726374e+00
9.539232763151968442e+00
9.631842249384728660e+00
9.669200579573367094e+00
9.764361792195595413e+00
1.299077383783290074e+01
1.304248795747945167e+01
1.330150904605181950e+01
1.362756376489150867e+01
1.416674243825445068e+01
1.466318813981690283e+01
2.477503545432993803e+01
2.483299658100095186e+01
2.490266958315097767e+01
2.512371888257763786e+01
2.525596078920982990e+01
2.700221522464211432e+01
2.736707405489554290e+01
2.745746435240241468e+01
