2.518969999999999931e+00 3.969199999999999950e-01 -1.263499999999999901e-01 3.969199999999999950e-01 2.518969999999999931e+00 -1.263499999999999901e-01 2.292999999999999899e-02 2.292999999999999899e-02 2.882359999999999811e+00
2.518969999999999931e+00 -3.969199999999999950e-01 -1.263499999999999901e-01 -3.969199999999999950e-01 2.518969999999999931e+00 1.263499999999999901e-01 2.292999999999999899e-02 -2.292999999999999899e-02 2.882359999999999811e+00
2.518969999999999931e+00 3.969199999999999950e-01 1.263499999999999901e-01 3.969199999999999950e-01 2.518969999999999931e+00 1.263499999999999901e-01 -2.292999999999999899e-02 -2.292999999999999899e-02 2.882359999999999811e+00
2.518969999999999931e+00 -3.969199999999999950e-01 1.263499999999999901e-01 -3.969199999999999950e-01 2.518969999999999931e+00 -1.263499999999999901e-01 -2.292999999999999899e-02 2.292999999999999899e-02 2.882359999999999811e+00
2.377819999999999823e+00 -3.509999999999999926e-02 0.000000000000000000e+00 3.509999999999999926e-02 2.377819999999999823e+00 0.000000000000000000e+00 -0.000000000000000000e+00 0.000000000000000000e+00 1.406889999999999974e+00
2.377819999999999823e+00 3.509999999999999926e-02 0.000000000000000000e+00 -3.509999999999999926e-02 2.377819999999999823e+00 0.000000000000000000e+00 -0.000000000000000000e+00 0.000000000000000000e+00 1.406889999999999974e+00
2.999400000000000066e+00 8.390999999999999848e-02 4.068000000000000088e-02 8.390999999999999848e-02 2.999400000000000066e+00 4.068000000000000088e-02 -2.537000000000000019e-02 -2.537000000000000019e-02 3.075429999999999886e+00
2.999400000000000066e+00 -8.390999999999999848e-02 4.068000000000000088e-02 -8.390999999999999848e-02 2.999400000000000066e+00 -4.068000000000000088e-02 -2.537000000000000019e-02 2.537000000000000019e-02 3.075429999999999886e+00
2.999400000000000066e+00 8.390999999999999848e-02 -4.068000000000000088e-02 8.390999999999999848e-02 2.999400000000000066e+00 -4.068000000000000088e-02 2.537000000000000019e-02 2.537000000000000019e-02 3.075429999999999886e+00
2.999400000000000066e+00 -8.390999999999999848e-02 -4.068000000000000088e-02 -8.390999999999999848e-02 2.999400000000000066e+00 4.068000000000000088e-02 2.537000000000000019e-02 -2.537000000000000019e-02 3.075429999999999886e+00
-2.242599999999999927e+00 8.556899999999999507e-01 0.000000000000000000e+00 8.556899999999999507e-01 -2.242599999999999927e+00 0.000000000000000000e+00 0.000000000000000000e+00 0.000000000000000000e+00 -1.766999999999999904e+00
-2.242599999999999927e+00 -8.556899999999999507e-01 0.000000000000000000e+00 -8.556899999999999507e-01 -2.242599999999999927e+00 0.000000000000000000e+00 0.000000000000000000e+00 0.000000000000000000e+00 -1.766999999999999904e+00
-1.614759999999999973e+00 -1.430599999999999927e-01 -4.329999999999999821e-02 -1.430599999999999927e-01 -1.614759999999999973e+00 -4.329999999999999821e-02 6.289999999999999584e-03 6.289999999999999584e-03 -2.427389999999999937e+00
-1.614759999999999973e+00 1.430599999999999927e-01 -4.329999999999999821e-02 1.430599999999999927e-01 -1.614759999999999973e+00 4.329999999999999821e-02 6.289999999999999584e-03 -6.289999999999999584e-03 -2.427389999999999937e+00
-1.614759999999999973e+00 -1.430599999999999927e-01 4.329999999999999821e-02 -1.430599999999999927e-01 -1.614759999999999973e+00 4.329999999999999821e-02 -6.289999999999999584e-03 -6.289999999999999584e-03 -2.427389999999999937e+00
-1.614759999999999973e+00 1.430599999999999927e-01 4.329999999999999821e-02 1.430599999999999927e-01 -1.614759999999999973e+00 -4.329999999999999821e-02 -6.289999999999999584e-03 6.289999999999999584e-03 -2.427389999999999937e+00
-2.254269999999999996e+00 2.949899999999999745e-01 1.079900000000000027e-01 2.071199999999999986e-01 -1.716939999999999911e+00 1.192799999999999971e-01 -1.600000000000000131e-04 1.107500000000000012e-01 -1.675179999999999891e+00
-2.254269999999999996e+00 -2.949899999999999745e-01 1.079900000000000027e-01 -2.071199999999999986e-01 -1.716939999999999911e+00 -1.192799999999999971e-01 -1.600000000000000131e-04 -1.107500000000000012e-01 -1.675179999999999891e+00
-2.254269999999999996e+00 2.949899999999999745e-01 -1.079900000000000027e-01 2.071199999999999986e-01 -1.716939999999999911e+00 -1.192799999999999971e-01 1.600000000000000131e-04 -1.107500000000000012e-01 -1.675179999999999891e+00
-2.254269999999999996e+00 -2.949899999999999745e-01 -1.079900000000000027e-01 -2.071199999999999986e-01 -1.716939999999999911e+00 1.192799999999999971e-01 1.600000000000000131e-04 1.107500000000000012e-01 -1.675179999999999891e+00
-1.716939999999999911e+00 -2.071199999999999986e-01 -1.192799999999999971e-01 -2.949899999999999745e-01 -2.254269999999999996e+00 1.079900000000000027e-01 -1.107500000000000012e-01 -1.600000000000000131e-04 -1.675179999999999891e+00
-1.716939999999999911e+00 2.071199999999999986e-01 -1.192799999999999971e-01 2.949899999999999745e-01 -2.254269999999999996e+00 -1.079900000000000027e-01 -1.107500000000000012e-01 1.600000000000000131e-04 -1.675179999999999891e+00
-1.716939999999999911e+00 -2.071199999999999986e-01 1.192799999999999971e-01 -2.949899999999999745e-01 -2.254269999999999996e+00 -1.079900000000000027e-01 1.107500000000000012e-01 1.600000000000000131e-04 -1.675179999999999891e+00
-1.716939999999999911e+00 2.071199999999999986e-01 1.192799999999999971e-01 2.949899999999999745e-01 -2.254269999999999996e+00 1.079900000000000027e-01 1.107500000000000012e-01 -1.600000000000000131e-04 -1.675179999999999891e+00
