1.003689999999999971e+00 -5.566000000000000114e-02 -1.666000000000000120e-02 -5.566000000000000114e-02 1.003689999999999971e+00 -1.666000000000000120e-02 1.093000000000000048e-02 1.093000000000000048e-02 1.027060000000000084e+00
1.003689999999999971e+00 5.566000000000000114e-02 1.666000000000000120e-02 5.566000000000000114e-02 1.003689999999999971e+00 -1.666000000000000120e-02 -1.093000000000000048e-02 1.093000000000000048e-02 1.027060000000000084e+00
1.003689999999999971e+00 -5.566000000000000114e-02 1.666000000000000120e-02 -5.566000000000000114e-02 1.003689999999999971e+00 1.666000000000000120e-02 -1.093000000000000048e-02 -1.093000000000000048e-02 1.027060000000000084e+00
1.003689999999999971e+00 5.566000000000000114e-02 -1.666000000000000120e-02 5.566000000000000114e-02 1.003689999999999971e+00 1.666000000000000120e-02 1.093000000000000048e-02 -1.093000000000000048e-02 1.027060000000000084e+00
2.511350000000000193e+00 8.365999999999999825e-02 6.701000000000000012e-02 8.365999999999999825e-02 2.511350000000000193e+00 -6.701000000000000012e-02 -1.152299999999999991e-01 1.152299999999999991e-01 2.382270000000000110e+00
2.511350000000000193e+00 -8.365999999999999825e-02 6.701000000000000012e-02 -8.365999999999999825e-02 2.511350000000000193e+00 6.701000000000000012e-02 -1.152299999999999991e-01 -1.152299999999999991e-01 2.382270000000000110e+00
2.511350000000000193e+00 -8.365999999999999825e-02 -6.701000000000000012e-02 -8.365999999999999825e-02 2.511350000000000193e+00 -6.701000000000000012e-02 1.152299999999999991e-01 1.152299999999999991e-01 2.382270000000000110e+00
2.511350000000000193e+00 8.365999999999999825e-02 -6.701000000000000012e-02 8.365999999999999825e-02 2.511350000000000193e+00 6.701000000000000012e-02 1.152299999999999991e-01 -1.152299999999999991e-01 2.382270000000000110e+00
-1.488539999999999974e+00 -1.735299999999999898e-01 -7.811999999999999500e-02 -1.545700000000000129e-01 -2.026499999999999968e+00 -2.317200000000000093e-01 -1.411600000000000077e-01 -2.483499999999999874e-01 -1.704660000000000064e+00
-2.026499999999999968e+00 1.545700000000000129e-01 2.317200000000000093e-01 1.735299999999999898e-01 -1.488539999999999974e+00 -7.811999999999999500e-02 2.483499999999999874e-01 -1.411600000000000077e-01 -1.704660000000000064e+00
-1.488539999999999974e+00 1.735299999999999898e-01 7.811999999999999500e-02 1.545700000000000129e-01 -2.026499999999999968e+00 -2.317200000000000093e-01 1.411600000000000077e-01 -2.483499999999999874e-01 -1.704660000000000064e+00
-2.026499999999999968e+00 1.545700000000000129e-01 -2.317200000000000093e-01 1.735299999999999898e-01 -1.488539999999999974e+00 7.811999999999999500e-02 -2.483499999999999874e-01 1.411600000000000077e-01 -1.704660000000000064e+00
-1.488539999999999974e+00 1.735299999999999898e-01 -7.811999999999999500e-02 1.545700000000000129e-01 -2.026499999999999968e+00 2.317200000000000093e-01 -1.411600000000000077e-01 2.483499999999999874e-01 -1.704660000000000064e+00
-2.026499999999999968e+00 -1.545700000000000129e-01 -2.317200000000000093e-01 -1.735299999999999898e-01 -1.488539999999999974e+00 -7.811999999999999500e-02 -2.483499999999999874e-01 -1.411600000000000077e-01 -1.704660000000000064e+00
-2.026499999999999968e+00 -1.545700000000000129e-01 2.317200000000000093e-01 -1.735299999999999898e-01 -1.488539999999999974e+00 7.811999999999999500e-02 2.483499999999999874e-01 1.411600000000000077e-01 -1.704660000000000064e+00
-1.488539999999999974e+00 -1.735299999999999898e-01 7.811999999999999500e-02 -1.545700000000000129e-01 -2.026499999999999968e+00 2.317200000000000093e-01 1.411600000000000077e-01 2.483499999999999874e-01 -1.704660000000000064e+00
