1.189850000000000074e+00 -2.201400000000000023e-01 -0.000000000000000000e+00 -2.136299999999999866e-01 9.997399999999999620e-01 -0.000000000000000000e+00 -0.000000000000000000e+00 -0.000000000000000000e+00 1.118239999999999901e+00
1.189850000000000074e+00 2.201400000000000023e-01 -0.000000000000000000e+00 2.136299999999999866e-01 9.997399999999999620e-01 -0.000000000000000000e+00 -0.000000000000000000e+00 -0.000000000000000000e+00 1.118239999999999901e+00
1.189850000000000074e+00 -2.201400000000000023e-01 -0.000000000000000000e+00 -2.136299999999999866e-01 9.997399999999999620e-01 -0.000000000000000000e+00 -0.000000000000000000e+00 -0.000000000000000000e+00 1.118239999999999901e+00
1.189850000000000074e+00 2.201400000000000023e-01 -0.000000000000000000e+00 2.136299999999999866e-01 9.997399999999999620e-01 -0.000000000000000000e+00 -0.000000000000000000e+00 -0.000000000000000000e+00 1.118239999999999901e+00
1.278129999999999988e+00 0.000000000000000000e+00 -0.000000000000000000e+00 0.000000000000000000e+00 1.324629999999999974e+00 -0.000000000000000000e+00 -0.000000000000000000e+00 -0.000000000000000000e+00 7.452199999999999935e-01
1.278129999999999988e+00 0.000000000000000000e+00 -0.000000000000000000e+00 0.000000000000000000e+00 1.324629999999999974e+00 -0.000000000000000000e+00 -0.000000000000000000e+00 -0.000000000000000000e+00 7.452199999999999935e-01
1.895219999999999905e+00 6.764900000000000357e-01 -0.000000000000000000e+00 7.035400000000000542e-01 2.285789999999999988e+00 -0.000000000000000000e+00 -0.000000000000000000e+00 -0.000000000000000000e+00 2.626469999999999860e+00
1.895219999999999905e+00 -6.764900000000000357e-01 -0.000000000000000000e+00 -7.035400000000000542e-01 2.285789999999999988e+00 -0.000000000000000000e+00 -0.000000000000000000e+00 -0.000000000000000000e+00 2.626469999999999860e+00
1.895219999999999905e+00 -6.764900000000000357e-01 -0.000000000000000000e+00 -7.035400000000000542e-01 2.285789999999999988e+00 -0.000000000000000000e+00 -0.000000000000000000e+00 -0.000000000000000000e+00 2.626469999999999860e+00
1.895219999999999905e+00 6.764900000000000357e-01 -0.000000000000000000e+00 7.035400000000000542e-01 2.285789999999999988e+00 -0.000000000000000000e+00 -0.000000000000000000e+00 -0.000000000000000000e+00 2.626469999999999860e+00
3.462779999999999969e+00 0.000000000000000000e+00 -0.000000000000000000e+00 0.000000000000000000e+00 3.855850000000000222e+00 -0.000000000000000000e+00 -0.000000000000000000e+00 -0.000000000000000000e+00 4.262270000000000003e+00
3.462779999999999969e+00 0.000000000000000000e+00 -0.000000000000000000e+00 0.000000000000000000e+00 3.855850000000000222e+00 -0.000000000000000000e+00 -0.000000000000000000e+00 -0.000000000000000000e+00 4.262270000000000003e+00
-1.888379999999999947e+00 -1.865300000000000014e-01 -3.479900000000000215e-01 -1.788299999999999890e-01 -1.790170000000000039e+00 -1.198300000000000060e-01 -2.594600000000000239e-01 -6.514999999999999958e-02 -2.204759999999999831e+00
-1.888379999999999947e+00 1.865300000000000014e-01 -3.479900000000000215e-01 1.788299999999999890e-01 -1.790170000000000039e+00 1.198300000000000060e-01 -2.594600000000000239e-01 6.514999999999999958e-02 -2.204759999999999831e+00
-1.888379999999999947e+00 1.865300000000000014e-01 3.479900000000000215e-01 1.788299999999999890e-01 -1.790170000000000039e+00 -1.198300000000000060e-01 2.594600000000000239e-01 -6.514999999999999958e-02 -2.204759999999999831e+00
-1.888379999999999947e+00 1.865300000000000014e-01 -3.479900000000000215e-01 1.788299999999999890e-01 -1.790170000000000039e+00 1.198300000000000060e-01 -2.594600000000000239e-01 6.514999999999999958e-02 -2.204759999999999831e+00
-1.678770000000000095e+00 -0.000000000000000000e+00 -5.180799999999999850e-01 -0.000000000000000000e+00 -2.295430000000000081e+00 0.000000000000000000e+00 -4.740900000000000114e-01 0.000000000000000000e+00 -1.838940000000000019e+00
-1.888379999999999947e+00 -1.865300000000000014e-01 3.479900000000000215e-01 -1.788299999999999890e-01 -1.790170000000000039e+00 1.198300000000000060e-01 2.594600000000000239e-01 6.514999999999999958e-02 -2.204759999999999831e+00
-1.678770000000000095e+00 -0.000000000000000000e+00 -5.180799999999999850e-01 -0.000000000000000000e+00 -2.295430000000000081e+00 0.000000000000000000e+00 -4.740900000000000114e-01 0.000000000000000000e+00 -1.838940000000000019e+00
-1.678770000000000095e+00 -0.000000000000000000e+00 5.180799999999999850e-01 -0.000000000000000000e+00 -2.295430000000000081e+00 0.000000000000000000e+00 4.740900000000000114e-01 0.000000000000000000e+00 -1.838940000000000019e+00
-1.888379999999999947e+00 1.865300000000000014e-01 3.479900000000000215e-01 1.788299999999999890e-01 -1.790170000000000039e+00 -1.198300000000000060e-01 2.594600000000000239e-01 -6.514999999999999958e-02 -2.204759999999999831e+00
-1.888379999999999947e+00 -1.865300000000000014e-01 -3.479900000000000215e-01 -1.788299999999999890e-01 -1.790170000000000039e+00 -1.198300000000000060e-01 -2.594600000000000239e-01 -6.514999999999999958e-02 -2.204759999999999831e+00
-1.888379999999999947e+00 -1.865300000000000014e-01 3.479900000000000215e-01 -1.788299999999999890e-01 -1.790170000000000039e+00 1.198300000000000060e-01 2.594600000000000239e-01 6.514999999999999958e-02 -2.204759999999999831e+00
-1.678770000000000095e+00 -0.000000000000000000e+00 5.180799999999999850e-01 -0.000000000000000000e+00 -2.295430000000000081e+00 0.000000000000000000e+00 4.740900000000000114e-01 0.000000000000000000e+00 -1.838940000000000019e+00
