1.071560000000000068e+00 1.055999999999999994e-02 1.652999999999999955e-02 8.680000000000000215e-03 1.028000000000000025e+00 1.671999999999999875e-02 1.369999999999999907e-03 -1.203000000000000076e-02 1.063479999999999981e+00
1.031779999999999919e+00 -6.440000000000000412e-03 -1.410999999999999928e-02 -3.889999999999999795e-03 1.015290000000000026e+00 1.139999999999999954e-03 -5.199999999999999761e-03 -2.034000000000000044e-02 9.931400000000000228e-01
1.071560000000000068e+00 -1.055999999999999994e-02 1.652999999999999955e-02 -8.680000000000000215e-03 1.028000000000000025e+00 -1.671999999999999875e-02 1.369999999999999907e-03 1.203000000000000076e-02 1.063479999999999981e+00
1.031779999999999919e+00 6.440000000000000412e-03 -1.410999999999999928e-02 3.889999999999999795e-03 1.015290000000000026e+00 -1.139999999999999954e-03 -5.199999999999999761e-03 2.034000000000000044e-02 9.931400000000000228e-01
1.941310000000000091e+00 5.466000000000000025e-02 1.340699999999999947e-01 -3.341000000000000220e-02 1.998329999999999940e+00 -8.970000000000000195e-02 -1.257600000000000107e-01 1.423099999999999921e-01 1.856649999999999912e+00
1.941310000000000091e+00 -5.466000000000000025e-02 1.340699999999999947e-01 3.341000000000000220e-02 1.998329999999999940e+00 8.970000000000000195e-02 -1.257600000000000107e-01 -1.423099999999999921e-01 1.856649999999999912e+00
2.800250000000000128e+00 -9.880999999999999506e-02 -3.004000000000000004e-01 7.954999999999999571e-02 2.821039999999999992e+00 -2.915599999999999858e-01 3.054600000000000093e-01 2.588799999999999990e-01 2.764780000000000015e+00
2.800250000000000128e+00 9.880999999999999506e-02 -3.004000000000000004e-01 -7.954999999999999571e-02 2.821039999999999992e+00 2.915599999999999858e-01 3.054600000000000093e-01 -2.588799999999999990e-01 2.764780000000000015e+00
-1.933300000000000018e+00 -2.020699999999999996e-01 5.627499999999999725e-01 -1.388699999999999934e-01 -1.325039999999999996e+00 1.608199999999999907e-01 4.579300000000000037e-01 3.010399999999999743e-01 -1.822689999999999921e+00
-1.933300000000000018e+00 2.020699999999999996e-01 5.627499999999999725e-01 1.388699999999999934e-01 -1.325039999999999996e+00 -1.608199999999999907e-01 4.579300000000000037e-01 -3.010399999999999743e-01 -1.822689999999999921e+00
-1.307029999999999914e+00 -5.111999999999999877e-02 -1.311599999999999988e-01 -3.443000000000000227e-02 -1.995649999999999924e+00 -5.776700000000000168e-01 -1.858200000000000129e-01 -4.998699999999999810e-01 -1.797679999999999945e+00
-1.307029999999999914e+00 5.111999999999999877e-02 -1.311599999999999988e-01 3.443000000000000227e-02 -1.995649999999999924e+00 5.776700000000000168e-01 -1.858200000000000129e-01 4.998699999999999810e-01 -1.797679999999999945e+00
-2.307620000000000005e+00 1.236700000000000021e-01 -3.235399999999999943e-01 1.315699999999999925e-01 -1.231870000000000021e+00 3.200999999999999679e-02 -4.340300000000000269e-01 1.745700000000000029e-01 -1.534129999999999994e+00
-1.296959999999999891e+00 -1.034500000000000003e-01 5.585999999999999993e-02 -1.603100000000000080e-01 -2.310099999999999820e+00 -3.148199999999999887e-01 -1.395000000000000059e-02 -4.552499999999999880e-01 -1.523539999999999894e+00
-1.296959999999999891e+00 1.034500000000000003e-01 5.585999999999999993e-02 1.603100000000000080e-01 -2.310099999999999820e+00 3.148199999999999887e-01 -1.395000000000000059e-02 4.552499999999999880e-01 -1.523539999999999894e+00
-2.307620000000000005e+00 -1.236700000000000021e-01 -3.235399999999999943e-01 -1.315699999999999925e-01 -1.231870000000000021e+00 -3.200999999999999679e-02 -4.340300000000000269e-01 -1.745700000000000029e-01 -1.534129999999999994e+00
