-2.976700762015370080e-02
-2.976700761916783664e-02
-2.976700761678411841e-02
2.736561181517436658e+00
2.736561181517448205e+00
2.736561181517457531e+00
3.869743520616913290e+00
3.869743520616918175e+00
3.869743520616927501e+00
5.014979487732698971e+00
5.014979487732702523e+00
5.014979487732708741e+00
5.217845505732180200e+00
5.217845505732188194e+00
5.217845505732193523e+00
6.084617896558222938e+00
6.084617896558232708e+00
6.770216427058835862e+00
6.770216427058838526e+00
6.770216427058842079e+00
7.299742203735302581e+00
7.299742203735307022e+00
7.299742203735315904e+00
8.522403020998549295e+00
8.654417141548263359e+00
8.654417141548268688e+00
8.654417141548272241e+00
9.118267821538381668e+00
9.118267821538392326e+00
1.103762247234747385e+01
1.103762247234747917e+01
1.103762247234748628e+01
1.130659118586035916e+01
1.130659118586036627e+01
2.408887883525283158e+01
2.408887883525283868e+01
2.408887883525284579e+01
2.457794997664795744e+01
2.457794997664796810e+01
2.457794997664796810e+01
2.760009388785883289e+01
2.770764654392155535e+01
