-2.229894266407157419e-02
-2.229894266218882329e-02
-2.229894265955373323e-02
3.160455496693819200e+00
3.160455496693832078e+00
3.160455496693846733e+00
3.811904357110396546e+00
3.811904357110404096e+00
3.866886271746496462e+00
3.866886271746500015e+00
3.866886271746508896e+00
5.180591155330370512e+00
5.180591155330377617e+00
5.180591155330382946e+00
5.306129481624051181e+00
5.306129481624057398e+00
5.306129481624061839e+00
6.671076159406375439e+00
6.671076159406379880e+00
6.740589721380725763e+00
6.740589721380729316e+00
6.740589721380729316e+00
6.972474264922333020e+00
8.039347015439380684e+00
8.039347015439386013e+00
8.039347015439394895e+00
9.812652144832860301e+00
9.812652144832865631e+00
9.812652144832876289e+00
1.010027664813424408e+01
1.028938813509815553e+01
1.028938813509815908e+01
1.028938813509817329e+01
1.124995240021704923e+01
1.124995240021705278e+01
1.124995240021705989e+01
1.262035260448761953e+01
1.262035260448762308e+01
1.262035260448763019e+01
1.364179786594922739e+01
1.364179786594923272e+01
1.364179786594923982e+01
1.390513172594246427e+01
1.390513172594247138e+01
1.550118180071749840e+01
1.566804140587123761e+01
1.655936082624330297e+01
1.655936082624330652e+01
1.655936082624331007e+01
1.678509464300210752e+01
1.678509464300212528e+01
1.678509464300212528e+01
1.707421436293778072e+01
1.707421436293778072e+01
1.881730789136126702e+01
1.881730789136126702e+01
1.881730789136127768e+01
1.930575145579899043e+01
1.930575145579899399e+01
1.930575145579900820e+01
1.965583121783790688e+01
1.965583121783791398e+01
1.965583121783791398e+01
2.038040592330485268e+01
2.038040592330485623e+01
2.038040592330486334e+01
