1.327339999999999964e+00 0.000000000000000000e+00 0.000000000000000000e+00 0.000000000000000000e+00 1.327339999999999964e+00 0.000000000000000000e+00 -0.000000000000000000e+00 0.000000000000000000e+00 1.280329999999999968e+00
1.327339999999999964e+00 -0.000000000000000000e+00 -0.000000000000000000e+00 0.000000000000000000e+00 1.327339999999999964e+00 0.000000000000000000e+00 -0.000000000000000000e+00 0.000000000000000000e+00 1.280329999999999968e+00
5.106569999999999609e+00 0.000000000000000000e+00 -0.000000000000000000e+00 0.000000000000000000e+00 5.106569999999999609e+00 0.000000000000000000e+00 -0.000000000000000000e+00 0.000000000000000000e+00 5.413050000000000139e+00
5.106569999999999609e+00 0.000000000000000000e+00 -0.000000000000000000e+00 0.000000000000000000e+00 5.106569999999999609e+00 0.000000000000000000e+00 0.000000000000000000e+00 0.000000000000000000e+00 5.413050000000000139e+00
4.014260000000000161e+00 -3.146100000000000008e-01 0.000000000000000000e+00 3.146100000000000008e-01 4.014260000000000161e+00 -0.000000000000000000e+00 0.000000000000000000e+00 0.000000000000000000e+00 3.937699999999999978e+00
4.014260000000000161e+00 3.146100000000000008e-01 -0.000000000000000000e+00 -3.146100000000000008e-01 4.014260000000000161e+00 -0.000000000000000000e+00 0.000000000000000000e+00 0.000000000000000000e+00 3.937699999999999978e+00
4.014260000000000161e+00 -3.146100000000000008e-01 0.000000000000000000e+00 3.146100000000000008e-01 4.014260000000000161e+00 0.000000000000000000e+00 0.000000000000000000e+00 0.000000000000000000e+00 3.937699999999999978e+00
4.014260000000000161e+00 3.146100000000000008e-01 -0.000000000000000000e+00 -3.146100000000000008e-01 4.014260000000000161e+00 -0.000000000000000000e+00 0.000000000000000000e+00 0.000000000000000000e+00 3.937699999999999978e+00
-2.440339999999999954e+00 4.543400000000000216e-01 -1.372440000000000104e+00 5.106699999999999573e-01 -1.175259999999999971e+00 4.371700000000000030e-01 -1.372630000000000017e+00 4.624900000000000122e-01 -1.821099999999999941e+00
-2.440339999999999954e+00 4.543400000000000216e-01 1.372440000000000104e+00 5.106699999999999573e-01 -1.175259999999999971e+00 -4.371700000000000030e-01 1.372630000000000017e+00 -4.624900000000000122e-01 -1.821099999999999941e+00
-1.175259999999999971e+00 5.106699999999999573e-01 -4.371700000000000030e-01 4.543400000000000216e-01 -2.440339999999999954e+00 1.372440000000000104e+00 -4.624900000000000122e-01 1.372630000000000017e+00 -1.821099999999999941e+00
-1.175259999999999971e+00 -5.106699999999999573e-01 4.371700000000000030e-01 -4.543400000000000216e-01 -2.440339999999999954e+00 1.372440000000000104e+00 4.624900000000000122e-01 1.372630000000000017e+00 -1.821099999999999941e+00
-1.175259999999999971e+00 -5.106699999999999573e-01 -4.371700000000000030e-01 -4.543400000000000216e-01 -2.440339999999999954e+00 -1.372440000000000104e+00 -4.624900000000000122e-01 -1.372630000000000017e+00 -1.821099999999999941e+00
-2.440339999999999954e+00 -4.543400000000000216e-01 -1.372440000000000104e+00 -5.106699999999999573e-01 -1.175259999999999971e+00 -4.371700000000000030e-01 -1.372630000000000017e+00 -4.624900000000000122e-01 -1.821099999999999941e+00
-2.440339999999999954e+00 -4.543400000000000216e-01 1.372440000000000104e+00 -5.106699999999999573e-01 -1.175259999999999971e+00 4.371700000000000030e-01 1.372630000000000017e+00 4.624900000000000122e-01 -1.821099999999999941e+00
-1.175259999999999971e+00 5.106699999999999573e-01 4.371700000000000030e-01 4.543400000000000216e-01 -2.440339999999999954e+00 -1.372440000000000104e+00 4.624900000000000122e-01 -1.372630000000000017e+00 -1.821099999999999941e+00
-1.175259999999999971e+00 5.106699999999999573e-01 4.371700000000000030e-01 4.543400000000000216e-01 -2.440339999999999954e+00 -1.372440000000000104e+00 4.624900000000000122e-01 -1.372630000000000017e+00 -1.821099999999999941e+00
-2.440339999999999954e+00 -4.543400000000000216e-01 1.372440000000000104e+00 -5.106699999999999573e-01 -1.175259999999999971e+00 4.371700000000000030e-01 1.372630000000000017e+00 4.624900000000000122e-01 -1.821099999999999941e+00
-2.440339999999999954e+00 -4.543400000000000216e-01 -1.372440000000000104e+00 -5.106699999999999573e-01 -1.175259999999999971e+00 -4.371700000000000030e-01 -1.372630000000000017e+00 -4.624900000000000122e-01 -1.821099999999999941e+00
-1.175259999999999971e+00 -5.106699999999999573e-01 -4.371700000000000030e-01 -4.543400000000000216e-01 -2.440339999999999954e+00 -1.372440000000000104e+00 -4.624900000000000122e-01 -1.372630000000000017e+00 -1.821099999999999941e+00
-1.175259999999999971e+00 -5.106699999999999573e-01 4.371700000000000030e-01 -4.543400000000000216e-01 -2.440339999999999954e+00 1.372440000000000104e+00 4.624900000000000122e-01 1.372630000000000017e+00 -1.821099999999999941e+00
-1.175259999999999971e+00 5.106699999999999573e-01 -4.371700000000000030e-01 4.543400000000000216e-01 -2.440339999999999954e+00 1.372440000000000104e+00 -4.624900000000000122e-01 1.372630000000000017e+00 -1.821099999999999941e+00
-2.440339999999999954e+00 4.543400000000000216e-01 1.372440000000000104e+00 5.106699999999999573e-01 -1.175259999999999971e+00 -4.371700000000000030e-01 1.372630000000000017e+00 -4.624900000000000122e-01 -1.821099999999999941e+00
-2.440339999999999954e+00 4.543400000000000216e-01 -1.372440000000000104e+00 5.106699999999999573e-01 -1.175259999999999971e+00 4.371700000000000030e-01 -1.372630000000000017e+00 4.624900000000000122e-01 -1.821099999999999941e+00
