-3.124476168130108783e-02
-1.342218718758029887e-02
-1.342187020061667672e-02
2.781493268022908971e+00
2.781493269305258753e+00
3.371619993954339645e+00
4.526342907694645312e+00
5.709395330454288597e+00
5.709395331034953003e+00
7.514701639970330582e+00
7.797169192715420749e+00
8.482847111035356491e+00
8.482847111166989862e+00
9.183071072383587108e+00
9.183071072493872222e+00
1.475086453631570294e+01
1.475086453637593564e+01
1.495389054094931325e+01
1.495389054121421779e+01
1.605223110165774969e+01
1.605223110175257162e+01
1.718846702626282763e+01
1.779325502533457026e+01
1.907408593427838284e+01
1.916233781500952560e+01
1.916233781520250545e+01
1.928151302394354261e+01
