1.276219999999999910e+00 -0.000000000000000000e+00 -3.130000000000000143e-02 -0.000000000000000000e+00 9.765399999999999636e-01 -0.000000000000000000e+00 -2.733999999999999972e-02 -0.000000000000000000e+00 1.150859999999999994e+00
1.147980000000000000e+00 -0.000000000000000000e+00 -4.325999999999999984e-02 -0.000000000000000000e+00 1.153529999999999944e+00 -0.000000000000000000e+00 -7.170000000000000158e-03 -0.000000000000000000e+00 9.950400000000000356e-01
1.074349999999999916e+00 -0.000000000000000000e+00 1.830000000000000029e-03 -0.000000000000000000e+00 1.211850000000000094e+00 -0.000000000000000000e+00 -2.994000000000000133e-02 -0.000000000000000000e+00 1.236380000000000035e+00
1.147980000000000000e+00 -0.000000000000000000e+00 -4.325999999999999984e-02 -0.000000000000000000e+00 1.153529999999999944e+00 -0.000000000000000000e+00 -7.170000000000000158e-03 -0.000000000000000000e+00 9.950400000000000356e-01
1.276219999999999910e+00 -0.000000000000000000e+00 -3.130000000000000143e-02 -0.000000000000000000e+00 9.765399999999999636e-01 -0.000000000000000000e+00 -2.733999999999999972e-02 -0.000000000000000000e+00 1.150859999999999994e+00
1.074349999999999916e+00 -0.000000000000000000e+00 1.830000000000000029e-03 -0.000000000000000000e+00 1.211850000000000094e+00 -0.000000000000000000e+00 -2.994000000000000133e-02 -0.000000000000000000e+00 1.236380000000000035e+00
2.065780000000000172e+00 -0.000000000000000000e+00 6.462900000000000311e-01 -0.000000000000000000e+00 2.200969999999999871e+00 -0.000000000000000000e+00 6.779600000000000071e-01 -0.000000000000000000e+00 2.105599999999999916e+00
2.065780000000000172e+00 -0.000000000000000000e+00 6.462900000000000311e-01 -0.000000000000000000e+00 2.200969999999999871e+00 -0.000000000000000000e+00 6.779600000000000071e-01 -0.000000000000000000e+00 2.105599999999999916e+00
-1.731440000000000090e+00 -2.751799999999999802e-01 -2.817100000000000160e-01 -2.409300000000000053e-01 -2.081599999999999895e+00 -2.124800000000000022e-01 -2.641999999999999904e-01 -2.388099999999999945e-01 -1.690250000000000030e+00
-2.101449999999999818e+00 0.000000000000000000e+00 -1.013999999999999971e-02 0.000000000000000000e+00 -1.379699999999999926e+00 0.000000000000000000e+00 -8.511000000000000509e-02 0.000000000000000000e+00 -2.107380000000000031e+00
-2.101449999999999818e+00 0.000000000000000000e+00 -1.013999999999999971e-02 0.000000000000000000e+00 -1.379699999999999926e+00 0.000000000000000000e+00 -8.511000000000000509e-02 0.000000000000000000e+00 -2.107380000000000031e+00
-1.731440000000000090e+00 -2.751799999999999802e-01 -2.817100000000000160e-01 -2.409300000000000053e-01 -2.081599999999999895e+00 -2.124800000000000022e-01 -2.641999999999999904e-01 -2.388099999999999945e-01 -1.690250000000000030e+00
-1.731440000000000090e+00 2.751799999999999802e-01 -2.817100000000000160e-01 2.409300000000000053e-01 -2.081599999999999895e+00 2.124800000000000022e-01 -2.641999999999999904e-01 2.388099999999999945e-01 -1.690250000000000030e+00
-1.731440000000000090e+00 2.751799999999999802e-01 -2.817100000000000160e-01 2.409300000000000053e-01 -2.081599999999999895e+00 2.124800000000000022e-01 -2.641999999999999904e-01 2.388099999999999945e-01 -1.690250000000000030e+00
