1.278780000000000028e+00 0.000000000000000000e+00 1.299899999999999944e-01 0.000000000000000000e+00 1.297800000000000065e+00 0.000000000000000000e+00 2.041999999999999926e-01 0.000000000000000000e+00 1.093210000000000015e+00
1.278780000000000028e+00 0.000000000000000000e+00 1.299899999999999944e-01 0.000000000000000000e+00 1.297800000000000065e+00 0.000000000000000000e+00 2.041999999999999926e-01 0.000000000000000000e+00 1.093210000000000015e+00
7.837199999999999722e-01 0.000000000000000000e+00 -1.348999999999999921e-01 0.000000000000000000e+00 1.272289999999999921e+00 0.000000000000000000e+00 -1.800299999999999956e-01 0.000000000000000000e+00 1.018990000000000062e+00
7.837199999999999722e-01 0.000000000000000000e+00 -1.348999999999999921e-01 0.000000000000000000e+00 1.272289999999999921e+00 0.000000000000000000e+00 -1.800299999999999956e-01 0.000000000000000000e+00 1.018990000000000062e+00
1.388130000000000086e+00 0.000000000000000000e+00 8.018999999999999739e-02 0.000000000000000000e+00 8.222800000000000109e-01 0.000000000000000000e+00 4.395999999999999908e-02 0.000000000000000000e+00 1.129850000000000021e+00
1.388130000000000086e+00 0.000000000000000000e+00 8.018999999999999739e-02 0.000000000000000000e+00 8.222800000000000109e-01 0.000000000000000000e+00 4.395999999999999908e-02 0.000000000000000000e+00 1.129850000000000021e+00
3.357730000000000103e+00 0.000000000000000000e+00 -3.638399999999999967e-01 0.000000000000000000e+00 4.151080000000000325e+00 0.000000000000000000e+00 -3.699899999999999856e-01 0.000000000000000000e+00 4.826660000000000394e+00
3.357730000000000103e+00 0.000000000000000000e+00 -3.638399999999999967e-01 0.000000000000000000e+00 4.151080000000000325e+00 0.000000000000000000e+00 -3.699899999999999856e-01 0.000000000000000000e+00 4.826660000000000394e+00
-1.753039999999999932e+00 3.624999999999999750e-02 3.477899999999999880e-01 2.721000000000000155e-02 -1.745400000000000063e+00 -3.640100000000000002e-01 2.941099999999999826e-01 -4.427300000000000124e-01 -2.200039999999999996e+00
-1.651140000000000052e+00 2.590199999999999725e-01 -2.035099999999999965e-01 2.336999999999999911e-01 -2.026330000000000187e+00 2.772999999999999909e-01 -1.431800000000000017e-01 2.007599999999999940e-01 -1.834310000000000107e+00
-1.651140000000000052e+00 -2.590199999999999725e-01 -2.035099999999999965e-01 -2.336999999999999911e-01 -2.026330000000000187e+00 -2.772999999999999909e-01 -1.431800000000000017e-01 -2.007599999999999940e-01 -1.834310000000000107e+00
-1.651140000000000052e+00 2.590199999999999725e-01 -2.035099999999999965e-01 2.336999999999999911e-01 -2.026330000000000187e+00 2.772999999999999909e-01 -1.431800000000000017e-01 2.007599999999999940e-01 -1.834310000000000107e+00
-1.753039999999999932e+00 3.624999999999999750e-02 3.477899999999999880e-01 2.721000000000000155e-02 -1.745400000000000063e+00 -3.640100000000000002e-01 2.941099999999999826e-01 -4.427300000000000124e-01 -2.200039999999999996e+00
-1.753039999999999932e+00 -3.624999999999999750e-02 3.477899999999999880e-01 -2.721000000000000155e-02 -1.745400000000000063e+00 3.640100000000000002e-01 2.941099999999999826e-01 4.427300000000000124e-01 -2.200039999999999996e+00
-1.651140000000000052e+00 -2.590199999999999725e-01 -2.035099999999999965e-01 -2.336999999999999911e-01 -2.026330000000000187e+00 -2.772999999999999909e-01 -1.431800000000000017e-01 -2.007599999999999940e-01 -1.834310000000000107e+00
-1.753039999999999932e+00 -3.624999999999999750e-02 3.477899999999999880e-01 -2.721000000000000155e-02 -1.745400000000000063e+00 3.640100000000000002e-01 2.941099999999999826e-01 4.427300000000000124e-01 -2.200039999999999996e+00
