2.885479999999999823e+00 -0.000000000000000000e+00 -2.714500000000000246e-01 -0.000000000000000000e+00 2.850140000000000118e+00 -0.000000000000000000e+00 -5.317999999999999811e-02 -0.000000000000000000e+00 2.742780000000000218e+00
2.885479999999999823e+00 -0.000000000000000000e+00 -2.714500000000000246e-01 -0.000000000000000000e+00 2.850140000000000118e+00 -0.000000000000000000e+00 -5.317999999999999811e-02 -0.000000000000000000e+00 2.742780000000000218e+00
3.377819999999999823e+00 -0.000000000000000000e+00 -1.000199999999999978e-01 -0.000000000000000000e+00 3.407039999999999846e+00 -0.000000000000000000e+00 -4.347000000000000169e-02 -0.000000000000000000e+00 3.039019999999999833e+00
3.377819999999999823e+00 -0.000000000000000000e+00 -1.000199999999999978e-01 -0.000000000000000000e+00 3.407039999999999846e+00 -0.000000000000000000e+00 -4.347000000000000169e-02 -0.000000000000000000e+00 3.039019999999999833e+00
2.865060000000000162e+00 -0.000000000000000000e+00 5.167300000000000226e-01 -0.000000000000000000e+00 4.639059999999999739e+00 -0.000000000000000000e+00 -2.516700000000000048e-01 -0.000000000000000000e+00 4.535239999999999938e+00
-2.495260000000000034e+00 0.000000000000000000e+00 3.460799999999999987e-01 0.000000000000000000e+00 -2.225439999999999863e+00 0.000000000000000000e+00 2.254700000000000037e-01 0.000000000000000000e+00 -1.186549999999999994e+00
-2.495260000000000034e+00 0.000000000000000000e+00 3.460799999999999987e-01 0.000000000000000000e+00 -2.225439999999999863e+00 0.000000000000000000e+00 2.254700000000000037e-01 0.000000000000000000e+00 -1.186549999999999994e+00
-1.643920000000000048e+00 0.000000000000000000e+00 4.684699999999999975e-01 0.000000000000000000e+00 -2.257839999999999847e+00 0.000000000000000000e+00 7.187099999999999600e-01 0.000000000000000000e+00 -2.125890000000000057e+00
-1.643920000000000048e+00 0.000000000000000000e+00 4.684699999999999975e-01 0.000000000000000000e+00 -2.257839999999999847e+00 0.000000000000000000e+00 7.187099999999999600e-01 0.000000000000000000e+00 -2.125890000000000057e+00
-2.079699999999999882e+00 0.000000000000000000e+00 -1.619200000000000084e-01 0.000000000000000000e+00 -1.963400000000000034e+00 0.000000000000000000e+00 -2.172099999999999864e-01 0.000000000000000000e+00 -2.260740000000000194e+00
-1.476949999999999985e+00 0.000000000000000000e+00 -5.395299999999999541e-01 0.000000000000000000e+00 -2.130030000000000090e+00 0.000000000000000000e+00 -5.044800000000000395e-01 0.000000000000000000e+00 -2.476230000000000153e+00
-1.476949999999999985e+00 0.000000000000000000e+00 -5.395299999999999541e-01 0.000000000000000000e+00 -2.130030000000000090e+00 0.000000000000000000e+00 -5.044800000000000395e-01 0.000000000000000000e+00 -2.476230000000000153e+00
-2.079699999999999882e+00 0.000000000000000000e+00 -1.619200000000000084e-01 0.000000000000000000e+00 -1.963400000000000034e+00 0.000000000000000000e+00 -2.172099999999999864e-01 0.000000000000000000e+00 -2.260740000000000194e+00
