-1.620352379071158047e-02
-1.073985871397274694e-02
-9.739438075735393219e-03
5.533552379060132864e+00
6.045219288178906858e+00
6.474369510054331478e+00
7.046442406460425190e+00
8.108580492002261053e+00
8.269824609441121410e+00
8.534943235272953288e+00
8.711753458725771893e+00
8.972990905421564634e+00
9.088320071614088391e+00
9.310346717161511521e+00
9.574148139550711534e+00
1.018863113242273855e+01
1.026372444924906269e+01
1.051731739310236691e+01
1.113749386765148230e+01
1.130934962652445641e+01
1.157143690896941735e+01
1.197479194950182801e+01
1.217951955862628566e+01
1.264148119577476059e+01
1.455179246491870337e+01
1.524914550869569041e+01
1.529066161139628122e+01
1.530052259194305719e+01
1.537451344101151385e+01
1.623244687684606546e+01
1.626126817109788192e+01
1.636828209167548209e+01
1.642183858147733844e+01
1.651325006267100193e+01
1.728036103531133350e+01
1.730634354828022481e+01
