-1.378205993072103008e-01
-8.734177922679851880e-02
-3.450910413503394808e-02
1.173900921127650543e+00
1.404448986179908987e+00
1.450425585112222748e+00
1.665815526448178652e+00
1.762200313440741128e+00
1.811848042460412422e+00
2.064462711522028204e+00
2.219183190309379494e+00
2.263336254284801452e+00
2.423168836463372333e+00
2.479758665553722263e+00
2.801113215088110842e+00
2.818159962227944959e+00
2.912499999544795770e+00
3.224303240864347497e+00
3.315285389255687054e+00
3.663727366592332668e+00
3.967711696379672137e+00
4.367537022148012760e+00
4.441142874092669501e+00
4.453974617158505289e+00
5.627919349429157947e+00
5.695560998703959044e+00
6.280300060831783604e+00
6.310463802591325333e+00
6.401036199211952216e+00
6.683852048263240420e+00
8.479184490294986887e+00
8.684232948273743702e+00
9.295357019359103745e+00
9.338967478862238991e+00
1.059782626163504204e+01
1.075548113676666162e+01
1.082587812923013892e+01
1.128983449823931196e+01
1.129065610754832605e+01
1.145649673867185925e+01
2.269035029024783512e+01
2.319804894547143093e+01
2.326147983252469942e+01
2.331957726413686771e+01
2.343472628480538944e+01
2.349177541114688950e+01
2.357304509654982638e+01
2.390293673579339995e+01
