1.225200000000000067e+00 -1.084299999999999986e-01 -4.864000000000000268e-02 -1.449000000000000010e-01 1.209969999999999990e+00 -1.767600000000000005e-01 -6.399000000000000521e-02 -9.644999999999999407e-02 1.287349999999999994e+00
1.225200000000000067e+00 1.084299999999999986e-01 -4.864000000000000268e-02 1.449000000000000010e-01 1.209969999999999990e+00 1.767600000000000005e-01 -6.399000000000000521e-02 9.644999999999999407e-02 1.287349999999999994e+00
4.018939999999999735e+00 -3.491099999999999759e-01 -2.065899999999999959e-01 -1.298829999999999929e+00 4.425539999999999807e+00 6.726699999999999902e-01 -2.245399999999999896e-01 -8.278900000000000148e-01 5.992189999999999905e+00
4.018939999999999735e+00 3.491099999999999759e-01 -2.065899999999999959e-01 1.298829999999999929e+00 4.425539999999999807e+00 -6.726699999999999902e-01 -2.245399999999999896e-01 8.278900000000000148e-01 5.992189999999999905e+00
5.288319999999999688e+00 4.841199999999999948e-01 -1.266700000000000048e-01 1.229699999999999960e-01 4.865429999999999922e+00 6.274899999999999922e-01 -1.213100000000000012e-01 -4.431000000000000216e-02 4.439689999999999692e+00
5.288319999999999688e+00 -4.841199999999999948e-01 -1.266700000000000048e-01 -1.229699999999999960e-01 4.865429999999999922e+00 -6.274899999999999922e-01 -1.213100000000000012e-01 4.431000000000000216e-02 4.439689999999999692e+00
5.288319999999999688e+00 4.841199999999999948e-01 -1.266700000000000048e-01 1.229699999999999960e-01 4.865429999999999922e+00 6.274899999999999922e-01 -1.213100000000000012e-01 -4.431000000000000216e-02 4.439689999999999692e+00
5.288319999999999688e+00 -4.841199999999999948e-01 -1.266700000000000048e-01 -1.229699999999999960e-01 4.865429999999999922e+00 -6.274899999999999922e-01 -1.213100000000000012e-01 4.431000000000000216e-02 4.439689999999999692e+00
-1.754499999999999948e+00 -1.368999999999999939e-01 5.321500000000000119e-01 -1.069599999999999995e-01 -1.466760000000000064e+00 -1.146999999999999964e-01 4.037399999999999878e-01 -1.466200000000000003e-01 -2.149809999999999999e+00
-1.754499999999999948e+00 1.368999999999999939e-01 5.321500000000000119e-01 1.069599999999999995e-01 -1.466760000000000064e+00 1.146999999999999964e-01 4.037399999999999878e-01 1.466200000000000003e-01 -2.149809999999999999e+00
-1.754499999999999948e+00 -1.368999999999999939e-01 5.321500000000000119e-01 -1.069599999999999995e-01 -1.466760000000000064e+00 -1.146999999999999964e-01 4.037399999999999878e-01 -1.466200000000000003e-01 -2.149809999999999999e+00
-1.754499999999999948e+00 1.368999999999999939e-01 5.321500000000000119e-01 1.069599999999999995e-01 -1.466760000000000064e+00 1.146999999999999964e-01 4.037399999999999878e-01 1.466200000000000003e-01 -2.149809999999999999e+00
-2.069119999999999848e+00 6.171699999999999964e-01 1.474600000000000077e-01 6.214800000000000324e-01 -2.112839999999999829e+00 6.444800000000000528e-01 2.037599999999999967e-01 4.336599999999999899e-01 -2.262770000000000170e+00
-2.069119999999999848e+00 -6.171699999999999964e-01 1.474600000000000077e-01 -6.214800000000000324e-01 -2.112839999999999829e+00 -6.444800000000000528e-01 2.037599999999999967e-01 -4.336599999999999899e-01 -2.262770000000000170e+00
-2.069119999999999848e+00 6.171699999999999964e-01 1.474600000000000077e-01 6.214800000000000324e-01 -2.112839999999999829e+00 6.444800000000000528e-01 2.037599999999999967e-01 4.336599999999999899e-01 -2.262770000000000170e+00
-2.069119999999999848e+00 -6.171699999999999964e-01 1.474600000000000077e-01 -6.214800000000000324e-01 -2.112839999999999829e+00 -6.444800000000000528e-01 2.037599999999999967e-01 -4.336599999999999899e-01 -2.262770000000000170e+00
-1.648970000000000047e+00 -5.274499999999999744e-01 -4.077799999999999758e-01 -5.553599999999999648e-01 -1.996899999999999897e+00 -6.095199999999999507e-01 -2.518599999999999728e-01 -7.099299999999999500e-01 -2.189350000000000129e+00
-1.648970000000000047e+00 5.274499999999999744e-01 -4.077799999999999758e-01 5.553599999999999648e-01 -1.996899999999999897e+00 6.095199999999999507e-01 -2.518599999999999728e-01 7.099299999999999500e-01 -2.189350000000000129e+00
-1.648970000000000047e+00 -5.274499999999999744e-01 -4.077799999999999758e-01 -5.553599999999999648e-01 -1.996899999999999897e+00 -6.095199999999999507e-01 -2.518599999999999728e-01 -7.099299999999999500e-01 -2.189350000000000129e+00
-1.648970000000000047e+00 5.274499999999999744e-01 -4.077799999999999758e-01 5.553599999999999648e-01 -1.996899999999999897e+00 6.095199999999999507e-01 -2.518599999999999728e-01 7.099299999999999500e-01 -2.189350000000000129e+00
-2.437809999999999810e+00 8.825399999999999912e-01 -1.754999999999999963e-02 8.479299999999999615e-01 -2.106689999999999952e+00 8.060000000000000497e-02 -9.007999999999999341e-02 2.013099999999999890e-01 -1.477519999999999945e+00
-2.437809999999999810e+00 -8.825399999999999912e-01 -1.754999999999999963e-02 -8.479299999999999615e-01 -2.106689999999999952e+00 -8.060000000000000497e-02 -9.007999999999999341e-02 -2.013099999999999890e-01 -1.477519999999999945e+00
-2.437809999999999810e+00 8.825399999999999912e-01 -1.754999999999999963e-02 8.479299999999999615e-01 -2.106689999999999952e+00 8.060000000000000497e-02 -9.007999999999999341e-02 2.013099999999999890e-01 -1.477519999999999945e+00
-2.437809999999999810e+00 -8.825399999999999912e-01 -1.754999999999999963e-02 -8.479299999999999615e-01 -2.106689999999999952e+00 -8.060000000000000497e-02 -9.007999999999999341e-02 -2.013099999999999890e-01 -1.477519999999999945e+00
