2.592039999999999900e+00 3.756000000000000311e-02 8.086999999999999744e-02 2.382000000000000089e-02 2.705400000000000027e+00 7.842000000000000359e-02 8.568000000000000616e-02 1.369900000000000007e-01 2.867020000000000124e+00
2.592039999999999900e+00 -3.756000000000000311e-02 8.086999999999999744e-02 -2.382000000000000089e-02 2.705400000000000027e+00 -7.842000000000000359e-02 8.568000000000000616e-02 -1.369900000000000007e-01 2.867020000000000124e+00
2.592039999999999900e+00 3.756000000000000311e-02 8.086999999999999744e-02 2.382000000000000089e-02 2.705400000000000027e+00 7.842000000000000359e-02 8.568000000000000616e-02 1.369900000000000007e-01 2.867020000000000124e+00
2.592039999999999900e+00 -3.756000000000000311e-02 8.086999999999999744e-02 -2.382000000000000089e-02 2.705400000000000027e+00 -7.842000000000000359e-02 8.568000000000000616e-02 -1.369900000000000007e-01 2.867020000000000124e+00
1.034510000000000041e+00 9.866999999999999382e-02 2.341999999999999985e-02 8.595999999999999475e-02 9.833499999999999464e-01 1.482799999999999951e-01 6.360000000000000202e-03 1.396399999999999864e-01 9.902199999999999891e-01
1.034510000000000041e+00 -9.866999999999999382e-02 2.341999999999999985e-02 -8.595999999999999475e-02 9.833499999999999464e-01 -1.482799999999999951e-01 6.360000000000000202e-03 -1.396399999999999864e-01 9.902199999999999891e-01
1.034510000000000041e+00 9.866999999999999382e-02 2.341999999999999985e-02 8.595999999999999475e-02 9.833499999999999464e-01 1.482799999999999951e-01 6.360000000000000202e-03 1.396399999999999864e-01 9.902199999999999891e-01
1.034510000000000041e+00 -9.866999999999999382e-02 2.341999999999999985e-02 -8.595999999999999475e-02 9.833499999999999464e-01 -1.482799999999999951e-01 6.360000000000000202e-03 -1.396399999999999864e-01 9.902199999999999891e-01
1.132290000000000019e+00 7.022800000000000153e-01 8.633999999999999453e-01 7.506800000000000139e-01 2.297899999999999832e+00 -3.646400000000000197e-01 8.069800000000000306e-01 -2.708800000000000097e-01 2.272689999999999877e+00
1.132290000000000019e+00 -7.022800000000000153e-01 8.633999999999999453e-01 -7.506800000000000139e-01 2.297899999999999832e+00 3.646400000000000197e-01 8.069800000000000306e-01 2.708800000000000097e-01 2.272689999999999877e+00
1.132290000000000019e+00 7.022800000000000153e-01 8.633999999999999453e-01 7.506800000000000139e-01 2.297899999999999832e+00 -3.646400000000000197e-01 8.069800000000000306e-01 -2.708800000000000097e-01 2.272689999999999877e+00
1.132290000000000019e+00 -7.022800000000000153e-01 8.633999999999999453e-01 -7.506800000000000139e-01 2.297899999999999832e+00 3.646400000000000197e-01 8.069800000000000306e-01 2.708800000000000097e-01 2.272689999999999877e+00
-1.744459999999999900e+00 -3.985500000000000154e-01 -1.691499999999999948e-01 -4.034499999999999753e-01 -2.208209999999999784e+00 -1.789199999999999957e-01 -1.989700000000000080e-01 -1.982700000000000018e-01 -1.721170000000000089e+00
-1.646530000000000049e+00 -6.278000000000000247e-02 -6.394900000000000029e-01 -1.234000000000000027e-02 -1.483710000000000084e+00 -3.309999999999999748e-02 -5.523700000000000276e-01 1.268000000000000030e-02 -2.500970000000000137e+00
-1.646530000000000049e+00 -6.278000000000000247e-02 -6.394900000000000029e-01 -1.234000000000000027e-02 -1.483710000000000084e+00 -3.309999999999999748e-02 -5.523700000000000276e-01 1.268000000000000030e-02 -2.500970000000000137e+00
-1.646530000000000049e+00 6.278000000000000247e-02 -6.394900000000000029e-01 1.234000000000000027e-02 -1.483710000000000084e+00 3.309999999999999748e-02 -5.523700000000000276e-01 -1.268000000000000030e-02 -2.500970000000000137e+00
-1.367839999999999945e+00 1.825499999999999901e-01 -1.590399999999999869e-01 2.028200000000000003e-01 -2.294729999999999936e+00 -4.585699999999999776e-01 -1.476899999999999880e-01 -4.519199999999999884e-01 -1.907799999999999940e+00
-1.367839999999999945e+00 -1.825499999999999901e-01 -1.590399999999999869e-01 -2.028200000000000003e-01 -2.294729999999999936e+00 4.585699999999999776e-01 -1.476899999999999880e-01 4.519199999999999884e-01 -1.907799999999999940e+00
-1.367839999999999945e+00 1.825499999999999901e-01 -1.590399999999999869e-01 2.028200000000000003e-01 -2.294729999999999936e+00 -4.585699999999999776e-01 -1.476899999999999880e-01 -4.519199999999999884e-01 -1.907799999999999940e+00
-1.367839999999999945e+00 -1.825499999999999901e-01 -1.590399999999999869e-01 -2.028200000000000003e-01 -2.294729999999999936e+00 4.585699999999999776e-01 -1.476899999999999880e-01 4.519199999999999884e-01 -1.907799999999999940e+00
-1.744459999999999900e+00 -3.985500000000000154e-01 -1.691499999999999948e-01 -4.034499999999999753e-01 -2.208209999999999784e+00 -1.789199999999999957e-01 -1.989700000000000080e-01 -1.982700000000000018e-01 -1.721170000000000089e+00
-1.744459999999999900e+00 3.985500000000000154e-01 -1.691499999999999948e-01 4.034499999999999753e-01 -2.208209999999999784e+00 1.789199999999999957e-01 -1.989700000000000080e-01 1.982700000000000018e-01 -1.721170000000000089e+00
-1.646530000000000049e+00 6.278000000000000247e-02 -6.394900000000000029e-01 1.234000000000000027e-02 -1.483710000000000084e+00 3.309999999999999748e-02 -5.523700000000000276e-01 -1.268000000000000030e-02 -2.500970000000000137e+00
-1.744459999999999900e+00 3.985500000000000154e-01 -1.691499999999999948e-01 4.034499999999999753e-01 -2.208209999999999784e+00 1.789199999999999957e-01 -1.989700000000000080e-01 1.982700000000000018e-01 -1.721170000000000089e+00
