-1.347631046344075212e-01
-5.065388833114860961e-02
-5.065372887738318897e-02
1.438248629735678907e+00
1.438248631750427053e+00
1.524222153602654561e+00
1.681183228546989206e+00
1.681183229372928523e+00
1.908487010222557734e+00
1.966931624415225288e+00
1.966931627429884477e+00
2.015542108445501412e+00
2.042994504288627056e+00
2.220016892691084376e+00
2.220016893779940048e+00
2.389868314350734213e+00
2.389868316339637033e+00
3.031298968023559137e+00
3.031298969804084198e+00
3.038659771774674390e+00
3.328590488401229397e+00
3.328590488799588076e+00
3.844659683136766315e+00
4.003982564976822367e+00
4.073306244759398176e+00
4.073306245920051083e+00
4.357564925657105626e+00
4.460297612842542669e+00
4.460297613801511574e+00
4.969797371487397086e+00
4.969797372756583620e+00
5.015692686995683047e+00
5.015692688058432935e+00
5.538741354779697978e+00
5.571347271294239789e+00
5.571347272450742238e+00
5.897698411131389484e+00
5.922815138863449569e+00
6.339795024216700270e+00
6.504445499255198548e+00
6.504445501378572025e+00
6.609041010328121857e+00
7.036069531646642616e+00
7.036069533069413851e+00
7.389784000912291262e+00
7.389784002162431698e+00
7.830581037973759706e+00
7.830581038738892552e+00
7.869232842348279355e+00
7.869232843642766539e+00
8.326883987311836322e+00
8.433973151999621720e+00
1.004919370197265671e+01
1.060114661006441317e+01
1.076590781491821680e+01
1.076590781596479118e+01
1.124796216424628525e+01
1.124796216464370779e+01
1.155033373598026358e+01
1.155033373658080720e+01
1.194456799516889944e+01
1.194804756654240840e+01
1.242816817964706999e+01
1.242816817995388590e+01
1.252132474181282618e+01
1.275659837381686756e+01
1.402419938456204562e+01
1.412044638865791413e+01
1.486811709703539641e+01
1.486811709770364054e+01
1.488085097859275940e+01
1.488085097923088007e+01
2.192008861423697752e+01
2.192008861462426950e+01
2.280502004297250096e+01
2.286674835004888706e+01
2.286674835059697486e+01
2.288585228465500876e+01
2.301683816349536826e+01
2.301683816355933843e+01
2.365703909929682780e+01
2.430820329761948884e+01
2.430820329764356558e+01
2.522360511113497239e+01
2.563943750065337923e+01
2.563943750088057172e+01
2.584196986628162662e+01
2.584196986647818761e+01
2.628006773793932638e+01
2.722756523675882079e+01
