2.522740000000000204e+00 1.238199999999999995e-01 2.966999999999999846e-02 1.755800000000000138e-01 2.463080000000000158e+00 1.519999999999999997e-02 -9.409999999999999962e-03 3.894999999999999851e-02 2.421060000000000212e+00
2.522740000000000204e+00 -1.238199999999999995e-01 2.966999999999999846e-02 -1.755800000000000138e-01 2.463080000000000158e+00 -1.519999999999999997e-02 -9.409999999999999962e-03 -3.894999999999999851e-02 2.421060000000000212e+00
2.522740000000000204e+00 1.238199999999999995e-01 2.966999999999999846e-02 1.755800000000000138e-01 2.463080000000000158e+00 1.519999999999999997e-02 -9.409999999999999962e-03 3.894999999999999851e-02 2.421060000000000212e+00
2.522740000000000204e+00 -1.238199999999999995e-01 2.966999999999999846e-02 -1.755800000000000138e-01 2.463080000000000158e+00 -1.519999999999999997e-02 -9.409999999999999962e-03 -3.894999999999999851e-02 2.421060000000000212e+00
3.676569999999999894e+00 -2.177499999999999991e-01 -3.629899999999999793e-01 1.884099999999999941e-01 3.710570000000000146e+00 -3.971999999999999836e-02 2.770699999999999830e-01 -1.030900000000000011e-01 3.692530000000000090e+00
3.676569999999999894e+00 2.177499999999999991e-01 -3.629899999999999793e-01 -1.884099999999999941e-01 3.710570000000000146e+00 3.971999999999999836e-02 2.770699999999999830e-01 1.030900000000000011e-01 3.692530000000000090e+00
4.651279999999999859e+00 3.278699999999999948e-01 5.515099999999999447e-01 -2.962899999999999978e-01 4.682400000000000340e+00 -2.176000000000000156e-02 -4.281699999999999950e-01 -1.394499999999999906e-01 4.674850000000000172e+00
4.651279999999999859e+00 -3.278699999999999948e-01 5.515099999999999447e-01 2.962899999999999978e-01 4.682400000000000340e+00 2.176000000000000156e-02 -4.281699999999999950e-01 1.394499999999999906e-01 4.674850000000000172e+00
-2.284299999999999997e+00 -6.085599999999999898e-01 -1.329400000000000026e-01 -5.755400000000000515e-01 -2.561729999999999841e+00 -1.740099999999999980e-01 -5.131000000000000144e-02 -1.381499999999999950e-01 -1.802440000000000042e+00
-2.479579999999999895e+00 -5.596799999999999553e-01 -8.661000000000000643e-02 -6.384600000000000275e-01 -2.366659999999999986e+00 -1.704999999999999918e-02 -5.013000000000000095e-02 1.127000000000000050e-02 -1.801309999999999967e+00
-1.922789999999999999e+00 -5.131999999999999756e-02 9.561999999999999666e-02 -1.036299999999999999e-01 -1.731170000000000098e+00 -5.090999999999999692e-02 1.864099999999999924e-01 -6.461000000000000076e-02 -3.001009999999999955e+00
-2.284299999999999997e+00 -6.085599999999999898e-01 -1.329400000000000026e-01 -5.755400000000000515e-01 -2.561729999999999841e+00 -1.740099999999999980e-01 -5.131000000000000144e-02 -1.381499999999999950e-01 -1.802440000000000042e+00
-2.479579999999999895e+00 -5.596799999999999553e-01 -8.661000000000000643e-02 -6.384600000000000275e-01 -2.366659999999999986e+00 -1.704999999999999918e-02 -5.013000000000000095e-02 1.127000000000000050e-02 -1.801309999999999967e+00
-1.922789999999999999e+00 5.131999999999999756e-02 9.561999999999999666e-02 1.036299999999999999e-01 -1.731170000000000098e+00 5.090999999999999692e-02 1.864099999999999924e-01 6.461000000000000076e-02 -3.001009999999999955e+00
-1.922789999999999999e+00 -5.131999999999999756e-02 9.561999999999999666e-02 -1.036299999999999999e-01 -1.731170000000000098e+00 -5.090999999999999692e-02 1.864099999999999924e-01 -6.461000000000000076e-02 -3.001009999999999955e+00
-1.922789999999999999e+00 5.131999999999999756e-02 9.561999999999999666e-02 1.036299999999999999e-01 -1.731170000000000098e+00 5.090999999999999692e-02 1.864099999999999924e-01 6.461000000000000076e-02 -3.001009999999999955e+00
-2.284299999999999997e+00 6.085599999999999898e-01 -1.329400000000000026e-01 5.755400000000000515e-01 -2.561729999999999841e+00 1.740099999999999980e-01 -5.131000000000000144e-02 1.381499999999999950e-01 -1.802440000000000042e+00
-2.479579999999999895e+00 5.596799999999999553e-01 -8.661000000000000643e-02 6.384600000000000275e-01 -2.366659999999999986e+00 1.704999999999999918e-02 -5.013000000000000095e-02 -1.127000000000000050e-02 -1.801309999999999967e+00
-2.284299999999999997e+00 6.085599999999999898e-01 -1.329400000000000026e-01 5.755400000000000515e-01 -2.561729999999999841e+00 1.740099999999999980e-01 -5.131000000000000144e-02 1.381499999999999950e-01 -1.802440000000000042e+00
-2.479579999999999895e+00 5.596799999999999553e-01 -8.661000000000000643e-02 6.384600000000000275e-01 -2.366659999999999986e+00 1.704999999999999918e-02 -5.013000000000000095e-02 -1.127000000000000050e-02 -1.801309999999999967e+00
