2.817260000000000097e+00 -4.438999999999999890e-02 0.000000000000000000e+00 4.438999999999999890e-02 2.817260000000000097e+00 0.000000000000000000e+00 0.000000000000000000e+00 0.000000000000000000e+00 2.438029999999999919e+00
2.817260000000000097e+00 -4.438999999999999890e-02 0.000000000000000000e+00 4.438999999999999890e-02 2.817260000000000097e+00 0.000000000000000000e+00 0.000000000000000000e+00 0.000000000000000000e+00 2.438029999999999919e+00
5.259599999999999831e-01 -7.764600000000000390e-01 -6.103800000000000336e-01 -7.116999999999999993e-01 2.532119999999999926e+00 -3.104799999999999782e-01 -1.686300000000000021e-01 5.288000000000000478e-01 2.371070000000000011e+00
2.532119999999999926e+00 7.116999999999999993e-01 -3.104799999999999782e-01 7.764600000000000390e-01 5.259599999999999831e-01 6.103800000000000336e-01 5.288000000000000478e-01 1.686300000000000021e-01 2.371070000000000011e+00
5.259599999999999831e-01 -7.764600000000000390e-01 6.103800000000000336e-01 -7.116999999999999993e-01 2.532119999999999926e+00 3.104799999999999782e-01 1.686300000000000021e-01 -5.288000000000000478e-01 2.371070000000000011e+00
2.532119999999999926e+00 7.116999999999999993e-01 3.104799999999999782e-01 7.764600000000000390e-01 5.259599999999999831e-01 -6.103800000000000336e-01 -5.288000000000000478e-01 -1.686300000000000021e-01 2.371070000000000011e+00
-1.290489999999999915e+00 2.466000000000000136e-01 -5.653399999999999537e-01 1.920300000000000062e-01 -1.647180000000000089e+00 4.688300000000000245e-01 -4.846099999999999852e-01 5.932500000000000551e-01 -1.795039999999999969e+00
-1.647180000000000089e+00 -1.920300000000000062e-01 -4.688300000000000245e-01 -2.466000000000000136e-01 -1.290489999999999915e+00 -5.653399999999999537e-01 -5.932500000000000551e-01 -4.846099999999999852e-01 -1.795039999999999969e+00
-1.647180000000000089e+00 -1.920300000000000062e-01 4.688300000000000245e-01 -2.466000000000000136e-01 -1.290489999999999915e+00 5.653399999999999537e-01 5.932500000000000551e-01 4.846099999999999852e-01 -1.795039999999999969e+00
-1.290489999999999915e+00 2.466000000000000136e-01 5.653399999999999537e-01 1.920300000000000062e-01 -1.647180000000000089e+00 -4.688300000000000245e-01 4.846099999999999852e-01 -5.932500000000000551e-01 -1.795039999999999969e+00
-1.290489999999999915e+00 2.466000000000000136e-01 -5.653399999999999537e-01 1.920300000000000062e-01 -1.647180000000000089e+00 4.688300000000000245e-01 -4.846099999999999852e-01 5.932500000000000551e-01 -1.795039999999999969e+00
-1.647180000000000089e+00 -1.920300000000000062e-01 -4.688300000000000245e-01 -2.466000000000000136e-01 -1.290489999999999915e+00 -5.653399999999999537e-01 -5.932500000000000551e-01 -4.846099999999999852e-01 -1.795039999999999969e+00
-1.290489999999999915e+00 2.466000000000000136e-01 5.653399999999999537e-01 1.920300000000000062e-01 -1.647180000000000089e+00 -4.688300000000000245e-01 4.846099999999999852e-01 -5.932500000000000551e-01 -1.795039999999999969e+00
-1.647180000000000089e+00 -1.920300000000000062e-01 4.688300000000000245e-01 -2.466000000000000136e-01 -1.290489999999999915e+00 5.653399999999999537e-01 5.932500000000000551e-01 4.846099999999999852e-01 -1.795039999999999969e+00
