-3.055905452065849071e-02
-7.423151621302834929e-03
-6.660871189950676348e-03
1.813113239410919508e+00
2.423764504249105833e+00
2.626789226957167767e+00
2.982082071810595814e+00
3.217447762459423544e+00
3.318716511813557979e+00
3.446300525799201431e+00
3.684463890434136690e+00
4.807519365447532778e+00
5.040224577372583781e+00
5.304899532813839080e+00
5.652984649853302734e+00
5.932887699008569271e+00
6.582009361761747890e+00
7.694454321791571516e+00
8.131927964798215669e+00
8.686621319393577068e+00
9.032760943622394123e+00
1.160763977721900275e+01
1.182532708178479908e+01
1.234711129333067881e+01
1.651584131998684413e+01
1.661749146551482426e+01
1.701606500250257525e+01
1.747049368735109098e+01
1.750704038878589230e+01
2.419798892334127416e+01
