1.216709999999999958e+00 -5.859000000000000319e-02 2.386999999999999886e-02 8.410000000000000808e-03 1.189179999999999904e+00 9.499999999999999981e-04 -3.230999999999999844e-02 1.719000000000000042e-02 1.211270000000000069e+00
9.841499999999999693e-01 -2.180000000000000080e-03 -6.960000000000000041e-03 -5.804999999999999744e-02 1.237679999999999891e+00 1.237000000000000079e-02 -1.013000000000000012e-02 -4.016000000000000125e-02 1.222949999999999982e+00
1.279570000000000096e+00 -5.648999999999999855e-02 -1.007200000000000040e-01 -8.210000000000000631e-02 1.069930000000000048e+00 -5.899000000000000077e-02 -1.504999999999999914e-02 -9.989000000000000656e-02 1.146309999999999940e+00
1.279570000000000096e+00 5.648999999999999855e-02 -1.007200000000000040e-01 8.210000000000000631e-02 1.069930000000000048e+00 5.899000000000000077e-02 -1.504999999999999914e-02 9.989000000000000656e-02 1.146309999999999940e+00
9.841499999999999693e-01 2.180000000000000080e-03 -6.960000000000000041e-03 5.804999999999999744e-02 1.237679999999999891e+00 -1.237000000000000079e-02 -1.013000000000000012e-02 4.016000000000000125e-02 1.222949999999999982e+00
1.216709999999999958e+00 5.859000000000000319e-02 2.386999999999999886e-02 -8.410000000000000808e-03 1.189179999999999904e+00 -9.499999999999999981e-04 -3.230999999999999844e-02 -1.719000000000000042e-02 1.211270000000000069e+00
1.216709999999999958e+00 5.859000000000000319e-02 2.386999999999999886e-02 -8.410000000000000808e-03 1.189179999999999904e+00 -9.499999999999999981e-04 -3.230999999999999844e-02 -1.719000000000000042e-02 1.211270000000000069e+00
9.841499999999999693e-01 2.180000000000000080e-03 -6.960000000000000041e-03 5.804999999999999744e-02 1.237679999999999891e+00 -1.237000000000000079e-02 -1.013000000000000012e-02 4.016000000000000125e-02 1.222949999999999982e+00
1.279570000000000096e+00 5.648999999999999855e-02 -1.007200000000000040e-01 8.210000000000000631e-02 1.069930000000000048e+00 5.899000000000000077e-02 -1.504999999999999914e-02 9.989000000000000656e-02 1.146309999999999940e+00
1.279570000000000096e+00 -5.648999999999999855e-02 -1.007200000000000040e-01 -8.210000000000000631e-02 1.069930000000000048e+00 -5.899000000000000077e-02 -1.504999999999999914e-02 -9.989000000000000656e-02 1.146309999999999940e+00
9.841499999999999693e-01 -2.180000000000000080e-03 -6.960000000000000041e-03 -5.804999999999999744e-02 1.237679999999999891e+00 1.237000000000000079e-02 -1.013000000000000012e-02 -4.016000000000000125e-02 1.222949999999999982e+00
1.216709999999999958e+00 -5.859000000000000319e-02 2.386999999999999886e-02 8.410000000000000808e-03 1.189179999999999904e+00 9.499999999999999981e-04 -3.230999999999999844e-02 1.719000000000000042e-02 1.211270000000000069e+00
2.278570000000000206e+00 3.926799999999999735e-01 5.443500000000000005e-01 3.823900000000000077e-01 2.442919999999999980e+00 -1.133099999999999941e-01 5.195899999999999963e-01 -1.425500000000000100e-01 2.274030000000000218e+00
2.278570000000000206e+00 -3.926799999999999735e-01 5.443500000000000005e-01 -3.823900000000000077e-01 2.442919999999999980e+00 1.133099999999999941e-01 5.195899999999999963e-01 1.425500000000000100e-01 2.274030000000000218e+00
2.278570000000000206e+00 -3.926799999999999735e-01 5.443500000000000005e-01 -3.823900000000000077e-01 2.442919999999999980e+00 1.133099999999999941e-01 5.195899999999999963e-01 1.425500000000000100e-01 2.274030000000000218e+00
2.278570000000000206e+00 3.926799999999999735e-01 5.443500000000000005e-01 3.823900000000000077e-01 2.442919999999999980e+00 -1.133099999999999941e-01 5.195899999999999963e-01 -1.425500000000000100e-01 2.274030000000000218e+00
-1.731859999999999955e+00 -2.892299999999999871e-01 3.212999999999999884e-02 -2.941599999999999770e-01 -2.362420000000000186e+00 1.204500000000000015e-01 -3.545999999999999847e-02 7.946999999999999897e-02 -1.730569999999999942e+00
-2.099209999999999798e+00 -1.858400000000000052e-01 -5.716999999999999860e-02 -8.157999999999999974e-02 -1.664330000000000087e+00 -2.687499999999999889e-01 -2.411999999999999908e-02 -2.214899999999999924e-01 -2.040779999999999816e+00
-1.927929999999999922e+00 1.980699999999999961e-01 -4.355100000000000082e-01 1.694400000000000073e-01 -1.912959999999999994e+00 1.979599999999999971e-01 -4.025099999999999789e-01 2.468400000000000039e-01 -2.083209999999999784e+00
-1.927929999999999922e+00 -1.980699999999999961e-01 -4.355100000000000082e-01 -1.694400000000000073e-01 -1.912959999999999994e+00 -1.979599999999999971e-01 -4.025099999999999789e-01 -2.468400000000000039e-01 -2.083209999999999784e+00
-2.099209999999999798e+00 1.858400000000000052e-01 -5.716999999999999860e-02 8.157999999999999974e-02 -1.664330000000000087e+00 2.687499999999999889e-01 -2.411999999999999908e-02 2.214899999999999924e-01 -2.040779999999999816e+00
-1.731859999999999955e+00 2.892299999999999871e-01 3.212999999999999884e-02 2.941599999999999770e-01 -2.362420000000000186e+00 -1.204500000000000015e-01 -3.545999999999999847e-02 -7.946999999999999897e-02 -1.730569999999999942e+00
-1.731859999999999955e+00 2.892299999999999871e-01 3.212999999999999884e-02 2.941599999999999770e-01 -2.362420000000000186e+00 -1.204500000000000015e-01 -3.545999999999999847e-02 -7.946999999999999897e-02 -1.730569999999999942e+00
-2.099209999999999798e+00 1.858400000000000052e-01 -5.716999999999999860e-02 8.157999999999999974e-02 -1.664330000000000087e+00 2.687499999999999889e-01 -2.411999999999999908e-02 2.214899999999999924e-01 -2.040779999999999816e+00
-1.927929999999999922e+00 -1.980699999999999961e-01 -4.355100000000000082e-01 -1.694400000000000073e-01 -1.912959999999999994e+00 -1.979599999999999971e-01 -4.025099999999999789e-01 -2.468400000000000039e-01 -2.083209999999999784e+00
-1.927929999999999922e+00 1.980699999999999961e-01 -4.355100000000000082e-01 1.694400000000000073e-01 -1.912959999999999994e+00 1.979599999999999971e-01 -4.025099999999999789e-01 2.468400000000000039e-01 -2.083209999999999784e+00
-2.099209999999999798e+00 -1.858400000000000052e-01 -5.716999999999999860e-02 -8.157999999999999974e-02 -1.664330000000000087e+00 -2.687499999999999889e-01 -2.411999999999999908e-02 -2.214899999999999924e-01 -2.040779999999999816e+00
-1.731859999999999955e+00 -2.892299999999999871e-01 3.212999999999999884e-02 -2.941599999999999770e-01 -2.362420000000000186e+00 1.204500000000000015e-01 -3.545999999999999847e-02 7.946999999999999897e-02 -1.730569999999999942e+00
