-3.037867412514338311e-02
-3.037855064805095040e-02
-1.633440998708825947e-02
1.872863840590571316e+00
2.593886954395657529e+00
2.864183659609470745e+00
2.864183660867222869e+00
3.116986938052928480e+00
3.116986939147661673e+00
3.177853826663360692e+00
3.177853826903731527e+00
3.422789311689252933e+00
3.501163612964699023e+00
3.680465346481077482e+00
3.680465347205241766e+00
3.842485478099944451e+00
3.842485478950272704e+00
3.947534793737537129e+00
3.997563988539941437e+00
3.997563988611336327e+00
4.514307068321650185e+00
4.580686979491981781e+00
4.580686981171679939e+00
4.873854567501189727e+00
5.014095495349129017e+00
5.138056624278170226e+00
5.352773743788706184e+00
5.352773744989842264e+00
5.394284332191505271e+00
5.515812215226364223e+00
5.515812215532267970e+00
5.677050905864797770e+00
5.915368814790681107e+00
5.915368815049607321e+00
5.939487243557085350e+00
5.939487244366817187e+00
1.086834549443487674e+01
1.086834549445394416e+01
1.119716018697407378e+01
1.119716018736348673e+01
1.353128001609692532e+01
1.353128001693251825e+01
1.359578756052697912e+01
1.359578756059431015e+01
1.745311973064914568e+01
1.745319736882804307e+01
1.773384755873221508e+01
1.774234813795309051e+01
2.019449199813409734e+01
2.019449199813944062e+01
2.061817290837516836e+01
2.061817290837958794e+01
2.083711059126073550e+01
2.173090096463597476e+01
2.219239073558876996e+01
2.221496322758409292e+01
2.781206118091538571e+01
2.781206118109058067e+01
2.796518773231820632e+01
2.796518773248169509e+01
3.213706518095522569e+01
3.213731987034012150e+01
3.550548390607382743e+01
3.550548390622458328e+01
3.609888879609258083e+01
3.609888879621014723e+01
4.179420818038921936e+01
4.179420818046683195e+01
4.216120115861900075e+01
4.216120115865284390e+01
4.514652080390934685e+01
4.527948383862534598e+01
