1.006340000000000012e+00 3.762999999999999678e-02 4.219999999999999793e-03 -1.403000000000000080e-02 1.023099999999999898e+00 -6.859999999999999779e-03 1.678999999999999937e-02 2.956999999999999906e-02 1.038980000000000015e+00
1.006340000000000012e+00 -3.762999999999999678e-02 -4.219999999999999793e-03 1.403000000000000080e-02 1.023099999999999898e+00 -6.859999999999999779e-03 -1.678999999999999937e-02 2.956999999999999906e-02 1.038980000000000015e+00
1.006340000000000012e+00 3.762999999999999678e-02 -4.219999999999999793e-03 -1.403000000000000080e-02 1.023099999999999898e+00 6.859999999999999779e-03 -1.678999999999999937e-02 -2.956999999999999906e-02 1.038980000000000015e+00
1.006340000000000012e+00 -3.762999999999999678e-02 4.219999999999999793e-03 1.403000000000000080e-02 1.023099999999999898e+00 6.859999999999999779e-03 1.678999999999999937e-02 -2.956999999999999906e-02 1.038980000000000015e+00
2.653179999999999872e+00 -2.783200000000000118e-01 7.020999999999999464e-02 2.764099999999999890e-01 2.511899999999999800e+00 3.041099999999999914e-01 -1.101400000000000018e-01 -2.950800000000000090e-01 2.605830000000000091e+00
2.653179999999999872e+00 -2.783200000000000118e-01 -7.020999999999999464e-02 2.764099999999999890e-01 2.511899999999999800e+00 -3.041099999999999914e-01 1.101400000000000018e-01 2.950800000000000090e-01 2.605830000000000091e+00
2.653179999999999872e+00 2.783200000000000118e-01 -7.020999999999999464e-02 -2.764099999999999890e-01 2.511899999999999800e+00 3.041099999999999914e-01 1.101400000000000018e-01 -2.950800000000000090e-01 2.605830000000000091e+00
2.653179999999999872e+00 2.783200000000000118e-01 7.020999999999999464e-02 -2.764099999999999890e-01 2.511899999999999800e+00 -3.041099999999999914e-01 -1.101400000000000018e-01 2.950800000000000090e-01 2.605830000000000091e+00
-1.349409999999999998e+00 7.857999999999999707e-02 1.356600000000000028e-01 2.527800000000000047e-01 -1.775600000000000067e+00 -4.692299999999999804e-01 1.754999999999999893e-01 -5.001299999999999635e-01 -2.267209999999999948e+00
-1.349409999999999998e+00 7.857999999999999707e-02 -1.356600000000000028e-01 2.527800000000000047e-01 -1.775600000000000067e+00 4.692299999999999804e-01 -1.754999999999999893e-01 5.001299999999999635e-01 -2.267209999999999948e+00
-1.349409999999999998e+00 -7.857999999999999707e-02 -1.356600000000000028e-01 -2.527800000000000047e-01 -1.775600000000000067e+00 -4.692299999999999804e-01 -1.754999999999999893e-01 -5.001299999999999635e-01 -2.267209999999999948e+00
-1.349409999999999998e+00 -7.857999999999999707e-02 1.356600000000000028e-01 -2.527800000000000047e-01 -1.775600000000000067e+00 4.692299999999999804e-01 1.754999999999999893e-01 5.001299999999999635e-01 -2.267209999999999948e+00
-2.310099999999999820e+00 4.885399999999999743e-01 -6.626999999999999558e-02 5.217300000000000271e-01 -1.759400000000000075e+00 -7.507999999999999396e-02 -1.536999999999999998e-02 -9.660000000000000531e-02 -1.377599999999999936e+00
-2.310099999999999820e+00 -4.885399999999999743e-01 -6.626999999999999558e-02 -5.217300000000000271e-01 -1.759400000000000075e+00 7.507999999999999396e-02 -1.536999999999999998e-02 9.660000000000000531e-02 -1.377599999999999936e+00
-2.310099999999999820e+00 -4.885399999999999743e-01 6.626999999999999558e-02 -5.217300000000000271e-01 -1.759400000000000075e+00 -7.507999999999999396e-02 1.536999999999999998e-02 -9.660000000000000531e-02 -1.377599999999999936e+00
-2.310099999999999820e+00 4.885399999999999743e-01 6.626999999999999558e-02 5.217300000000000271e-01 -1.759400000000000075e+00 7.507999999999999396e-02 1.536999999999999998e-02 9.660000000000000531e-02 -1.377599999999999936e+00
