1.269160000000000066e+00 0.000000000000000000e+00 6.008000000000000146e-02 0.000000000000000000e+00 9.229600000000000026e-01 -0.000000000000000000e+00 3.810000000000000019e-03 -0.000000000000000000e+00 9.934800000000000297e-01
1.053460000000000063e+00 0.000000000000000000e+00 -1.562000000000000020e-02 0.000000000000000000e+00 1.183829999999999938e+00 -0.000000000000000000e+00 -7.479999999999999670e-03 -0.000000000000000000e+00 1.005079999999999973e+00
1.269160000000000066e+00 0.000000000000000000e+00 6.008000000000000146e-02 0.000000000000000000e+00 9.229600000000000026e-01 -0.000000000000000000e+00 3.810000000000000019e-03 -0.000000000000000000e+00 9.934800000000000297e-01
1.053460000000000063e+00 0.000000000000000000e+00 -1.562000000000000020e-02 0.000000000000000000e+00 1.183829999999999938e+00 -0.000000000000000000e+00 -7.479999999999999670e-03 -0.000000000000000000e+00 1.005079999999999973e+00
4.188839999999999897e+00 0.000000000000000000e+00 -1.244500000000000051e-01 0.000000000000000000e+00 5.161069999999999602e+00 -0.000000000000000000e+00 -5.995000000000000329e-02 -0.000000000000000000e+00 5.859969999999999679e+00
4.188839999999999897e+00 0.000000000000000000e+00 -1.244500000000000051e-01 0.000000000000000000e+00 5.161069999999999602e+00 -0.000000000000000000e+00 -5.995000000000000329e-02 -0.000000000000000000e+00 5.859969999999999679e+00
-2.288050000000000139e+00 -1.088500000000000023e-01 3.650999999999999801e-01 -9.439000000000000168e-02 -2.136649999999999938e+00 -6.004500000000000393e-01 3.887200000000000100e-01 -6.359599999999999698e-01 -2.606770000000000032e+00
-2.288050000000000139e+00 1.088500000000000023e-01 3.650999999999999801e-01 9.439000000000000168e-02 -2.136649999999999938e+00 6.004500000000000393e-01 3.887200000000000100e-01 6.359599999999999698e-01 -2.606770000000000032e+00
-1.935349999999999904e+00 8.186700000000000088e-01 -6.502200000000000202e-01 8.208600000000000341e-01 -2.994559999999999889e+00 1.192989999999999995e+00 -7.138200000000000101e-01 1.181079999999999908e+00 -2.644989999999999952e+00
-2.288050000000000139e+00 -1.088500000000000023e-01 3.650999999999999801e-01 -9.439000000000000168e-02 -2.136649999999999938e+00 -6.004500000000000393e-01 3.887200000000000100e-01 -6.359599999999999698e-01 -2.606770000000000032e+00
-1.935349999999999904e+00 -8.186700000000000088e-01 -6.502200000000000202e-01 -8.208600000000000341e-01 -2.994559999999999889e+00 -1.192989999999999995e+00 -7.138200000000000101e-01 -1.181079999999999908e+00 -2.644989999999999952e+00
-2.288050000000000139e+00 1.088500000000000023e-01 3.650999999999999801e-01 9.439000000000000168e-02 -2.136649999999999938e+00 6.004500000000000393e-01 3.887200000000000100e-01 6.359599999999999698e-01 -2.606770000000000032e+00
