-6.572294210970366923e-02
-3.270823516471416115e-02
-2.241897292680506554e-02
1.595813965836906601e+00
1.977959248373476697e+00
2.170113230380561031e+00
2.317490137875770628e+00
2.410202024143351274e+00
2.639508709040580658e+00
2.698890525776320271e+00
2.911731106709683825e+00
3.006580987191415755e+00
3.254802531130625010e+00
3.292687734381748665e+00
3.316064311954098898e+00
3.523557364259084501e+00
3.621610682521047231e+00
3.931590268677259470e+00
4.038442947288023888e+00
4.052716445532619893e+00
4.061072222040553292e+00
4.311226594794779210e+00
4.419867733232120344e+00
4.620713796429207321e+00
4.627559796962245287e+00
4.907909374631930000e+00
4.980951029470786828e+00
5.361013406648599045e+00
5.388775229499036534e+00
5.485141397642538941e+00
5.534930634652263315e+00
5.611218703423578980e+00
5.678885386624783926e+00
5.854875003958935231e+00
5.973672122244536808e+00
6.246511858963033070e+00
7.579407216007679970e+00
7.924617260607005775e+00
8.153865481152287487e+00
8.281122779590887717e+00
8.295709994999803882e+00
8.474308833483384262e+00
8.880211213082516153e+00
9.119721390165864250e+00
9.317700662082085472e+00
9.769521554224100512e+00
1.709120232360369940e+01
1.714063409693813966e+01
1.734563369074418304e+01
1.742977906527798027e+01
1.767208813312080551e+01
1.875380001433155286e+01
2.133265995934036141e+01
2.138340783796082079e+01
