2.069300000000000139e+00 4.161000000000000115e-02 0.000000000000000000e+00 -1.341000000000000004e-02 2.014629999999999921e+00 0.000000000000000000e+00 -0.000000000000000000e+00 -0.000000000000000000e+00 2.253600000000000048e+00
2.069300000000000139e+00 -4.161000000000000115e-02 0.000000000000000000e+00 1.341000000000000004e-02 2.014629999999999921e+00 0.000000000000000000e+00 -0.000000000000000000e+00 0.000000000000000000e+00 2.253600000000000048e+00
2.069300000000000139e+00 4.161000000000000115e-02 0.000000000000000000e+00 -1.341000000000000004e-02 2.014629999999999921e+00 0.000000000000000000e+00 -0.000000000000000000e+00 -0.000000000000000000e+00 2.253600000000000048e+00
2.069300000000000139e+00 -4.161000000000000115e-02 0.000000000000000000e+00 1.341000000000000004e-02 2.014629999999999921e+00 0.000000000000000000e+00 -0.000000000000000000e+00 0.000000000000000000e+00 2.253600000000000048e+00
2.264580000000000037e+00 -4.936000000000000110e-02 0.000000000000000000e+00 8.290000000000000147e-02 2.129890000000000061e+00 0.000000000000000000e+00 0.000000000000000000e+00 0.000000000000000000e+00 1.587579999999999991e+00
2.264580000000000037e+00 4.936000000000000110e-02 0.000000000000000000e+00 -8.290000000000000147e-02 2.129890000000000061e+00 0.000000000000000000e+00 0.000000000000000000e+00 0.000000000000000000e+00 1.587579999999999991e+00
2.429399999999999782e+00 3.976500000000000035e-01 -0.000000000000000000e+00 4.583499999999999797e-01 1.531779999999999919e+00 -0.000000000000000000e+00 0.000000000000000000e+00 0.000000000000000000e+00 2.270589999999999886e+00
2.429399999999999782e+00 -3.976500000000000035e-01 -0.000000000000000000e+00 -4.583499999999999797e-01 1.531779999999999919e+00 0.000000000000000000e+00 0.000000000000000000e+00 0.000000000000000000e+00 2.270589999999999886e+00
2.429399999999999782e+00 3.976500000000000035e-01 -0.000000000000000000e+00 4.583499999999999797e-01 1.531779999999999919e+00 -0.000000000000000000e+00 0.000000000000000000e+00 0.000000000000000000e+00 2.270589999999999886e+00
2.429399999999999782e+00 -3.976500000000000035e-01 -0.000000000000000000e+00 -4.583499999999999797e-01 1.531779999999999919e+00 0.000000000000000000e+00 0.000000000000000000e+00 0.000000000000000000e+00 2.270589999999999886e+00
-1.620030000000000081e+00 1.626000000000000015e-02 3.237499999999999822e-01 4.651999999999999885e-02 -1.451950000000000074e+00 -2.369900000000000062e-01 3.253300000000000081e-01 -9.106000000000000205e-02 -2.034749999999999837e+00
-1.620030000000000081e+00 -1.626000000000000015e-02 -3.237499999999999822e-01 -4.651999999999999885e-02 -1.451950000000000074e+00 -2.369900000000000062e-01 -3.253300000000000081e-01 -9.106000000000000205e-02 -2.034749999999999837e+00
-1.620030000000000081e+00 1.626000000000000015e-02 -3.237499999999999822e-01 4.651999999999999885e-02 -1.451950000000000074e+00 2.369900000000000062e-01 -3.253300000000000081e-01 9.106000000000000205e-02 -2.034749999999999837e+00
-1.620030000000000081e+00 1.626000000000000015e-02 3.237499999999999822e-01 4.651999999999999885e-02 -1.451950000000000074e+00 -2.369900000000000062e-01 3.253300000000000081e-01 -9.106000000000000205e-02 -2.034749999999999837e+00
-1.620030000000000081e+00 -1.626000000000000015e-02 3.237499999999999822e-01 -4.651999999999999885e-02 -1.451950000000000074e+00 2.369900000000000062e-01 3.253300000000000081e-01 9.106000000000000205e-02 -2.034749999999999837e+00
-1.620030000000000081e+00 -1.626000000000000015e-02 -3.237499999999999822e-01 -4.651999999999999885e-02 -1.451950000000000074e+00 -2.369900000000000062e-01 -3.253300000000000081e-01 -9.106000000000000205e-02 -2.034749999999999837e+00
-2.390930000000000000e+00 1.521699999999999997e-01 -0.000000000000000000e+00 1.897199999999999998e-01 -1.707440000000000069e+00 0.000000000000000000e+00 0.000000000000000000e+00 0.000000000000000000e+00 -1.248480000000000034e+00
-2.390930000000000000e+00 -1.521699999999999997e-01 -0.000000000000000000e+00 -1.897199999999999998e-01 -1.707440000000000069e+00 0.000000000000000000e+00 0.000000000000000000e+00 0.000000000000000000e+00 -1.248480000000000034e+00
-2.390930000000000000e+00 -1.521699999999999997e-01 -0.000000000000000000e+00 -1.897199999999999998e-01 -1.707440000000000069e+00 0.000000000000000000e+00 0.000000000000000000e+00 0.000000000000000000e+00 -1.248480000000000034e+00
-2.390930000000000000e+00 1.521699999999999997e-01 -0.000000000000000000e+00 1.897199999999999998e-01 -1.707440000000000069e+00 0.000000000000000000e+00 0.000000000000000000e+00 0.000000000000000000e+00 -1.248480000000000034e+00
-1.620030000000000081e+00 1.626000000000000015e-02 -3.237499999999999822e-01 4.651999999999999885e-02 -1.451950000000000074e+00 2.369900000000000062e-01 -3.253300000000000081e-01 9.106000000000000205e-02 -2.034749999999999837e+00
-1.620030000000000081e+00 -1.626000000000000015e-02 3.237499999999999822e-01 -4.651999999999999885e-02 -1.451950000000000074e+00 2.369900000000000062e-01 3.253300000000000081e-01 9.106000000000000205e-02 -2.034749999999999837e+00
