1.206669999999999909e+00 9.832000000000000461e-02 4.823000000000000204e-02 1.165800000000000031e-01 1.264769999999999950e+00 4.014999999999999819e-02 4.436999999999999972e-02 1.511999999999999976e-02 1.129229999999999956e+00
1.206669999999999909e+00 -9.832000000000000461e-02 4.823000000000000204e-02 -1.165800000000000031e-01 1.264769999999999950e+00 -4.014999999999999819e-02 4.436999999999999972e-02 -1.511999999999999976e-02 1.129229999999999956e+00
1.206669999999999909e+00 9.832000000000000461e-02 4.823000000000000204e-02 1.165800000000000031e-01 1.264769999999999950e+00 4.014999999999999819e-02 4.436999999999999972e-02 1.511999999999999976e-02 1.129229999999999956e+00
1.206669999999999909e+00 -9.832000000000000461e-02 4.823000000000000204e-02 -1.165800000000000031e-01 1.264769999999999950e+00 -4.014999999999999819e-02 4.436999999999999972e-02 -1.511999999999999976e-02 1.129229999999999956e+00
1.956450000000000022e+00 -1.339299999999999935e-01 2.544000000000000081e-02 -2.384600000000000053e-01 1.894269999999999898e+00 1.023700000000000027e-01 2.058000000000000107e-02 2.653400000000000203e-01 1.801080000000000014e+00
1.956450000000000022e+00 1.339299999999999935e-01 2.544000000000000081e-02 2.384600000000000053e-01 1.894269999999999898e+00 -1.023700000000000027e-01 2.058000000000000107e-02 -2.653400000000000203e-01 1.801080000000000014e+00
1.956450000000000022e+00 -1.339299999999999935e-01 2.544000000000000081e-02 -2.384600000000000053e-01 1.894269999999999898e+00 1.023700000000000027e-01 2.058000000000000107e-02 2.653400000000000203e-01 1.801080000000000014e+00
1.758010000000000073e+00 0.000000000000000000e+00 -6.267000000000000348e-02 0.000000000000000000e+00 1.308969999999999967e+00 0.000000000000000000e+00 -8.846999999999999309e-02 0.000000000000000000e+00 2.304969999999999963e+00
1.758010000000000073e+00 0.000000000000000000e+00 -6.267000000000000348e-02 0.000000000000000000e+00 1.308969999999999967e+00 0.000000000000000000e+00 -8.846999999999999309e-02 0.000000000000000000e+00 2.304969999999999963e+00
1.956450000000000022e+00 1.339299999999999935e-01 2.544000000000000081e-02 2.384600000000000053e-01 1.894269999999999898e+00 -1.023700000000000027e-01 2.058000000000000107e-02 -2.653400000000000203e-01 1.801080000000000014e+00
-1.731740000000000057e+00 2.530299999999999772e-01 3.760999999999999760e-02 3.362299999999999733e-01 -2.231100000000000083e+00 4.284200000000000230e-01 5.489999999999999741e-02 3.726499999999999813e-01 -2.107310000000000016e+00
-2.310379999999999878e+00 3.261499999999999955e-01 -7.994999999999999329e-02 2.342700000000000060e-01 -1.582430000000000003e+00 8.458000000000000240e-02 -7.562000000000000666e-02 1.899999999999999953e-02 -1.975489999999999968e+00
-2.310379999999999878e+00 -3.261499999999999955e-01 -7.994999999999999329e-02 -2.342700000000000060e-01 -1.582430000000000003e+00 -8.458000000000000240e-02 -7.562000000000000666e-02 -1.899999999999999953e-02 -1.975489999999999968e+00
-2.310379999999999878e+00 3.261499999999999955e-01 -7.994999999999999329e-02 2.342700000000000060e-01 -1.582430000000000003e+00 8.458000000000000240e-02 -7.562000000000000666e-02 1.899999999999999953e-02 -1.975489999999999968e+00
-1.731740000000000057e+00 -2.530299999999999772e-01 3.760999999999999760e-02 -3.362299999999999733e-01 -2.231100000000000083e+00 -4.284200000000000230e-01 5.489999999999999741e-02 -3.726499999999999813e-01 -2.107310000000000016e+00
-1.731740000000000057e+00 2.530299999999999772e-01 3.760999999999999760e-02 3.362299999999999733e-01 -2.231100000000000083e+00 4.284200000000000230e-01 5.489999999999999741e-02 3.726499999999999813e-01 -2.107310000000000016e+00
-1.731740000000000057e+00 -2.530299999999999772e-01 3.760999999999999760e-02 -3.362299999999999733e-01 -2.231100000000000083e+00 -4.284200000000000230e-01 5.489999999999999741e-02 -3.726499999999999813e-01 -2.107310000000000016e+00
-2.310379999999999878e+00 -3.261499999999999955e-01 -7.994999999999999329e-02 -2.342700000000000060e-01 -1.582430000000000003e+00 -8.458000000000000240e-02 -7.562000000000000666e-02 -1.899999999999999953e-02 -1.975489999999999968e+00
