3.062759999999999927e+00 -2.040000000000000147e-02 0.000000000000000000e+00 2.040000000000000147e-02 3.062759999999999927e+00 -0.000000000000000000e+00 0.000000000000000000e+00 0.000000000000000000e+00 1.734850000000000003e+00
3.062759999999999927e+00 -2.040000000000000147e-02 0.000000000000000000e+00 2.040000000000000147e-02 3.062759999999999927e+00 -0.000000000000000000e+00 0.000000000000000000e+00 0.000000000000000000e+00 1.734850000000000003e+00
3.054980000000000029e+00 1.229699999999999960e-01 0.000000000000000000e+00 -1.229699999999999960e-01 3.054980000000000029e+00 0.000000000000000000e+00 0.000000000000000000e+00 0.000000000000000000e+00 2.218799999999999883e+00
3.054980000000000029e+00 1.229699999999999960e-01 -0.000000000000000000e+00 -1.229699999999999960e-01 3.054980000000000029e+00 0.000000000000000000e+00 0.000000000000000000e+00 -0.000000000000000000e+00 2.218799999999999883e+00
3.054980000000000029e+00 1.229699999999999960e-01 -0.000000000000000000e+00 -1.229699999999999960e-01 3.054980000000000029e+00 0.000000000000000000e+00 0.000000000000000000e+00 0.000000000000000000e+00 2.218799999999999883e+00
3.054980000000000029e+00 1.229699999999999960e-01 0.000000000000000000e+00 -1.229699999999999960e-01 3.054980000000000029e+00 -0.000000000000000000e+00 0.000000000000000000e+00 -0.000000000000000000e+00 2.218799999999999883e+00
2.908770000000000078e+00 -2.391699999999999937e-01 0.000000000000000000e+00 2.391699999999999937e-01 2.908770000000000078e+00 0.000000000000000000e+00 -0.000000000000000000e+00 -0.000000000000000000e+00 3.792940000000000200e+00
2.908770000000000078e+00 -2.391699999999999937e-01 -0.000000000000000000e+00 2.391699999999999937e-01 2.908770000000000078e+00 -0.000000000000000000e+00 0.000000000000000000e+00 0.000000000000000000e+00 3.792940000000000200e+00
5.181820000000000093e+00 -7.575999999999999401e-02 -0.000000000000000000e+00 7.575999999999999401e-02 5.181820000000000093e+00 0.000000000000000000e+00 -0.000000000000000000e+00 -0.000000000000000000e+00 4.571139999999999759e+00
5.181820000000000093e+00 -7.575999999999999401e-02 0.000000000000000000e+00 7.575999999999999401e-02 5.181820000000000093e+00 -0.000000000000000000e+00 0.000000000000000000e+00 -0.000000000000000000e+00 4.571139999999999759e+00
5.181820000000000093e+00 -7.575999999999999401e-02 -0.000000000000000000e+00 7.575999999999999401e-02 5.181820000000000093e+00 0.000000000000000000e+00 -0.000000000000000000e+00 -0.000000000000000000e+00 4.571139999999999759e+00
5.181820000000000093e+00 -7.575999999999999401e-02 0.000000000000000000e+00 7.575999999999999401e-02 5.181820000000000093e+00 -0.000000000000000000e+00 0.000000000000000000e+00 -0.000000000000000000e+00 4.571139999999999759e+00
-2.537850000000000161e+00 -7.217599999999999572e-01 0.000000000000000000e+00 -7.296200000000000463e-01 -2.317579999999999973e+00 -0.000000000000000000e+00 0.000000000000000000e+00 0.000000000000000000e+00 -2.371910000000000185e+00
-1.744180000000000064e+00 2.713999999999999746e-01 -0.000000000000000000e+00 2.635399999999999965e-01 -3.111250000000000071e+00 0.000000000000000000e+00 0.000000000000000000e+00 0.000000000000000000e+00 -2.371910000000000185e+00
-3.001119999999999788e+00 4.621600000000000152e-01 -0.000000000000000000e+00 4.542900000000000271e-01 -1.854309999999999903e+00 0.000000000000000000e+00 0.000000000000000000e+00 0.000000000000000000e+00 -2.371910000000000185e+00
-3.001119999999999788e+00 4.621600000000000152e-01 -0.000000000000000000e+00 4.542900000000000271e-01 -1.854309999999999903e+00 0.000000000000000000e+00 0.000000000000000000e+00 0.000000000000000000e+00 -2.371910000000000185e+00
-1.744180000000000064e+00 2.713999999999999746e-01 -0.000000000000000000e+00 2.635399999999999965e-01 -3.111250000000000071e+00 0.000000000000000000e+00 0.000000000000000000e+00 0.000000000000000000e+00 -2.371910000000000185e+00
-2.537850000000000161e+00 -7.217599999999999572e-01 0.000000000000000000e+00 -7.296200000000000463e-01 -2.317579999999999973e+00 -0.000000000000000000e+00 0.000000000000000000e+00 0.000000000000000000e+00 -2.371910000000000185e+00
-2.522040000000000060e+00 -8.432100000000000151e-01 7.396200000000000552e-01 -8.943200000000000038e-01 -2.531950000000000145e+00 5.953199999999999603e-01 8.762699999999999934e-01 6.589199999999999502e-01 -1.998660000000000103e+00
-1.777109999999999967e+00 4.642299999999999760e-01 -1.457499999999999907e-01 4.131199999999999872e-01 -3.276889999999999858e+00 9.381899999999999684e-01 -1.325000000000000067e-01 1.088330000000000020e+00 -1.998660000000000103e+00
-3.281849999999999934e+00 4.556499999999999995e-01 8.853699999999999903e-01 4.045300000000000007e-01 -1.772149999999999892e+00 -3.428700000000000081e-01 1.008769999999999945e+00 -4.294100000000000139e-01 -1.998660000000000103e+00
-3.281849999999999934e+00 4.556499999999999995e-01 -8.853699999999999903e-01 4.045300000000000007e-01 -1.772149999999999892e+00 3.428700000000000081e-01 -1.008769999999999945e+00 4.294100000000000139e-01 -1.998660000000000103e+00
-1.777109999999999967e+00 4.642299999999999760e-01 1.457499999999999907e-01 4.131199999999999872e-01 -3.276889999999999858e+00 -9.381899999999999684e-01 1.325000000000000067e-01 -1.088330000000000020e+00 -1.998660000000000103e+00
-2.522040000000000060e+00 -8.432100000000000151e-01 -7.396200000000000552e-01 -8.943200000000000038e-01 -2.531950000000000145e+00 -5.953199999999999603e-01 -8.762699999999999934e-01 -6.589199999999999502e-01 -1.998660000000000103e+00
-2.522040000000000060e+00 -8.432100000000000151e-01 7.396200000000000552e-01 -8.943200000000000038e-01 -2.531950000000000145e+00 5.953199999999999603e-01 8.762699999999999934e-01 6.589199999999999502e-01 -1.998660000000000103e+00
-1.777109999999999967e+00 4.642299999999999760e-01 -1.457499999999999907e-01 4.131199999999999872e-01 -3.276889999999999858e+00 9.381899999999999684e-01 -1.325000000000000067e-01 1.088330000000000020e+00 -1.998660000000000103e+00
-3.281849999999999934e+00 4.556499999999999995e-01 8.853699999999999903e-01 4.045300000000000007e-01 -1.772149999999999892e+00 -3.428700000000000081e-01 1.008769999999999945e+00 -4.294100000000000139e-01 -1.998660000000000103e+00
-3.281849999999999934e+00 4.556499999999999995e-01 -8.853699999999999903e-01 4.045300000000000007e-01 -1.772149999999999892e+00 3.428700000000000081e-01 -1.008769999999999945e+00 4.294100000000000139e-01 -1.998660000000000103e+00
-1.777109999999999967e+00 4.642299999999999760e-01 1.457499999999999907e-01 4.131199999999999872e-01 -3.276889999999999858e+00 -9.381899999999999684e-01 1.325000000000000067e-01 -1.088330000000000020e+00 -1.998660000000000103e+00
-2.522040000000000060e+00 -8.432100000000000151e-01 -7.396200000000000552e-01 -8.943200000000000038e-01 -2.531950000000000145e+00 -5.953199999999999603e-01 -8.762699999999999934e-01 -6.589199999999999502e-01 -1.998660000000000103e+00
