-4.790843881822909323e-01
-3.356954170077393051e-01
-3.234971329084695424e-01
7.373893476312225470e-01
7.939680497350003474e-01
9.810381791755099501e-01
1.025805064327526051e+00
1.267630474546900476e+00
1.292336569938342450e+00
2.822173084699094225e+00
2.982949464875327195e+00
3.125590264254097583e+00
4.347512817692432918e+00
4.474118661814860509e+00
5.271495850325598198e+00
5.568642383920877847e+00
5.673082468993378313e+00
6.002101240399065674e+00
6.055104482996143567e+00
6.153762174475057911e+00
6.508660538083085534e+00
6.632364683881609047e+00
6.902316002618251289e+00
7.785210620143812044e+00
8.319635851405998039e+00
8.469819561242140082e+00
8.895771259424334332e+00
9.670604712219397214e+00
9.950920912156824727e+00
1.024366521319395673e+01
1.063569212604426539e+01
1.092417694840210807e+01
1.164709951017848866e+01
1.237649578838856890e+01
1.248161668214498476e+01
1.280558639813109068e+01
1.312991127159662064e+01
1.321566555266892351e+01
1.327263417713303717e+01
1.352239124563403472e+01
1.371585305403933042e+01
1.472590618603826407e+01
1.863668723244557768e+01
1.921940547987892245e+01
1.952719449895452897e+01
1.966372352836562953e+01
2.002388833368783949e+01
2.089156916078828274e+01
2.092550611096419644e+01
2.193946435079945090e+01
2.232503057108769084e+01
2.500813621603976955e+01
2.687173170824686608e+01
2.860493611249638946e+01
