5.258750000000000036e+00 0.000000000000000000e+00 2.888399999999999856e-01 0.000000000000000000e+00 5.871229999999999727e+00 0.000000000000000000e+00 3.099399999999999933e-01 0.000000000000000000e+00 7.056479999999999642e+00
5.258750000000000036e+00 0.000000000000000000e+00 2.888399999999999856e-01 0.000000000000000000e+00 5.871229999999999727e+00 0.000000000000000000e+00 3.099399999999999933e-01 0.000000000000000000e+00 7.056479999999999642e+00
4.753320000000000434e+00 0.000000000000000000e+00 7.360000000000000223e-03 0.000000000000000000e+00 3.872910000000000075e+00 0.000000000000000000e+00 -5.649999999999999641e-03 0.000000000000000000e+00 3.783209999999999962e+00
4.753320000000000434e+00 0.000000000000000000e+00 7.360000000000000223e-03 0.000000000000000000e+00 3.872910000000000075e+00 0.000000000000000000e+00 -5.649999999999999641e-03 0.000000000000000000e+00 3.783209999999999962e+00
-2.750109999999999832e+00 -1.237559999999999993e+00 -8.957800000000000207e-01 -1.430469999999999908e+00 -2.685919999999999863e+00 -6.487800000000000233e-01 -1.018710000000000004e+00 -5.231700000000000239e-01 -2.124140000000000139e+00
-2.750109999999999832e+00 1.237559999999999993e+00 -8.957800000000000207e-01 1.430469999999999908e+00 -2.685919999999999863e+00 6.487800000000000233e-01 -1.018710000000000004e+00 5.231700000000000239e-01 -2.124140000000000139e+00
-2.750109999999999832e+00 -1.237559999999999993e+00 -8.957800000000000207e-01 -1.430469999999999908e+00 -2.685919999999999863e+00 -6.487800000000000233e-01 -1.018710000000000004e+00 -5.231700000000000239e-01 -2.124140000000000139e+00
-2.750109999999999832e+00 1.237559999999999993e+00 -8.957800000000000207e-01 1.430469999999999908e+00 -2.685919999999999863e+00 6.487800000000000233e-01 -1.018710000000000004e+00 5.231700000000000239e-01 -2.124140000000000139e+00
-2.255930000000000213e+00 4.807299999999999907e-01 7.476800000000000113e-01 4.818200000000000260e-01 -2.186150000000000038e+00 6.201600000000000446e-01 8.665599999999999969e-01 8.331100000000000172e-01 -3.295700000000000074e+00
-2.255930000000000213e+00 -4.807299999999999907e-01 7.476800000000000113e-01 -4.818200000000000260e-01 -2.186150000000000038e+00 -6.201600000000000446e-01 8.665599999999999969e-01 -8.331100000000000172e-01 -3.295700000000000074e+00
-2.255930000000000213e+00 4.807299999999999907e-01 7.476800000000000113e-01 4.818200000000000260e-01 -2.186150000000000038e+00 6.201600000000000446e-01 8.665599999999999969e-01 8.331100000000000172e-01 -3.295700000000000074e+00
-2.255930000000000213e+00 -4.807299999999999907e-01 7.476800000000000113e-01 -4.818200000000000260e-01 -2.186150000000000038e+00 -6.201600000000000446e-01 8.665599999999999969e-01 -8.331100000000000172e-01 -3.295700000000000074e+00
