2.847710000000000186e+00 0.000000000000000000e+00 1.297000000000000063e-02 0.000000000000000000e+00 2.838680000000000092e+00 0.000000000000000000e+00 -7.199999999999999803e-03 0.000000000000000000e+00 2.479820000000000135e+00
2.847710000000000186e+00 0.000000000000000000e+00 1.297000000000000063e-02 0.000000000000000000e+00 2.838680000000000092e+00 0.000000000000000000e+00 -7.199999999999999803e-03 0.000000000000000000e+00 2.479820000000000135e+00
2.747180000000000177e+00 0.000000000000000000e+00 -9.891999999999999404e-02 0.000000000000000000e+00 2.423470000000000013e+00 0.000000000000000000e+00 1.811000000000000110e-02 0.000000000000000000e+00 2.467449999999999921e+00
2.507319999999999993e+00 0.000000000000000000e+00 5.975000000000000311e-01 0.000000000000000000e+00 2.718519999999999825e+00 -0.000000000000000000e+00 6.429200000000000470e-01 -0.000000000000000000e+00 6.518500000000000405e-01
2.507319999999999993e+00 0.000000000000000000e+00 5.975000000000000311e-01 0.000000000000000000e+00 2.718519999999999825e+00 -0.000000000000000000e+00 6.429200000000000470e-01 -0.000000000000000000e+00 6.518500000000000405e-01
-2.573459999999999859e+00 -0.000000000000000000e+00 -4.949399999999999911e-01 -0.000000000000000000e+00 -1.779709999999999903e+00 0.000000000000000000e+00 -4.634300000000000086e-01 0.000000000000000000e+00 -1.474830000000000085e+00
-2.077580000000000204e+00 -2.973500000000000032e-01 -3.303999999999999992e-02 -2.830599999999999783e-01 -2.494610000000000216e+00 -8.050999999999999823e-02 -9.067000000000000060e-02 -9.224000000000000254e-02 -1.445289999999999964e+00
-2.077580000000000204e+00 2.973500000000000032e-01 -3.303999999999999992e-02 2.830599999999999783e-01 -2.494610000000000216e+00 8.050999999999999823e-02 -9.067000000000000060e-02 9.224000000000000254e-02 -1.445289999999999964e+00
-2.573459999999999859e+00 -0.000000000000000000e+00 -4.949399999999999911e-01 -0.000000000000000000e+00 -1.779709999999999903e+00 0.000000000000000000e+00 -4.634300000000000086e-01 0.000000000000000000e+00 -1.474830000000000085e+00
-2.077580000000000204e+00 2.973500000000000032e-01 -3.303999999999999992e-02 2.830599999999999783e-01 -2.494610000000000216e+00 8.050999999999999823e-02 -9.067000000000000060e-02 9.224000000000000254e-02 -1.445289999999999964e+00
-2.077580000000000204e+00 -2.973500000000000032e-01 -3.303999999999999992e-02 -2.830599999999999783e-01 -2.494610000000000216e+00 -8.050999999999999823e-02 -9.067000000000000060e-02 -9.224000000000000254e-02 -1.445289999999999964e+00
