-4.735660886531724290e-02
-3.107588107218145143e-02
-2.447999743795432545e-02
2.802291769741514393e+00
4.259016826821014234e+00
4.455303799428756761e+00
6.114677751191641697e+00
6.176768611258782293e+00
6.293033520433365169e+00
6.346563717977972807e+00
7.313051042141141878e+00
7.428335028374844384e+00
9.128921732720430171e+00
1.013956090566177970e+01
1.017392472487579447e+01
1.018650080327606844e+01
1.027543418267513253e+01
1.072684082295785224e+01
1.096345643361852851e+01
1.187496892083903255e+01
1.195308784110192413e+01
1.239921240942072700e+01
1.310554784083973701e+01
1.316604524653264185e+01
1.510711207708303583e+01
1.603441486625873580e+01
1.742802044575116938e+01
1.967338771429243494e+01
1.989257462039416424e+01
2.084485595481689657e+01
2.248042907798758350e+01
2.477626956624019527e+01
2.736825521011353857e+01
