1.298489999999999922e+00 1.106899999999999967e-01 1.184999999999999942e-02 2.391000000000000070e-02 1.293919999999999959e+00 3.357999999999999874e-02 2.885000000000000064e-02 -8.099999999999999561e-04 1.142660000000000009e+00
1.298489999999999922e+00 -1.106899999999999967e-01 1.184999999999999942e-02 -2.391000000000000070e-02 1.293919999999999959e+00 -3.357999999999999874e-02 2.885000000000000064e-02 8.099999999999999561e-04 1.142660000000000009e+00
1.298489999999999922e+00 1.106899999999999967e-01 -1.184999999999999942e-02 2.391000000000000070e-02 1.293919999999999959e+00 -3.357999999999999874e-02 -2.885000000000000064e-02 8.099999999999999561e-04 1.142660000000000009e+00
1.298489999999999922e+00 -1.106899999999999967e-01 -1.184999999999999942e-02 -2.391000000000000070e-02 1.293919999999999959e+00 3.357999999999999874e-02 -2.885000000000000064e-02 -8.099999999999999561e-04 1.142660000000000009e+00
2.454689999999999817e+00 -0.000000000000000000e+00 -0.000000000000000000e+00 -0.000000000000000000e+00 2.811459999999999848e+00 5.283999999999999808e-02 0.000000000000000000e+00 -7.292999999999999483e-02 4.134459999999999802e+00
2.454689999999999817e+00 -0.000000000000000000e+00 0.000000000000000000e+00 -0.000000000000000000e+00 2.811459999999999848e+00 -5.283999999999999808e-02 -0.000000000000000000e+00 7.292999999999999483e-02 4.134459999999999802e+00
-1.793109999999999982e+00 -5.646000000000000324e-02 -8.330000000000000598e-03 -5.142999999999999655e-02 -1.529500000000000082e+00 3.252599999999999936e-01 -1.484000000000000076e-02 4.257799999999999918e-01 -2.379869999999999930e+00
-1.793109999999999982e+00 5.646000000000000324e-02 -8.330000000000000598e-03 5.142999999999999655e-02 -1.529500000000000082e+00 -3.252599999999999936e-01 -1.484000000000000076e-02 -4.257799999999999918e-01 -2.379869999999999930e+00
-1.465459999999999985e+00 0.000000000000000000e+00 0.000000000000000000e+00 0.000000000000000000e+00 -2.340300000000000047e+00 -6.228000000000000203e-02 -0.000000000000000000e+00 5.490000000000000088e-03 -1.660050000000000026e+00
-1.465459999999999985e+00 0.000000000000000000e+00 -0.000000000000000000e+00 0.000000000000000000e+00 -2.340300000000000047e+00 6.228000000000000203e-02 0.000000000000000000e+00 -5.490000000000000088e-03 -1.660050000000000026e+00
-1.793109999999999982e+00 -5.646000000000000324e-02 8.330000000000000598e-03 -5.142999999999999655e-02 -1.529500000000000082e+00 -3.252599999999999936e-01 1.484000000000000076e-02 -4.257799999999999918e-01 -2.379869999999999930e+00
-1.793109999999999982e+00 5.646000000000000324e-02 8.330000000000000598e-03 5.142999999999999655e-02 -1.529500000000000082e+00 3.252599999999999936e-01 1.484000000000000076e-02 4.257799999999999918e-01 -2.379869999999999930e+00
