2.523470000000000102e+00 1.048400000000000026e-01 5.464999999999999719e-02 2.764300000000000090e-01 2.518149999999999888e+00 -1.290699999999999903e-01 -8.114000000000000379e-02 -7.971999999999999920e-02 2.366769999999999818e+00
2.523470000000000102e+00 -1.048400000000000026e-01 5.464999999999999719e-02 -2.764300000000000090e-01 2.518149999999999888e+00 1.290699999999999903e-01 -8.114000000000000379e-02 7.971999999999999920e-02 2.366769999999999818e+00
2.523470000000000102e+00 1.048400000000000026e-01 5.464999999999999719e-02 2.764300000000000090e-01 2.518149999999999888e+00 -1.290699999999999903e-01 -8.114000000000000379e-02 -7.971999999999999920e-02 2.366769999999999818e+00
2.523470000000000102e+00 -1.048400000000000026e-01 5.464999999999999719e-02 -2.764300000000000090e-01 2.518149999999999888e+00 1.290699999999999903e-01 -8.114000000000000379e-02 7.971999999999999920e-02 2.366769999999999818e+00
4.517249999999999766e+00 -2.110499999999999876e-01 -5.208199999999999497e-01 2.221599999999999964e-01 4.809660000000000046e+00 -3.327399999999999802e-01 5.019900000000000473e-01 -2.432900000000000063e-01 4.666009999999999991e+00
4.517249999999999766e+00 2.110499999999999876e-01 -5.208199999999999497e-01 -2.221599999999999964e-01 4.809660000000000046e+00 3.327399999999999802e-01 5.019900000000000473e-01 2.432900000000000063e-01 4.666009999999999991e+00
5.902669999999999639e+00 -7.857199999999999740e-01 1.532669999999999977e+00 9.482199999999999518e-01 6.069329999999999892e+00 6.515999999999999570e-02 -1.195380000000000109e+00 7.151899999999999924e-01 5.773419999999999774e+00
5.902669999999999639e+00 7.857199999999999740e-01 1.532669999999999977e+00 -9.482199999999999518e-01 6.069329999999999892e+00 -6.515999999999999570e-02 -1.195380000000000109e+00 -7.151899999999999924e-01 5.773419999999999774e+00
-2.513850000000000140e+00 -1.138409999999999922e+00 -5.415600000000000414e-01 -1.056759999999999922e+00 -3.507810000000000095e+00 -3.362600000000000033e-01 -1.381799999999999973e-01 -4.804100000000000037e-01 -1.835669999999999913e+00
-2.513850000000000140e+00 1.138409999999999922e+00 -5.415600000000000414e-01 1.056759999999999922e+00 -3.507810000000000095e+00 3.362600000000000033e-01 -1.381799999999999973e-01 4.804100000000000037e-01 -1.835669999999999913e+00
-2.513850000000000140e+00 -1.138409999999999922e+00 -5.415600000000000414e-01 -1.056759999999999922e+00 -3.507810000000000095e+00 -3.362600000000000033e-01 -1.381799999999999973e-01 -4.804100000000000037e-01 -1.835669999999999913e+00
-2.513850000000000140e+00 1.138409999999999922e+00 -5.415600000000000414e-01 1.056759999999999922e+00 -3.507810000000000095e+00 3.362600000000000033e-01 -1.381799999999999973e-01 4.804100000000000037e-01 -1.835669999999999913e+00
-3.249530000000000030e+00 1.135140000000000038e+00 -4.593999999999999750e-01 1.270399999999999974e+00 -2.732650000000000023e+00 1.599099999999999966e-01 -4.859999999999999737e-02 2.688999999999999724e-01 -1.718860000000000054e+00
-3.249530000000000030e+00 -1.135140000000000038e+00 -4.593999999999999750e-01 -1.270399999999999974e+00 -2.732650000000000023e+00 -1.599099999999999966e-01 -4.859999999999999737e-02 -2.688999999999999724e-01 -1.718860000000000054e+00
-3.249530000000000030e+00 1.135140000000000038e+00 -4.593999999999999750e-01 1.270399999999999974e+00 -2.732650000000000023e+00 1.599099999999999966e-01 -4.859999999999999737e-02 2.688999999999999724e-01 -1.718860000000000054e+00
-3.249530000000000030e+00 -1.135140000000000038e+00 -4.593999999999999750e-01 -1.270399999999999974e+00 -2.732650000000000023e+00 -1.599099999999999966e-01 -4.859999999999999737e-02 -2.688999999999999724e-01 -1.718860000000000054e+00
-1.970050000000000079e+00 5.911000000000000282e-02 4.403900000000000037e-01 2.812700000000000200e-01 -1.717179999999999929e+00 4.002000000000000002e-02 6.146200000000000552e-01 3.167099999999999915e-01 -4.031959999999999766e+00
-1.970050000000000079e+00 -5.911000000000000282e-02 4.403900000000000037e-01 -2.812700000000000200e-01 -1.717179999999999929e+00 -4.002000000000000002e-02 6.146200000000000552e-01 -3.167099999999999915e-01 -4.031959999999999766e+00
-1.970050000000000079e+00 5.911000000000000282e-02 4.403900000000000037e-01 2.812700000000000200e-01 -1.717179999999999929e+00 4.002000000000000002e-02 6.146200000000000552e-01 3.167099999999999915e-01 -4.031959999999999766e+00
-1.970050000000000079e+00 -5.911000000000000282e-02 4.403900000000000037e-01 -2.812700000000000200e-01 -1.717179999999999929e+00 -4.002000000000000002e-02 6.146200000000000552e-01 -3.167099999999999915e-01 -4.031959999999999766e+00
