2.709020000000000206e+00 3.689000000000000057e-01 0.000000000000000000e+00 -2.733200000000000074e-01 2.976259999999999906e+00 0.000000000000000000e+00 0.000000000000000000e+00 0.000000000000000000e+00 2.628280000000000172e+00
2.709020000000000206e+00 3.689000000000000057e-01 0.000000000000000000e+00 -2.733200000000000074e-01 2.976259999999999906e+00 -0.000000000000000000e+00 0.000000000000000000e+00 0.000000000000000000e+00 2.628280000000000172e+00
2.709020000000000206e+00 -3.689000000000000057e-01 0.000000000000000000e+00 2.733200000000000074e-01 2.976259999999999906e+00 0.000000000000000000e+00 0.000000000000000000e+00 0.000000000000000000e+00 2.628280000000000172e+00
2.709020000000000206e+00 -3.689000000000000057e-01 0.000000000000000000e+00 2.733200000000000074e-01 2.976259999999999906e+00 0.000000000000000000e+00 0.000000000000000000e+00 0.000000000000000000e+00 2.628280000000000172e+00
3.263700000000000045e+00 -4.038999999999999813e-01 0.000000000000000000e+00 -2.276100000000000068e-01 1.722720000000000029e+00 0.000000000000000000e+00 0.000000000000000000e+00 0.000000000000000000e+00 2.563569999999999904e+00
3.263700000000000045e+00 -4.038999999999999813e-01 0.000000000000000000e+00 -2.276100000000000068e-01 1.722720000000000029e+00 0.000000000000000000e+00 0.000000000000000000e+00 0.000000000000000000e+00 2.563569999999999904e+00
3.263700000000000045e+00 4.038999999999999813e-01 0.000000000000000000e+00 2.276100000000000068e-01 1.722720000000000029e+00 0.000000000000000000e+00 0.000000000000000000e+00 0.000000000000000000e+00 2.563569999999999904e+00
3.263700000000000045e+00 4.038999999999999813e-01 0.000000000000000000e+00 2.276100000000000068e-01 1.722720000000000029e+00 0.000000000000000000e+00 0.000000000000000000e+00 0.000000000000000000e+00 2.563569999999999904e+00
2.217080000000000162e+00 2.365299999999999903e-01 -0.000000000000000000e+00 -9.880999999999999506e-02 2.817670000000000119e+00 0.000000000000000000e+00 0.000000000000000000e+00 0.000000000000000000e+00 2.555950000000000166e+00
2.217080000000000162e+00 2.365299999999999903e-01 -0.000000000000000000e+00 -9.880999999999999506e-02 2.817670000000000119e+00 0.000000000000000000e+00 0.000000000000000000e+00 0.000000000000000000e+00 2.555950000000000166e+00
2.217080000000000162e+00 -2.365299999999999903e-01 -0.000000000000000000e+00 9.880999999999999506e-02 2.817670000000000119e+00 0.000000000000000000e+00 0.000000000000000000e+00 0.000000000000000000e+00 2.555950000000000166e+00
2.217080000000000162e+00 -2.365299999999999903e-01 -0.000000000000000000e+00 9.880999999999999506e-02 2.817670000000000119e+00 0.000000000000000000e+00 0.000000000000000000e+00 0.000000000000000000e+00 2.555950000000000166e+00
-2.727529999999999788e+00 1.445099999999999996e-01 0.000000000000000000e+00 -8.788999999999999591e-02 -2.232250000000000068e+00 -0.000000000000000000e+00 0.000000000000000000e+00 0.000000000000000000e+00 -2.252499999999999947e+00
-2.727529999999999788e+00 -1.445099999999999996e-01 0.000000000000000000e+00 8.788999999999999591e-02 -2.232250000000000068e+00 0.000000000000000000e+00 0.000000000000000000e+00 0.000000000000000000e+00 -2.252499999999999947e+00
-2.727529999999999788e+00 -1.445099999999999996e-01 0.000000000000000000e+00 8.788999999999999591e-02 -2.232250000000000068e+00 0.000000000000000000e+00 0.000000000000000000e+00 0.000000000000000000e+00 -2.252499999999999947e+00
-2.727529999999999788e+00 1.445099999999999996e-01 0.000000000000000000e+00 -8.788999999999999591e-02 -2.232250000000000068e+00 0.000000000000000000e+00 0.000000000000000000e+00 0.000000000000000000e+00 -2.252499999999999947e+00
-2.177000000000000046e+00 1.350800000000000056e-01 0.000000000000000000e+00 2.777000000000000024e-01 -2.526749999999999829e+00 0.000000000000000000e+00 0.000000000000000000e+00 0.000000000000000000e+00 -2.383179999999999854e+00
-2.177000000000000046e+00 1.350800000000000056e-01 0.000000000000000000e+00 2.777000000000000024e-01 -2.526749999999999829e+00 0.000000000000000000e+00 0.000000000000000000e+00 0.000000000000000000e+00 -2.383179999999999854e+00
-2.177000000000000046e+00 -1.350800000000000056e-01 0.000000000000000000e+00 -2.777000000000000024e-01 -2.526749999999999829e+00 0.000000000000000000e+00 0.000000000000000000e+00 0.000000000000000000e+00 -2.383179999999999854e+00
-2.177000000000000046e+00 -1.350800000000000056e-01 0.000000000000000000e+00 -2.777000000000000024e-01 -2.526749999999999829e+00 0.000000000000000000e+00 0.000000000000000000e+00 0.000000000000000000e+00 -2.383179999999999854e+00
-3.285280000000000200e+00 1.110000000000000014e-01 0.000000000000000000e+00 1.636100000000000054e-01 -2.757660000000000000e+00 -0.000000000000000000e+00 0.000000000000000000e+00 0.000000000000000000e+00 -3.112130000000000063e+00
-3.285280000000000200e+00 1.110000000000000014e-01 0.000000000000000000e+00 1.636100000000000054e-01 -2.757660000000000000e+00 0.000000000000000000e+00 0.000000000000000000e+00 0.000000000000000000e+00 -3.112130000000000063e+00
-3.285280000000000200e+00 -1.110000000000000014e-01 -0.000000000000000000e+00 -1.636100000000000054e-01 -2.757660000000000000e+00 0.000000000000000000e+00 0.000000000000000000e+00 0.000000000000000000e+00 -3.112130000000000063e+00
-3.285280000000000200e+00 -1.110000000000000014e-01 -0.000000000000000000e+00 -1.636100000000000054e-01 -2.757660000000000000e+00 0.000000000000000000e+00 0.000000000000000000e+00 0.000000000000000000e+00 -3.112130000000000063e+00
