-2.308323368928610550e-02
-2.308314247431966434e-02
-9.315371618478776247e-03
2.271803680300409134e+00
2.271803680848556883e+00
3.067550930461968139e+00
3.743310450454591987e+00
3.845329822939882458e+00
3.845329823338153208e+00
4.762746386687057409e+00
5.490179755357985414e+00
5.490179755409752005e+00
5.893767219777898525e+00
5.976122564183342867e+00
5.976122564539287474e+00
8.228037954496349116e+00
8.742251852054371497e+00
8.742251852357307840e+00
8.955898067497050974e+00
8.955898067561641085e+00
9.230229514593776941e+00
1.701000796315600283e+01
1.701000796323384634e+01
1.712220596067267664e+01
1.712220596072846845e+01
2.074967513492899940e+01
2.187649939705882929e+01
2.779920583467012918e+01
2.840845876811464166e+01
3.555372598226486502e+01
3.555372598228795056e+01
3.644543840392024237e+01
3.644543840409865965e+01
