3.987490000000000201e+00 0.000000000000000000e+00 0.000000000000000000e+00 0.000000000000000000e+00 3.676130000000000120e+00 8.890000000000000679e-02 0.000000000000000000e+00 7.209000000000000130e-02 3.695120000000000182e+00
3.987490000000000201e+00 0.000000000000000000e+00 -0.000000000000000000e+00 0.000000000000000000e+00 3.676130000000000120e+00 -8.890000000000000679e-02 -0.000000000000000000e+00 -7.209000000000000130e-02 3.695120000000000182e+00
3.522749999999999826e+00 0.000000000000000000e+00 -0.000000000000000000e+00 0.000000000000000000e+00 4.276430000000000398e+00 -2.677399999999999780e-01 -0.000000000000000000e+00 -1.745899999999999952e-01 3.731640000000000068e+00
3.522749999999999826e+00 0.000000000000000000e+00 0.000000000000000000e+00 0.000000000000000000e+00 4.276430000000000398e+00 2.677399999999999780e-01 0.000000000000000000e+00 1.745899999999999952e-01 3.731640000000000068e+00
3.987490000000000201e+00 0.000000000000000000e+00 0.000000000000000000e+00 0.000000000000000000e+00 3.676130000000000120e+00 8.890000000000000679e-02 0.000000000000000000e+00 7.209000000000000130e-02 3.695120000000000182e+00
3.987490000000000201e+00 0.000000000000000000e+00 -0.000000000000000000e+00 0.000000000000000000e+00 3.676130000000000120e+00 -8.890000000000000679e-02 -0.000000000000000000e+00 -7.209000000000000130e-02 3.695120000000000182e+00
2.178150000000000031e+00 -3.130999999999999756e-02 -0.000000000000000000e+00 -2.042000000000000065e-02 2.155940000000000190e+00 0.000000000000000000e+00 0.000000000000000000e+00 0.000000000000000000e+00 2.927369999999999806e+00
2.178150000000000031e+00 3.130999999999999756e-02 0.000000000000000000e+00 2.042000000000000065e-02 2.155940000000000190e+00 0.000000000000000000e+00 0.000000000000000000e+00 0.000000000000000000e+00 2.927369999999999806e+00
2.160860000000000003e+00 0.000000000000000000e+00 0.000000000000000000e+00 0.000000000000000000e+00 2.211790000000000145e+00 0.000000000000000000e+00 0.000000000000000000e+00 0.000000000000000000e+00 2.972980000000000178e+00
2.160860000000000003e+00 0.000000000000000000e+00 0.000000000000000000e+00 0.000000000000000000e+00 2.211790000000000145e+00 -0.000000000000000000e+00 0.000000000000000000e+00 0.000000000000000000e+00 2.972980000000000178e+00
2.178150000000000031e+00 -3.130999999999999756e-02 -0.000000000000000000e+00 -2.042000000000000065e-02 2.155940000000000190e+00 0.000000000000000000e+00 0.000000000000000000e+00 0.000000000000000000e+00 2.927369999999999806e+00
2.178150000000000031e+00 3.130999999999999756e-02 0.000000000000000000e+00 2.042000000000000065e-02 2.155940000000000190e+00 0.000000000000000000e+00 0.000000000000000000e+00 0.000000000000000000e+00 2.927369999999999806e+00
-1.572470000000000034e+00 5.106000000000000538e-01 0.000000000000000000e+00 5.141400000000000414e-01 -2.190539999999999932e+00 0.000000000000000000e+00 0.000000000000000000e+00 0.000000000000000000e+00 -2.196520000000000028e+00
-1.572470000000000034e+00 -5.106000000000000538e-01 -0.000000000000000000e+00 -5.141400000000000414e-01 -2.190539999999999932e+00 0.000000000000000000e+00 0.000000000000000000e+00 0.000000000000000000e+00 -2.196520000000000028e+00
-2.513590000000000213e+00 0.000000000000000000e+00 -0.000000000000000000e+00 0.000000000000000000e+00 -1.312929999999999930e+00 0.000000000000000000e+00 0.000000000000000000e+00 0.000000000000000000e+00 -2.251889999999999947e+00
-2.513590000000000213e+00 0.000000000000000000e+00 -0.000000000000000000e+00 0.000000000000000000e+00 -1.312929999999999930e+00 0.000000000000000000e+00 0.000000000000000000e+00 0.000000000000000000e+00 -2.251889999999999947e+00
-1.572470000000000034e+00 5.106000000000000538e-01 0.000000000000000000e+00 5.141400000000000414e-01 -2.190539999999999932e+00 0.000000000000000000e+00 0.000000000000000000e+00 0.000000000000000000e+00 -2.196520000000000028e+00
-1.572470000000000034e+00 -5.106000000000000538e-01 -0.000000000000000000e+00 -5.141400000000000414e-01 -2.190539999999999932e+00 0.000000000000000000e+00 0.000000000000000000e+00 0.000000000000000000e+00 -2.196520000000000028e+00
-2.199539999999999829e+00 -2.069499999999999951e-01 -4.906099999999999905e-01 -2.569899999999999962e-01 -1.935750000000000082e+00 -2.874800000000000133e-01 -5.441300000000000026e-01 -3.144899999999999918e-01 -2.191339999999999844e+00
-2.199539999999999829e+00 -2.069499999999999951e-01 4.906099999999999905e-01 -2.569899999999999962e-01 -1.935750000000000082e+00 2.874800000000000133e-01 5.441300000000000026e-01 3.144899999999999918e-01 -2.191339999999999844e+00
-2.199539999999999829e+00 2.069499999999999951e-01 4.906099999999999905e-01 2.569899999999999962e-01 -1.935750000000000082e+00 -2.874800000000000133e-01 5.441300000000000026e-01 -3.144899999999999918e-01 -2.191339999999999844e+00
-2.199539999999999829e+00 2.069499999999999951e-01 -4.906099999999999905e-01 2.569899999999999962e-01 -1.935750000000000082e+00 2.874800000000000133e-01 -5.441300000000000026e-01 3.144899999999999918e-01 -2.191339999999999844e+00
-1.779079999999999995e+00 -0.000000000000000000e+00 0.000000000000000000e+00 -0.000000000000000000e+00 -2.357680000000000220e+00 5.578899999999999970e-01 0.000000000000000000e+00 6.355499999999999483e-01 -2.269660000000000011e+00
-1.779079999999999995e+00 -0.000000000000000000e+00 -0.000000000000000000e+00 -0.000000000000000000e+00 -2.357680000000000220e+00 -5.578899999999999970e-01 -0.000000000000000000e+00 -6.355499999999999483e-01 -2.269660000000000011e+00
-1.779079999999999995e+00 -0.000000000000000000e+00 -0.000000000000000000e+00 -0.000000000000000000e+00 -2.357680000000000220e+00 -5.578899999999999970e-01 -0.000000000000000000e+00 -6.355499999999999483e-01 -2.269660000000000011e+00
-1.779079999999999995e+00 -0.000000000000000000e+00 0.000000000000000000e+00 -0.000000000000000000e+00 -2.357680000000000220e+00 5.578899999999999970e-01 0.000000000000000000e+00 6.355499999999999483e-01 -2.269660000000000011e+00
-2.199539999999999829e+00 -2.069499999999999951e-01 4.906099999999999905e-01 -2.569899999999999962e-01 -1.935750000000000082e+00 2.874800000000000133e-01 5.441300000000000026e-01 3.144899999999999918e-01 -2.191339999999999844e+00
-2.199539999999999829e+00 -2.069499999999999951e-01 -4.906099999999999905e-01 -2.569899999999999962e-01 -1.935750000000000082e+00 -2.874800000000000133e-01 -5.441300000000000026e-01 -3.144899999999999918e-01 -2.191339999999999844e+00
-2.199539999999999829e+00 2.069499999999999951e-01 -4.906099999999999905e-01 2.569899999999999962e-01 -1.935750000000000082e+00 2.874800000000000133e-01 -5.441300000000000026e-01 3.144899999999999918e-01 -2.191339999999999844e+00
-2.199539999999999829e+00 2.069499999999999951e-01 4.906099999999999905e-01 2.569899999999999962e-01 -1.935750000000000082e+00 -2.874800000000000133e-01 5.441300000000000026e-01 -3.144899999999999918e-01 -2.191339999999999844e+00
