-6.589467529872544693e-02
-6.589467529811673940e-02
-4.911753051698991568e-02
1.534132926056630764e+00
1.689532437745163929e+00
1.689532437745175475e+00
2.272704893375056656e+00
2.330835281162697559e+00
2.331850118282438267e+00
2.356137804072169217e+00
2.356137804072174546e+00
2.627521422745524138e+00
2.627521422745541457e+00
2.821957446451358820e+00
2.859126242047514310e+00
2.859126242047524524e+00
3.049599264532991238e+00
3.224285613145886575e+00
3.481635183262625777e+00
3.556701181381222376e+00
3.802505290018715733e+00
3.802505290018719286e+00
4.067171240644420038e+00
4.079973440171236199e+00
4.079973440171245969e+00
4.600207331258080679e+00
4.600207331258083343e+00
4.830466582631058436e+00
5.194183025564578671e+00
5.194183025564581335e+00
5.386805347813393929e+00
5.818519024277907903e+00
5.952499505087603282e+00
6.047361286089079080e+00
6.709490690235650590e+00
6.709490690235654142e+00
7.009674407764567405e+00
7.009674407764569182e+00
7.048299497705356131e+00
7.742078235897604799e+00
8.240540028387478344e+00
8.434221926177231765e+00
8.610995442666533606e+00
8.610995442666535382e+00
1.004136091920517515e+01
1.089710235415258488e+01
1.096128537697092931e+01
1.096128537697092931e+01
1.108921203705632763e+01
1.183263417880371193e+01
1.183263417880372792e+01
1.232226101332907575e+01
1.282998637999626013e+01
1.291852901518127616e+01
1.338005274496849317e+01
1.338005274496849850e+01
1.411229970604258988e+01
1.447037243431939935e+01
2.039438455063532274e+01
2.039438455063532629e+01
2.048585471071592323e+01
2.048585471071593389e+01
2.066263430663424217e+01
2.214421124400514174e+01
2.225925825889612852e+01
2.229028554799447193e+01
2.246601217287875940e+01
2.246601217287876651e+01
2.261052667413690642e+01
2.287822220793207606e+01
2.491276967680454391e+01
2.491276967680455101e+01
