1.079970000000000097e+00 -2.213000000000000037e-02 6.610000000000000424e-03 -3.048000000000000015e-02 1.033719999999999972e+00 5.139999999999999604e-03 6.910000000000000343e-03 -3.510000000000000099e-03 1.069479999999999986e+00
1.079970000000000097e+00 -2.213000000000000037e-02 -6.610000000000000424e-03 -3.048000000000000015e-02 1.033719999999999972e+00 -5.139999999999999604e-03 -6.910000000000000343e-03 3.510000000000000099e-03 1.069479999999999986e+00
1.079970000000000097e+00 2.213000000000000037e-02 -6.610000000000000424e-03 3.048000000000000015e-02 1.033719999999999972e+00 5.139999999999999604e-03 -6.910000000000000343e-03 -3.510000000000000099e-03 1.069479999999999986e+00
1.079970000000000097e+00 2.213000000000000037e-02 6.610000000000000424e-03 3.048000000000000015e-02 1.033719999999999972e+00 -5.139999999999999604e-03 6.910000000000000343e-03 3.510000000000000099e-03 1.069479999999999986e+00
1.930509999999999948e+00 1.675500000000000045e-01 -0.000000000000000000e+00 -2.235099999999999865e-01 1.961179999999999923e+00 0.000000000000000000e+00 -0.000000000000000000e+00 0.000000000000000000e+00 1.913189999999999946e+00
1.930509999999999948e+00 -1.675500000000000045e-01 -0.000000000000000000e+00 2.235099999999999865e-01 1.961179999999999923e+00 0.000000000000000000e+00 -0.000000000000000000e+00 0.000000000000000000e+00 1.913189999999999946e+00
2.978310000000000013e+00 -3.190299999999999803e-01 8.619000000000000272e-02 3.205899999999999861e-01 2.961609999999999854e+00 -1.917999999999999983e-01 4.624000000000000332e-02 2.051099999999999868e-01 3.054219999999999935e+00
2.978310000000000013e+00 -3.190299999999999803e-01 -8.619000000000000272e-02 3.205899999999999861e-01 2.961609999999999854e+00 1.917999999999999983e-01 -4.624000000000000332e-02 -2.051099999999999868e-01 3.054219999999999935e+00
2.978310000000000013e+00 3.190299999999999803e-01 -8.619000000000000272e-02 -3.205899999999999861e-01 2.961609999999999854e+00 -1.917999999999999983e-01 -4.624000000000000332e-02 2.051099999999999868e-01 3.054219999999999935e+00
2.978310000000000013e+00 3.190299999999999803e-01 8.619000000000000272e-02 -3.205899999999999861e-01 2.961609999999999854e+00 1.917999999999999983e-01 4.624000000000000332e-02 -2.051099999999999868e-01 3.054219999999999935e+00
-1.577460000000000084e+00 3.658000000000000140e-01 4.173100000000000143e-01 3.364800000000000013e-01 -1.782210000000000072e+00 -3.217099999999999960e-01 4.259399999999999853e-01 -3.789100000000000246e-01 -1.533139999999999947e+00
-1.577460000000000084e+00 3.658000000000000140e-01 -4.173100000000000143e-01 3.364800000000000013e-01 -1.782210000000000072e+00 3.217099999999999960e-01 -4.259399999999999853e-01 3.789100000000000246e-01 -1.533139999999999947e+00
-1.577460000000000084e+00 -3.658000000000000140e-01 -4.173100000000000143e-01 -3.364800000000000013e-01 -1.782210000000000072e+00 -3.217099999999999960e-01 -4.259399999999999853e-01 -3.789100000000000246e-01 -1.533139999999999947e+00
-1.577460000000000084e+00 -3.658000000000000140e-01 4.173100000000000143e-01 -3.364800000000000013e-01 -1.782210000000000072e+00 3.217099999999999960e-01 4.259399999999999853e-01 3.789100000000000246e-01 -1.533139999999999947e+00
-1.801129999999999898e+00 -6.124399999999999844e-01 -5.122100000000000541e-01 -5.457699999999999774e-01 -1.649350000000000094e+00 -6.342799999999999550e-01 -4.979299999999999837e-01 -7.031899999999999817e-01 -1.831450000000000022e+00
-1.801129999999999898e+00 -6.124399999999999844e-01 5.122100000000000541e-01 -5.457699999999999774e-01 -1.649350000000000094e+00 6.342799999999999550e-01 4.979299999999999837e-01 7.031899999999999817e-01 -1.831450000000000022e+00
-1.801129999999999898e+00 6.124399999999999844e-01 5.122100000000000541e-01 5.457699999999999774e-01 -1.649350000000000094e+00 -6.342799999999999550e-01 4.979299999999999837e-01 -7.031899999999999817e-01 -1.831450000000000022e+00
-1.801129999999999898e+00 6.124399999999999844e-01 -5.122100000000000541e-01 5.457699999999999774e-01 -1.649350000000000094e+00 6.342799999999999550e-01 -4.979299999999999837e-01 7.031899999999999817e-01 -1.831450000000000022e+00
-1.644940000000000069e+00 -1.298600000000000032e-01 4.672999999999999932e-01 -2.340000000000000135e-01 -1.544359999999999955e+00 3.375199999999999867e-01 4.896499999999999742e-01 2.422199999999999909e-01 -1.715700000000000003e+00
-1.644940000000000069e+00 -1.298600000000000032e-01 -4.672999999999999932e-01 -2.340000000000000135e-01 -1.544359999999999955e+00 -3.375199999999999867e-01 -4.896499999999999742e-01 -2.422199999999999909e-01 -1.715700000000000003e+00
-1.644940000000000069e+00 1.298600000000000032e-01 4.672999999999999932e-01 2.340000000000000135e-01 -1.544359999999999955e+00 -3.375199999999999867e-01 4.896499999999999742e-01 -2.422199999999999909e-01 -1.715700000000000003e+00
-1.644940000000000069e+00 1.298600000000000032e-01 -4.672999999999999932e-01 2.340000000000000135e-01 -1.544359999999999955e+00 3.375199999999999867e-01 -4.896499999999999742e-01 2.422199999999999909e-01 -1.715700000000000003e+00
