-6.005069933308467001e-02
-3.393547296481701225e-02
-3.356148552734418422e-02
2.062159970603091530e+00
2.479385140533662213e+00
2.689046746115776987e+00
2.966822496101571893e+00
3.165678797190818461e+00
3.310781198165867245e+00
3.443471897090067735e+00
3.743960594882388193e+00
3.787184554132041914e+00
3.826115914151786424e+00
3.876936493546626394e+00
4.013795213673846618e+00
4.716048259710825974e+00
4.867571470182689097e+00
5.109543973764093749e+00
5.297327824746581371e+00
5.321185466338765657e+00
5.547409629178043922e+00
5.972065198237253902e+00
6.264647743431704718e+00
6.718537060275495243e+00
6.978119928627363855e+00
7.028178343866593458e+00
7.755929544322723856e+00
9.311743758111099112e+00
9.471568210953840605e+00
9.875655315129113987e+00
1.024557398824812893e+01
1.145238444036892211e+01
1.240145374530785816e+01
1.394543477189306735e+01
1.531039287323913811e+01
1.783355772600414824e+01
1.852519542488163751e+01
1.917831772590296069e+01
2.018379331527012610e+01
2.150924250647894453e+01
2.174069589402728653e+01
2.212159503665244031e+01
