-6.563456004362388553e-03
-6.563455999614184987e-03
-6.419007640022389265e-03
2.570143984184356967e+00
2.935127022490987780e+00
3.066916584637533028e+00
3.066916584637539689e+00
3.240099635276262546e+00
3.240099635276264323e+00
3.297036167734318735e+00
3.356305306891844253e+00
3.406767253345848179e+00
3.482921494913219451e+00
3.482921494913226113e+00
4.292575959267544761e+00
5.665755476724891437e+00
5.665755476724894990e+00
5.832107036206801709e+00
6.722671982860723539e+00
6.722671982860724427e+00
6.996189005501376457e+00
7.705771654069993204e+00
9.065682976669558357e+00
9.065682976669563686e+00
9.355946909380611132e+00
9.935312340575819690e+00
1.305258831485312321e+01
1.341831518805263634e+01
1.341831518805264167e+01
1.438496010315141405e+01
1.585719250061328722e+01
1.622928610273241290e+01
1.622928610273243422e+01
1.679735092168522215e+01
1.786211309938567382e+01
1.813090865384237915e+01
1.813090865384238271e+01
1.837860603092708445e+01
1.859499469842774033e+01
1.860727160279694203e+01
1.860727160279694203e+01
1.880491301453860942e+01
