2.391480000000000050e+00 0.000000000000000000e+00 0.000000000000000000e+00 0.000000000000000000e+00 2.391480000000000050e+00 0.000000000000000000e+00 0.000000000000000000e+00 0.000000000000000000e+00 2.920389999999999819e+00
2.391480000000000050e+00 0.000000000000000000e+00 0.000000000000000000e+00 0.000000000000000000e+00 2.391480000000000050e+00 0.000000000000000000e+00 0.000000000000000000e+00 0.000000000000000000e+00 2.920389999999999819e+00
2.223019999999999996e+00 0.000000000000000000e+00 0.000000000000000000e+00 0.000000000000000000e+00 2.223019999999999996e+00 0.000000000000000000e+00 0.000000000000000000e+00 0.000000000000000000e+00 3.550089999999999968e+00
3.729429999999999801e+00 0.000000000000000000e+00 0.000000000000000000e+00 0.000000000000000000e+00 3.729429999999999801e+00 0.000000000000000000e+00 0.000000000000000000e+00 0.000000000000000000e+00 2.118980000000000086e+00
3.729429999999999801e+00 0.000000000000000000e+00 0.000000000000000000e+00 0.000000000000000000e+00 3.729429999999999801e+00 0.000000000000000000e+00 0.000000000000000000e+00 0.000000000000000000e+00 2.118980000000000086e+00
-2.113059999999999938e+00 -0.000000000000000000e+00 -0.000000000000000000e+00 -0.000000000000000000e+00 -2.113059999999999938e+00 -0.000000000000000000e+00 -0.000000000000000000e+00 -0.000000000000000000e+00 -2.854940000000000033e+00
-2.113059999999999938e+00 -0.000000000000000000e+00 -0.000000000000000000e+00 -0.000000000000000000e+00 -2.113059999999999938e+00 -0.000000000000000000e+00 -0.000000000000000000e+00 -0.000000000000000000e+00 -2.854940000000000033e+00
-2.006419999999999870e+00 -0.000000000000000000e+00 -0.000000000000000000e+00 -0.000000000000000000e+00 -3.112940000000000040e+00 -0.000000000000000000e+00 -0.000000000000000000e+00 -0.000000000000000000e+00 -1.979740000000000055e+00
-3.112940000000000040e+00 -0.000000000000000000e+00 -0.000000000000000000e+00 -0.000000000000000000e+00 -2.006419999999999870e+00 -0.000000000000000000e+00 -0.000000000000000000e+00 -0.000000000000000000e+00 -1.979740000000000055e+00
-2.006419999999999870e+00 -0.000000000000000000e+00 -0.000000000000000000e+00 -0.000000000000000000e+00 -3.112940000000000040e+00 -0.000000000000000000e+00 -0.000000000000000000e+00 -0.000000000000000000e+00 -1.979740000000000055e+00
-3.112940000000000040e+00 -0.000000000000000000e+00 -0.000000000000000000e+00 -0.000000000000000000e+00 -2.006419999999999870e+00 -0.000000000000000000e+00 -0.000000000000000000e+00 -0.000000000000000000e+00 -1.979740000000000055e+00
