-2.417952692275634335e-02
-1.222129683947353364e-02
-1.222074317867599333e-02
1.714753449692390186e+00
1.714753450529154843e+00
1.784766719240234334e+00
1.784766721309725357e+00
2.298285341445771124e+00
2.842381573506375325e+00
3.098698501842244823e+00
3.098698503101531720e+00
3.138451349982617877e+00
3.421436782050321757e+00
3.421436782518565867e+00
4.214397293850078441e+00
4.214397293879672546e+00
4.544370823054237007e+00
4.688117177673353453e+00
5.793703266714832267e+00
5.861975409639186729e+00
5.953926581674100937e+00
5.953926582487874875e+00
6.771692100649371326e+00
6.771692101245497142e+00
9.187573745484018062e+00
9.187573745658038860e+00
9.743729084082858094e+00
9.743729084659548789e+00
9.964718875863653125e+00
1.031228358779845600e+01
1.031228358821645230e+01
1.087675234179210193e+01
1.087675234247992861e+01
1.120608145099635600e+01
1.126430584975912730e+01
1.256918902635441171e+01
1.760477695820617683e+01
1.760477695832311440e+01
1.774597820247807434e+01
1.774597820259033298e+01
1.797123808349089913e+01
1.797123808386994170e+01
1.809825504930975981e+01
1.809825504970847376e+01
2.056361715235778931e+01
2.117916253469262955e+01
2.134770508328627514e+01
2.153567525495726898e+01
2.904890105615978158e+01
2.935952613152867485e+01
2.989410144874008779e+01
2.996883010562725147e+01
3.633843662040830225e+01
3.633843662102452043e+01
3.661194544078959012e+01
3.661194544122561467e+01
3.674018674677390095e+01
3.674018674740459289e+01
3.699787863400869981e+01
3.699787863466291782e+01
