-5.738475584825688397e-02
-5.116996580573730802e-02
-5.116996580470366957e-02
3.866054046748307549e+00
3.866054046748315542e+00
3.972175208639561639e+00
4.033177887100453773e+00
4.313910146968261472e+00
4.313910146968269466e+00
5.085592861458263059e+00
5.352875168027062536e+00
5.798124039317468892e+00
5.890846780662373661e+00
5.890846780662375437e+00
6.112525630423721879e+00
6.537367369488373825e+00
8.143994611953564444e+00
8.143994611953569773e+00
8.168490375959763128e+00
8.168490375959763128e+00
8.321566051139219766e+00
9.913209522125702833e+00
9.913209522125704609e+00
1.086456682654224437e+01
1.110314908090826158e+01
1.171350524871337484e+01
1.386710287784173090e+01
1.386710287784173268e+01
1.426167328894363173e+01
1.506353307234559047e+01
1.638505511892236655e+01
1.681173833153631492e+01
1.681173833153631847e+01
1.683242816719122104e+01
1.760578765582096139e+01
1.770315390719562032e+01
1.770315390719562743e+01
1.895756373359605007e+01
1.950527027694284854e+01
1.963574264703076722e+01
1.963574264703077787e+01
2.044233647394678144e+01
