-1.772821268944959061e-01
-1.623138875094863043e-01
-1.617592955775923602e-01
4.220216593548483885e+00
4.484119597899481668e+00
4.642521655589576746e+00
5.050128691327898878e+00
5.785927791628179939e+00
5.827253794788638253e+00
5.985307086215556183e+00
6.013238100823908638e+00
6.086121106072726938e+00
6.133678105127596147e+00
6.725592492022340885e+00
6.866867970128566867e+00
7.282983859278171046e+00
7.287465913094194114e+00
7.390371769483211395e+00
7.713716920189932935e+00
7.886648880661814687e+00
8.353225381264213212e+00
8.459495612385570240e+00
8.733097179940527255e+00
9.472559400550295550e+00
9.774831405801903017e+00
1.069296537178213669e+01
1.089544202701666897e+01
1.207276438904673022e+01
1.211307142576694140e+01
1.276013063082161203e+01
1.282978400613207981e+01
1.301147953496562693e+01
1.322554692447952895e+01
1.510589441011095779e+01
1.620705955586307212e+01
1.820994388315101986e+01
1.834805594672141282e+01
1.873535983413937345e+01
1.907873774241440756e+01
1.949690869432804519e+01
2.320087369388025778e+01
2.329550087678086001e+01
2.335388977327574622e+01
2.398284041053228322e+01
2.407001713170640400e+01
2.411230224051801940e+01
2.487358096458957490e+01
2.560660058850724852e+01
