-1.938700910553320944e-01
-6.393549594455207041e-02
-6.393549594316468021e-02
1.222432622555063686e+00
1.472794889750113745e+00
1.472794889750165925e+00
2.244654953685977450e+00
2.314178965559158474e+00
2.314178965559213097e+00
2.744270440102951625e+00
2.935015691161493745e+00
3.302028504747079207e+00
3.302028504747108517e+00
3.310244033127057506e+00
3.488943681365784144e+00
3.488943681365785920e+00
4.099872721309070656e+00
4.272432263733639601e+00
4.428806438042999005e+00
4.560627148658411123e+00
4.783496282618339812e+00
4.783496282618350470e+00
4.981066557520486882e+00
5.262164129825452896e+00
5.262164129825462666e+00
5.644191716046272234e+00
5.644191716046283780e+00
6.267186814636416692e+00
6.267186814636424685e+00
6.475167979846733424e+00
6.832409886542873068e+00
7.388792606481495717e+00
7.683600613344020225e+00
7.683600613344047758e+00
7.783503467436779566e+00
8.111650572260902692e+00
9.097943116263044416e+00
9.097943116263062180e+00
9.747739010371494928e+00
9.747739010371534008e+00
9.985782928340674047e+00
1.086363297625876356e+01
1.086363297625877955e+01
1.095442605283693993e+01
1.139271523313175649e+01
1.139271523313177070e+01
1.173046288970925843e+01
1.308469497740444609e+01
1.308969238393900447e+01
1.356495070654734469e+01
1.356495070654734825e+01
1.363858698117224577e+01
1.369840333254286691e+01
1.472575832680096930e+01
1.615988038862449017e+01
1.615988038862449727e+01
1.658134883382833991e+01
1.700246882827314110e+01
1.700246882827315176e+01
1.708308700452893802e+01
1.935472418518411786e+01
1.963048382201315434e+01
2.561818929499566266e+01
2.561818929499567687e+01
2.584517598805870975e+01
2.658055875590587647e+01
2.658055875590588357e+01
2.724864222990356666e+01
2.737923222066278583e+01
2.738719240733585636e+01
2.811524002757398577e+01
2.856196418874472798e+01
2.856196418874473153e+01
2.952895578252284636e+01
3.011018558332468942e+01
3.011018558332469297e+01
3.045073402781217808e+01
3.062362770405793455e+01
