-3.385175436493388645e-02
-3.385175436468471771e-02
-3.385175436409604971e-02
1.185042506290229225e+00
1.185042506290234110e+00
1.368434113208898406e+00
1.368434113208901293e+00
1.368434113208906844e+00
1.469061319798972365e+00
1.538977433386027771e+00
1.538977433386037985e+00
1.538977433386042648e+00
1.841365306968901105e+00
1.841365306968913540e+00
1.843559306258867103e+00
1.843559306258869102e+00
1.843559306258873987e+00
1.911224094447450339e+00
1.955266531120726015e+00
1.955266531120727791e+00
1.955266531120730678e+00
2.154307867224132700e+00
2.154307867224135364e+00
2.154307867224139805e+00
2.247146138616216149e+00
2.247146138616219702e+00
2.506138467712603290e+00
2.547959982599193207e+00
2.547959982599195872e+00
2.547959982599199424e+00
2.568835727191052687e+00
2.568835727191054019e+00
2.568835727191059348e+00
2.844612537437847255e+00
2.844612537437851252e+00
2.844612537437854360e+00
2.888604310748934534e+00
2.888604310748935422e+00
2.888604310748940751e+00
3.233641725205272266e+00
3.266560684771213197e+00
3.266560684771217637e+00
3.266560684771220302e+00
3.332770937818417156e+00
3.332770937818419821e+00
3.392549110768626530e+00
3.392549110768629639e+00
3.392549110768630971e+00
4.080857973370631164e+00
4.080857973370632941e+00
4.080857973370634717e+00
4.219706535500811206e+00
4.219706535500813871e+00
4.418098899653023715e+00
4.418098899653024603e+00
4.418098899653029932e+00
4.578307700751810927e+00
4.652427089120203973e+00
4.652427089120204862e+00
4.652427089120209303e+00
7.128187159972751097e+00
7.128187159972752873e+00
7.156706083197368784e+00
7.156706083197371449e+00
7.156706083197372337e+00
7.448193053863503721e+00
8.220981698580729358e+00
8.220981698580732910e+00
8.220981698580741792e+00
8.277857206570487847e+00
8.277857206570489623e+00
8.277857206570491400e+00
1.539534584179330956e+01
1.539534584179331311e+01
1.566567827577041783e+01
1.566567827577042671e+01
1.566567827577043381e+01
1.607899440562497162e+01
1.607899440562497517e+01
1.607899440562498938e+01
1.751222296089089880e+01
1.774556312259311142e+01
1.774556312259313628e+01
1.774556312259313628e+01
