2.776959999999999873e+00 -1.397500000000000131e-01 -1.417700000000000071e-01 5.616000000000000159e-02 2.619099999999999984e+00 -3.497999999999999721e-02 3.448999999999999982e-02 -1.855600000000000027e-01 2.996649999999999814e+00
2.776959999999999873e+00 1.397500000000000131e-01 -1.417700000000000071e-01 -5.616000000000000159e-02 2.619099999999999984e+00 3.497999999999999721e-02 3.448999999999999982e-02 1.855600000000000027e-01 2.996649999999999814e+00
2.776959999999999873e+00 -1.397500000000000131e-01 -1.417700000000000071e-01 5.616000000000000159e-02 2.619099999999999984e+00 -3.497999999999999721e-02 3.448999999999999982e-02 -1.855600000000000027e-01 2.996649999999999814e+00
2.776959999999999873e+00 1.397500000000000131e-01 -1.417700000000000071e-01 -5.616000000000000159e-02 2.619099999999999984e+00 3.497999999999999721e-02 3.448999999999999982e-02 1.855600000000000027e-01 2.996649999999999814e+00
2.689999999999999947e+00 7.950999999999999734e-02 1.604500000000000093e-01 6.950000000000000622e-02 3.143279999999999852e+00 8.109999999999999154e-03 -8.008999999999999453e-02 8.068000000000000171e-02 2.428519999999999790e+00
2.689999999999999947e+00 -7.950999999999999734e-02 1.604500000000000093e-01 -6.950000000000000622e-02 3.143279999999999852e+00 -8.109999999999999154e-03 -8.008999999999999453e-02 -8.068000000000000171e-02 2.428519999999999790e+00
2.689999999999999947e+00 7.950999999999999734e-02 1.604500000000000093e-01 6.950000000000000622e-02 3.143279999999999852e+00 8.109999999999999154e-03 -8.008999999999999453e-02 8.068000000000000171e-02 2.428519999999999790e+00
2.689999999999999947e+00 -7.950999999999999734e-02 1.604500000000000093e-01 -6.950000000000000622e-02 3.143279999999999852e+00 -8.109999999999999154e-03 -8.008999999999999453e-02 -8.068000000000000171e-02 2.428519999999999790e+00
3.351599999999999913e+00 3.239999999999999825e-03 1.049999999999999961e-01 4.317000000000000004e-02 3.395080000000000098e+00 4.433999999999999747e-02 2.300200000000000022e-01 -8.199999999999999824e-04 2.870190000000000019e+00
3.351599999999999913e+00 -3.239999999999999825e-03 1.049999999999999961e-01 -4.317000000000000004e-02 3.395080000000000098e+00 -4.433999999999999747e-02 2.300200000000000022e-01 8.199999999999999824e-04 2.870190000000000019e+00
3.351599999999999913e+00 3.239999999999999825e-03 1.049999999999999961e-01 4.317000000000000004e-02 3.395080000000000098e+00 4.433999999999999747e-02 2.300200000000000022e-01 -8.199999999999999824e-04 2.870190000000000019e+00
3.351599999999999913e+00 -3.239999999999999825e-03 1.049999999999999961e-01 -4.317000000000000004e-02 3.395080000000000098e+00 -4.433999999999999747e-02 2.300200000000000022e-01 8.199999999999999824e-04 2.870190000000000019e+00
-1.800890000000000102e+00 -2.045800000000000118e-01 2.741500000000000048e-01 -1.838299999999999934e-01 -1.889839999999999964e+00 6.682599999999999651e-01 2.275600000000000123e-01 5.457699999999999774e-01 -2.780800000000000161e+00
-1.800890000000000102e+00 2.045800000000000118e-01 2.741500000000000048e-01 1.838299999999999934e-01 -1.889839999999999964e+00 -6.682599999999999651e-01 2.275600000000000123e-01 -5.457699999999999774e-01 -2.780800000000000161e+00
-1.800890000000000102e+00 -2.045800000000000118e-01 2.741500000000000048e-01 -1.838299999999999934e-01 -1.889839999999999964e+00 6.682599999999999651e-01 2.275600000000000123e-01 5.457699999999999774e-01 -2.780800000000000161e+00
-1.800890000000000102e+00 2.045800000000000118e-01 2.741500000000000048e-01 1.838299999999999934e-01 -1.889839999999999964e+00 -6.682599999999999651e-01 2.275600000000000123e-01 -5.457699999999999774e-01 -2.780800000000000161e+00
-2.908580000000000165e+00 6.410500000000000087e-01 4.607100000000000084e-01 6.007799999999999807e-01 -2.039639999999999898e+00 -3.085800000000000209e-01 4.319999999999999951e-01 -2.153500000000000136e-01 -1.676409999999999956e+00
-2.908580000000000165e+00 -6.410500000000000087e-01 4.607100000000000084e-01 -6.007799999999999807e-01 -2.039639999999999898e+00 3.085800000000000209e-01 4.319999999999999951e-01 2.153500000000000136e-01 -1.676409999999999956e+00
-2.908580000000000165e+00 6.410500000000000087e-01 4.607100000000000084e-01 6.007799999999999807e-01 -2.039639999999999898e+00 -3.085800000000000209e-01 4.319999999999999951e-01 -2.153500000000000136e-01 -1.676409999999999956e+00
-2.908580000000000165e+00 -6.410500000000000087e-01 4.607100000000000084e-01 -6.007799999999999807e-01 -2.039639999999999898e+00 3.085800000000000209e-01 4.319999999999999951e-01 2.153500000000000136e-01 -1.676409999999999956e+00
-2.767189999999999817e+00 -2.369999999999999885e-01 -9.249800000000000244e-01 -1.993900000000000117e-01 -1.568810000000000038e+00 -3.230100000000000193e-01 -9.340100000000000069e-01 -1.117800000000000044e-01 -2.343269999999999964e+00
-2.767189999999999817e+00 2.369999999999999885e-01 -9.249800000000000244e-01 1.993900000000000117e-01 -1.568810000000000038e+00 3.230100000000000193e-01 -9.340100000000000069e-01 1.117800000000000044e-01 -2.343269999999999964e+00
-2.767189999999999817e+00 -2.369999999999999885e-01 -9.249800000000000244e-01 -1.993900000000000117e-01 -1.568810000000000038e+00 -3.230100000000000193e-01 -9.340100000000000069e-01 -1.117800000000000044e-01 -2.343269999999999964e+00
-2.767189999999999817e+00 2.369999999999999885e-01 -9.249800000000000244e-01 1.993900000000000117e-01 -1.568810000000000038e+00 3.230100000000000193e-01 -9.340100000000000069e-01 1.117800000000000044e-01 -2.343269999999999964e+00
-1.341909999999999936e+00 -3.125000000000000000e-01 6.642000000000000681e-02 -3.768500000000000183e-01 -3.659170000000000034e+00 -2.745099999999999763e-01 9.003999999999999504e-02 -1.839500000000000024e-01 -1.494869999999999921e+00
-1.341909999999999936e+00 3.125000000000000000e-01 6.642000000000000681e-02 3.768500000000000183e-01 -3.659170000000000034e+00 2.745099999999999763e-01 9.003999999999999504e-02 1.839500000000000024e-01 -1.494869999999999921e+00
-1.341909999999999936e+00 -3.125000000000000000e-01 6.642000000000000681e-02 -3.768500000000000183e-01 -3.659170000000000034e+00 -2.745099999999999763e-01 9.003999999999999504e-02 -1.839500000000000024e-01 -1.494869999999999921e+00
-1.341909999999999936e+00 3.125000000000000000e-01 6.642000000000000681e-02 3.768500000000000183e-01 -3.659170000000000034e+00 2.745099999999999763e-01 9.003999999999999504e-02 1.839500000000000024e-01 -1.494869999999999921e+00
