1.031099999999999905e+00 -8.760000000000000425e-03 -6.689999999999999766e-03 7.047000000000000486e-02 9.970599999999999463e-01 -1.504999999999999914e-02 -1.583999999999999991e-02 -1.555999999999999918e-02 1.008159999999999945e+00
1.031099999999999905e+00 8.760000000000000425e-03 6.689999999999999766e-03 -7.047000000000000486e-02 9.970599999999999463e-01 -1.504999999999999914e-02 1.583999999999999991e-02 -1.555999999999999918e-02 1.008159999999999945e+00
1.031099999999999905e+00 -8.760000000000000425e-03 6.689999999999999766e-03 7.047000000000000486e-02 9.970599999999999463e-01 1.504999999999999914e-02 1.583999999999999991e-02 1.555999999999999918e-02 1.008159999999999945e+00
1.031099999999999905e+00 8.760000000000000425e-03 -6.689999999999999766e-03 -7.047000000000000486e-02 9.970599999999999463e-01 1.504999999999999914e-02 -1.583999999999999991e-02 1.555999999999999918e-02 1.008159999999999945e+00
2.499499999999999833e+00 -0.000000000000000000e+00 0.000000000000000000e+00 -0.000000000000000000e+00 2.742049999999999876e+00 -2.694599999999999773e-01 -0.000000000000000000e+00 1.739199999999999913e-01 2.981749999999999901e+00
2.499499999999999833e+00 -0.000000000000000000e+00 -0.000000000000000000e+00 -0.000000000000000000e+00 2.742049999999999876e+00 2.694599999999999773e-01 0.000000000000000000e+00 -1.739199999999999913e-01 2.981749999999999901e+00
-9.872600000000000264e-01 0.000000000000000000e+00 0.000000000000000000e+00 0.000000000000000000e+00 -1.791579999999999950e+00 -6.212800000000000544e-01 0.000000000000000000e+00 -7.391999999999999682e-01 -2.310029999999999806e+00
-9.872600000000000264e-01 0.000000000000000000e+00 -0.000000000000000000e+00 0.000000000000000000e+00 -1.791579999999999950e+00 6.212800000000000544e-01 -0.000000000000000000e+00 7.391999999999999682e-01 -2.310029999999999806e+00
-1.787209999999999965e+00 -2.474600000000000133e-01 6.852999999999999370e-02 -3.644600000000000062e-01 -1.472290000000000099e+00 8.933000000000000662e-02 9.105000000000000593e-02 2.109000000000000111e-02 -1.344030000000000058e+00
-1.787209999999999965e+00 -2.474600000000000133e-01 -6.852999999999999370e-02 -3.644600000000000062e-01 -1.472290000000000099e+00 -8.933000000000000662e-02 -9.105000000000000593e-02 -2.109000000000000111e-02 -1.344030000000000058e+00
-1.787209999999999965e+00 2.474600000000000133e-01 -6.852999999999999370e-02 3.644600000000000062e-01 -1.472290000000000099e+00 8.933000000000000662e-02 -9.105000000000000593e-02 2.109000000000000111e-02 -1.344030000000000058e+00
-1.787209999999999965e+00 2.474600000000000133e-01 6.852999999999999370e-02 3.644600000000000062e-01 -1.472290000000000099e+00 -8.933000000000000662e-02 9.105000000000000593e-02 -2.109000000000000111e-02 -1.344030000000000058e+00
