2.666780000000000150e+00 2.635700000000000265e-01 -2.124600000000000100e-01 -7.777000000000000579e-02 3.090539999999999843e+00 -7.459999999999999964e-02 -2.348699999999999954e-01 6.000000000000000152e-05 3.016980000000000217e+00
2.666780000000000150e+00 -2.635700000000000265e-01 -2.124600000000000100e-01 7.777000000000000579e-02 3.090539999999999843e+00 7.459999999999999964e-02 -2.348699999999999954e-01 -6.000000000000000152e-05 3.016980000000000217e+00
2.666780000000000150e+00 2.635700000000000265e-01 -2.124600000000000100e-01 -7.777000000000000579e-02 3.090539999999999843e+00 -7.459999999999999964e-02 -2.348699999999999954e-01 6.000000000000000152e-05 3.016980000000000217e+00
2.666780000000000150e+00 -2.635700000000000265e-01 -2.124600000000000100e-01 7.777000000000000579e-02 3.090539999999999843e+00 7.459999999999999964e-02 -2.348699999999999954e-01 -6.000000000000000152e-05 3.016980000000000217e+00
3.609469999999999956e+00 5.534000000000000030e-02 1.332000000000000024e-02 3.539499999999999869e-01 3.380780000000000118e+00 -3.613999999999999851e-02 -3.600000000000000227e-04 -1.417999999999999990e-02 3.385050000000000114e+00
3.609469999999999956e+00 -5.534000000000000030e-02 1.332000000000000024e-02 -3.539499999999999869e-01 3.380780000000000118e+00 3.613999999999999851e-02 -3.600000000000000227e-04 1.417999999999999990e-02 3.385050000000000114e+00
3.609469999999999956e+00 5.534000000000000030e-02 1.332000000000000024e-02 3.539499999999999869e-01 3.380780000000000118e+00 -3.613999999999999851e-02 -3.600000000000000227e-04 -1.417999999999999990e-02 3.385050000000000114e+00
3.609469999999999956e+00 -5.534000000000000030e-02 1.332000000000000024e-02 -3.539499999999999869e-01 3.380780000000000118e+00 3.613999999999999851e-02 -3.600000000000000227e-04 1.417999999999999990e-02 3.385050000000000114e+00
-1.530340000000000034e+00 -2.760699999999999821e-01 5.586799999999999544e-01 -2.188499999999999890e-01 -1.810519999999999907e+00 -1.940199999999999980e-01 3.724799999999999778e-01 -1.490599999999999981e-01 -2.321750000000000203e+00
-1.530340000000000034e+00 2.760699999999999821e-01 5.586799999999999544e-01 2.188499999999999890e-01 -1.810519999999999907e+00 1.940199999999999980e-01 3.724799999999999778e-01 1.490599999999999981e-01 -2.321750000000000203e+00
-1.530340000000000034e+00 -2.760699999999999821e-01 5.586799999999999544e-01 -2.188499999999999890e-01 -1.810519999999999907e+00 -1.940199999999999980e-01 3.724799999999999778e-01 -1.490599999999999981e-01 -2.321750000000000203e+00
-1.530340000000000034e+00 2.760699999999999821e-01 5.586799999999999544e-01 2.188499999999999890e-01 -1.810519999999999907e+00 1.940199999999999980e-01 3.724799999999999778e-01 1.490599999999999981e-01 -2.321750000000000203e+00
-1.943040000000000100e+00 -1.761399999999999910e-01 -3.120100000000000096e-01 -2.606499999999999928e-01 -1.921210000000000084e+00 -5.535299999999999665e-01 -2.259400000000000019e-01 -5.674500000000000099e-01 -1.838840000000000030e+00
-1.943040000000000100e+00 1.761399999999999910e-01 -3.120100000000000096e-01 2.606499999999999928e-01 -1.921210000000000084e+00 5.535299999999999665e-01 -2.259400000000000019e-01 5.674500000000000099e-01 -1.838840000000000030e+00
-1.943040000000000100e+00 -1.761399999999999910e-01 -3.120100000000000096e-01 -2.606499999999999928e-01 -1.921210000000000084e+00 -5.535299999999999665e-01 -2.259400000000000019e-01 -5.674500000000000099e-01 -1.838840000000000030e+00
-1.943040000000000100e+00 1.761399999999999910e-01 -3.120100000000000096e-01 2.606499999999999928e-01 -1.921210000000000084e+00 5.535299999999999665e-01 -2.259400000000000019e-01 5.674500000000000099e-01 -1.838840000000000030e+00
-2.849779999999999980e+00 -0.000000000000000000e+00 -4.840599999999999903e-01 -0.000000000000000000e+00 -1.157359999999999944e+00 -0.000000000000000000e+00 -4.443900000000000072e-01 -0.000000000000000000e+00 -1.189219999999999944e+00
-2.849779999999999980e+00 -0.000000000000000000e+00 -4.840599999999999903e-01 -0.000000000000000000e+00 -1.157359999999999944e+00 -0.000000000000000000e+00 -4.443900000000000072e-01 -0.000000000000000000e+00 -1.189219999999999944e+00
-1.377969999999999917e+00 2.077299999999999980e-01 1.944799999999999862e-01 4.031799999999999828e-01 -2.160909999999999886e+00 -4.674499999999999766e-01 3.108799999999999897e-01 -4.994399999999999951e-01 -1.646830000000000016e+00
-1.377969999999999917e+00 -2.077299999999999980e-01 1.944799999999999862e-01 -4.031799999999999828e-01 -2.160909999999999886e+00 4.674499999999999766e-01 3.108799999999999897e-01 4.994399999999999951e-01 -1.646830000000000016e+00
-1.377969999999999917e+00 2.077299999999999980e-01 1.944799999999999862e-01 4.031799999999999828e-01 -2.160909999999999886e+00 -4.674499999999999766e-01 3.108799999999999897e-01 -4.994399999999999951e-01 -1.646830000000000016e+00
-1.377969999999999917e+00 -2.077299999999999980e-01 1.944799999999999862e-01 -4.031799999999999828e-01 -2.160909999999999886e+00 4.674499999999999766e-01 3.108799999999999897e-01 4.994399999999999951e-01 -1.646830000000000016e+00
