1.055949999999999944e+00 0.000000000000000000e+00 7.487000000000000599e-02 0.000000000000000000e+00 1.006780000000000008e+00 -0.000000000000000000e+00 1.078699999999999937e-01 -0.000000000000000000e+00 1.233829999999999982e+00
1.194469999999999921e+00 0.000000000000000000e+00 4.510000000000000120e-02 0.000000000000000000e+00 1.017349999999999977e+00 -0.000000000000000000e+00 -2.820999999999999897e-02 -0.000000000000000000e+00 6.469399999999999595e-01
8.693600000000000216e-01 0.000000000000000000e+00 -2.414399999999999880e-01 0.000000000000000000e+00 6.612000000000000099e-01 -0.000000000000000000e+00 -1.844099999999999906e-01 -0.000000000000000000e+00 1.450830000000000064e+00
1.194469999999999921e+00 0.000000000000000000e+00 4.510000000000000120e-02 0.000000000000000000e+00 1.017349999999999977e+00 -0.000000000000000000e+00 -2.820999999999999897e-02 -0.000000000000000000e+00 6.469399999999999595e-01
1.055949999999999944e+00 0.000000000000000000e+00 7.487000000000000599e-02 0.000000000000000000e+00 1.006780000000000008e+00 -0.000000000000000000e+00 1.078699999999999937e-01 -0.000000000000000000e+00 1.233829999999999982e+00
5.819490000000000052e+00 0.000000000000000000e+00 1.990899999999999892e-01 0.000000000000000000e+00 7.570359999999999978e+00 -0.000000000000000000e+00 2.074300000000000033e-01 -0.000000000000000000e+00 5.437490000000000379e+00
-2.891830000000000123e+00 -0.000000000000000000e+00 6.821000000000000396e-01 -0.000000000000000000e+00 -1.662250000000000005e+00 -0.000000000000000000e+00 6.102300000000000502e-01 -0.000000000000000000e+00 -1.789970000000000061e+00
-1.993800000000000017e+00 -0.000000000000000000e+00 -7.328000000000000069e-01 -0.000000000000000000e+00 -1.680209999999999981e+00 0.000000000000000000e+00 -6.667499999999999538e-01 0.000000000000000000e+00 -3.016999999999999904e+00
-1.418409999999999949e+00 -0.000000000000000000e+00 -9.618000000000000160e-02 -0.000000000000000000e+00 -5.594899999999999984e+00 0.000000000000000000e+00 -6.930000000000000049e-02 0.000000000000000000e+00 -1.035910000000000108e+00
-1.993800000000000017e+00 -0.000000000000000000e+00 -7.328000000000000069e-01 -0.000000000000000000e+00 -1.680209999999999981e+00 0.000000000000000000e+00 -6.667499999999999538e-01 0.000000000000000000e+00 -3.016999999999999904e+00
-2.891830000000000123e+00 -0.000000000000000000e+00 6.821000000000000396e-01 -0.000000000000000000e+00 -1.662250000000000005e+00 -0.000000000000000000e+00 6.102300000000000502e-01 -0.000000000000000000e+00 -1.789970000000000061e+00
