1.112640000000000073e+00 1.260000000000000009e-02 6.794000000000000039e-02 1.290999999999999960e-02 1.140970000000000040e+00 2.729999999999999788e-03 7.174999999999999434e-02 -8.489999999999999283e-03 1.151489999999999903e+00
1.112640000000000073e+00 -1.260000000000000009e-02 6.794000000000000039e-02 -1.290999999999999960e-02 1.140970000000000040e+00 -2.729999999999999788e-03 7.174999999999999434e-02 8.489999999999999283e-03 1.151489999999999903e+00
1.112640000000000073e+00 1.260000000000000009e-02 6.794000000000000039e-02 1.290999999999999960e-02 1.140970000000000040e+00 2.729999999999999788e-03 7.174999999999999434e-02 -8.489999999999999283e-03 1.151489999999999903e+00
1.112640000000000073e+00 -1.260000000000000009e-02 6.794000000000000039e-02 -1.290999999999999960e-02 1.140970000000000040e+00 -2.729999999999999788e-03 7.174999999999999434e-02 8.489999999999999283e-03 1.151489999999999903e+00
2.325130000000000141e+00 5.682000000000000245e-02 -5.904000000000000220e-02 6.993000000000000604e-02 2.267879999999999896e+00 -9.897999999999999854e-02 -3.359000000000000180e-02 -6.203999999999999515e-01 1.970069999999999988e+00
2.325130000000000141e+00 -5.682000000000000245e-02 -5.904000000000000220e-02 -6.993000000000000604e-02 2.267879999999999896e+00 9.897999999999999854e-02 -3.359000000000000180e-02 6.203999999999999515e-01 1.970069999999999988e+00
2.325130000000000141e+00 5.682000000000000245e-02 -5.904000000000000220e-02 6.993000000000000604e-02 2.267879999999999896e+00 -9.897999999999999854e-02 -3.359000000000000180e-02 -6.203999999999999515e-01 1.970069999999999988e+00
2.325130000000000141e+00 -5.682000000000000245e-02 -5.904000000000000220e-02 -6.993000000000000604e-02 2.267879999999999896e+00 9.897999999999999854e-02 -3.359000000000000180e-02 6.203999999999999515e-01 1.970069999999999988e+00
-2.878260000000000041e+00 -5.320899999999999519e-01 -3.073500000000000121e-01 -5.263799999999999590e-01 -1.891839999999999966e+00 -1.280799999999999994e-01 -3.523499999999999965e-01 -3.076900000000000190e-01 -1.625170000000000003e+00
-1.998650000000000038e+00 3.069999999999999951e-01 1.447700000000000098e-01 -1.128000000000000010e-02 -2.462940000000000129e+00 7.797100000000000142e-01 1.380200000000000038e-01 4.660799999999999943e-01 -2.308969999999999967e+00
-1.998650000000000038e+00 -3.069999999999999951e-01 1.447700000000000098e-01 1.128000000000000010e-02 -2.462940000000000129e+00 -7.797100000000000142e-01 1.380200000000000038e-01 -4.660799999999999943e-01 -2.308969999999999967e+00
-1.998650000000000038e+00 3.069999999999999951e-01 1.447700000000000098e-01 -1.128000000000000010e-02 -2.462940000000000129e+00 7.797100000000000142e-01 1.380200000000000038e-01 4.660799999999999943e-01 -2.308969999999999967e+00
-2.878260000000000041e+00 5.320899999999999519e-01 -3.073500000000000121e-01 5.263799999999999590e-01 -1.891839999999999966e+00 1.280799999999999994e-01 -3.523499999999999965e-01 3.076900000000000190e-01 -1.625170000000000003e+00
-1.998650000000000038e+00 -3.069999999999999951e-01 1.447700000000000098e-01 1.128000000000000010e-02 -2.462940000000000129e+00 -7.797100000000000142e-01 1.380200000000000038e-01 -4.660799999999999943e-01 -2.308969999999999967e+00
