1.452599999999999891e+00 9.886000000000000343e-02 -1.060000000000000005e-02 1.026000000000000002e-02 1.425040000000000084e+00 1.101099999999999995e-01 3.119999999999999857e-02 2.604000000000000065e-02 1.209929999999999950e+00
1.452599999999999891e+00 -9.886000000000000343e-02 -1.060000000000000005e-02 -1.026000000000000002e-02 1.425040000000000084e+00 -1.101099999999999995e-01 3.119999999999999857e-02 -2.604000000000000065e-02 1.209929999999999950e+00
1.452599999999999891e+00 9.886000000000000343e-02 1.060000000000000005e-02 1.026000000000000002e-02 1.425040000000000084e+00 -1.101099999999999995e-01 -3.119999999999999857e-02 -2.604000000000000065e-02 1.209929999999999950e+00
1.452599999999999891e+00 -9.886000000000000343e-02 1.060000000000000005e-02 -1.026000000000000002e-02 1.425040000000000084e+00 1.101099999999999995e-01 -3.119999999999999857e-02 2.604000000000000065e-02 1.209929999999999950e+00
3.257390000000000008e+00 -0.000000000000000000e+00 0.000000000000000000e+00 -0.000000000000000000e+00 4.326970000000000205e+00 -3.499099999999999988e-01 0.000000000000000000e+00 -1.000700000000000062e-01 6.055629999999999846e+00
3.257390000000000008e+00 -0.000000000000000000e+00 -0.000000000000000000e+00 -0.000000000000000000e+00 4.326970000000000205e+00 3.499099999999999988e-01 -0.000000000000000000e+00 1.000700000000000062e-01 6.055629999999999846e+00
-2.269379999999999953e+00 -1.670699999999999963e-01 9.450000000000000067e-03 -1.223299999999999943e-01 -1.643690000000000095e+00 5.874399999999999622e-01 -6.918000000000000538e-02 7.910800000000000054e-01 -3.422169999999999934e+00
-2.269379999999999953e+00 1.670699999999999963e-01 9.450000000000000067e-03 1.223299999999999943e-01 -1.643690000000000095e+00 -5.874399999999999622e-01 -6.918000000000000538e-02 -7.910800000000000054e-01 -3.422169999999999934e+00
-1.623839999999999950e+00 0.000000000000000000e+00 0.000000000000000000e+00 0.000000000000000000e+00 -3.889679999999999804e+00 -3.735899999999999777e-01 0.000000000000000000e+00 -2.208799999999999930e-01 -1.631150000000000100e+00
-1.623839999999999950e+00 0.000000000000000000e+00 -0.000000000000000000e+00 0.000000000000000000e+00 -3.889679999999999804e+00 3.735899999999999777e-01 -0.000000000000000000e+00 2.208799999999999930e-01 -1.631150000000000100e+00
-2.269379999999999953e+00 -1.670699999999999963e-01 -9.450000000000000067e-03 -1.223299999999999943e-01 -1.643690000000000095e+00 -5.874399999999999622e-01 6.918000000000000538e-02 -7.910800000000000054e-01 -3.422169999999999934e+00
-2.269379999999999953e+00 1.670699999999999963e-01 -9.450000000000000067e-03 1.223299999999999943e-01 -1.643690000000000095e+00 5.874399999999999622e-01 6.918000000000000538e-02 7.910800000000000054e-01 -3.422169999999999934e+00
