-9.712299543015570635e-02
-9.206555604936385306e-02
-3.637874226221117502e-02
3.607165407913147437e+00
3.651498456533178061e+00
3.969734822564585652e+00
3.981525286385938500e+00
4.299356545921085626e+00
5.167665404107929739e+00
5.486541802015288738e+00
5.632721673302099497e+00
5.702124596018434133e+00
6.167558149011862945e+00
6.464345035080514279e+00
6.641117037483122765e+00
6.894659650618662816e+00
7.182042739991339353e+00
7.279761118943858023e+00
7.441376934901726692e+00
7.737653304218187422e+00
7.825967898813683377e+00
7.943977210271312650e+00
8.284053124094715059e+00
8.515725737090741987e+00
8.922224774324812202e+00
8.957889073231173782e+00
9.721432920446599013e+00
1.021215689817677408e+01
1.030472138511282942e+01
1.077667274100187278e+01
1.088768131850039111e+01
1.109341488804125753e+01
1.154935754643341639e+01
1.165161360144100655e+01
1.184377025670653971e+01
1.203422061953902045e+01
1.224357655429421499e+01
1.231377906505128372e+01
1.271316400075275688e+01
1.283856075853566381e+01
1.300645496147913605e+01
1.304874887481638979e+01
1.317614445434973192e+01
1.348012748516365100e+01
1.375406746531902513e+01
1.392341147962258674e+01
1.410635142870351899e+01
1.429403314185419305e+01
1.431012975438875223e+01
1.461863354119650360e+01
1.467645487925017989e+01
1.480747943134932498e+01
1.483159197932884865e+01
1.522316602661502039e+01
1.531725128350165122e+01
1.535902483018963061e+01
1.592352867061809363e+01
1.648802800769799148e+01
1.656008441874171311e+01
1.699925925955504269e+01
1.798151223868806525e+01
1.800836419386866183e+01
1.840509546453689182e+01
1.852183077338713701e+01
1.863970416076875480e+01
1.872474333069420638e+01
1.908394943217280471e+01
1.946268982193942776e+01
2.115687870766717538e+01
2.115999185945112515e+01
2.124769918398393642e+01
2.128228648363406350e+01
2.717203742881626027e+01
2.738061589802833140e+01
2.755590794776333396e+01
2.767479003016910255e+01
3.606631314302138236e+01
3.666101232594048298e+01
3.713765141726471342e+01
3.753442280447575286e+01
3.885971891341310425e+01
3.926272308320320548e+01
4.001408386853241694e+01
4.072050045826067333e+01
