-3.113374422751263512e-02
-2.756463415935949193e-02
-1.845032133743744474e-02
1.986730259569628121e+00
3.027989224614640484e+00
3.239782932231886292e+00
3.719889338138933077e+00
3.779382243237386696e+00
4.767559882191185316e+00
4.968655625410035803e+00
5.174225169007154790e+00
5.284777516753182525e+00
5.443897529157008641e+00
5.696844545368459301e+00
5.735091176645771505e+00
5.780922597730224766e+00
6.308679352958437292e+00
6.460750951159647038e+00
7.162385556366223760e+00
7.203531594734765342e+00
7.383288457243128100e+00
7.414901348061472497e+00
7.908379272781705716e+00
8.155576319359205684e+00
8.794737057032016025e+00
8.977566603894535646e+00
9.289516977092512562e+00
9.390796797020074749e+00
9.476402709483448206e+00
9.799180932846383030e+00
1.006480796736681604e+01
1.023460573916529981e+01
1.028080556550493974e+01
1.117779529746088585e+01
1.199638491527615081e+01
1.200947734337485073e+01
1.213649726309618870e+01
1.234924503059458800e+01
1.277974043827619255e+01
1.293599991558824058e+01
1.304016729746068037e+01
1.318664769294069572e+01
1.548328253490244144e+01
1.619473885957528481e+01
1.636131420073802545e+01
1.660938499053452588e+01
1.732852209466563309e+01
1.835805304717904463e+01
1.867142836114416937e+01
1.911360335610694605e+01
1.931700599475632174e+01
1.933363841608982980e+01
1.966780535127294627e+01
1.980505277191036839e+01
2.025496320869323696e+01
2.026767995143848466e+01
2.095006557521693580e+01
2.173869717971972904e+01
2.215564688321686049e+01
2.243587959754489702e+01
2.248718866589308973e+01
2.349702267654722476e+01
2.362378685037097270e+01
2.390079720543261033e+01
2.390438681153732148e+01
2.476015205464586799e+01
2.494523543069746552e+01
2.509121676037883120e+01
2.659339534234711877e+01
2.665812455325893993e+01
2.775117990643794386e+01
2.775555212118002757e+01
