2.490279999999999827e+00 -0.000000000000000000e+00 0.000000000000000000e+00 -0.000000000000000000e+00 2.490279999999999827e+00 0.000000000000000000e+00 0.000000000000000000e+00 -0.000000000000000000e+00 2.490279999999999827e+00
3.327119999999999855e+00 -0.000000000000000000e+00 0.000000000000000000e+00 -0.000000000000000000e+00 3.327119999999999855e+00 0.000000000000000000e+00 0.000000000000000000e+00 -0.000000000000000000e+00 3.327119999999999855e+00
1.878069999999999906e+00 0.000000000000000000e+00 -0.000000000000000000e+00 0.000000000000000000e+00 -6.916700000000000070e-01 2.058019999999999960e+00 -0.000000000000000000e+00 2.058019999999999960e+00 -6.916700000000000070e-01
1.878069999999999906e+00 -0.000000000000000000e+00 0.000000000000000000e+00 -0.000000000000000000e+00 -6.916700000000000070e-01 -2.058019999999999960e+00 0.000000000000000000e+00 -2.058019999999999960e+00 -6.916700000000000070e-01
-6.916700000000000070e-01 0.000000000000000000e+00 2.058019999999999960e+00 0.000000000000000000e+00 1.878069999999999906e+00 -0.000000000000000000e+00 2.058019999999999960e+00 -0.000000000000000000e+00 -6.916700000000000070e-01
-6.916700000000000070e-01 -0.000000000000000000e+00 -2.058019999999999960e+00 -0.000000000000000000e+00 1.878069999999999906e+00 -0.000000000000000000e+00 -2.058019999999999960e+00 -0.000000000000000000e+00 -6.916700000000000070e-01
-6.916700000000000070e-01 2.058019999999999960e+00 -0.000000000000000000e+00 2.058019999999999960e+00 -6.916700000000000070e-01 0.000000000000000000e+00 -0.000000000000000000e+00 0.000000000000000000e+00 1.878069999999999906e+00
-6.916700000000000070e-01 -2.058019999999999960e+00 0.000000000000000000e+00 -2.058019999999999960e+00 -6.916700000000000070e-01 0.000000000000000000e+00 0.000000000000000000e+00 0.000000000000000000e+00 1.878069999999999906e+00
-8.508599999999999497e-01 3.336600000000000121e-01 3.336600000000000121e-01 3.336600000000000121e-01 -8.508599999999999497e-01 3.336600000000000121e-01 3.336600000000000121e-01 3.336600000000000121e-01 -8.508599999999999497e-01
-8.508599999999999497e-01 3.336600000000000121e-01 3.336600000000000121e-01 3.336600000000000121e-01 -8.508599999999999497e-01 3.336600000000000121e-01 3.336600000000000121e-01 3.336600000000000121e-01 -8.508599999999999497e-01
-8.508599999999999497e-01 3.336600000000000121e-01 -3.336600000000000121e-01 3.336600000000000121e-01 -8.508599999999999497e-01 -3.336600000000000121e-01 -3.336600000000000121e-01 -3.336600000000000121e-01 -8.508599999999999497e-01
-8.508599999999999497e-01 -3.336600000000000121e-01 3.336600000000000121e-01 -3.336600000000000121e-01 -8.508599999999999497e-01 -3.336600000000000121e-01 3.336600000000000121e-01 -3.336600000000000121e-01 -8.508599999999999497e-01
-8.508599999999999497e-01 3.336600000000000121e-01 -3.336600000000000121e-01 3.336600000000000121e-01 -8.508599999999999497e-01 -3.336600000000000121e-01 -3.336600000000000121e-01 -3.336600000000000121e-01 -8.508599999999999497e-01
-8.508599999999999497e-01 -3.336600000000000121e-01 3.336600000000000121e-01 -3.336600000000000121e-01 -8.508599999999999497e-01 -3.336600000000000121e-01 3.336600000000000121e-01 -3.336600000000000121e-01 -8.508599999999999497e-01
-8.508599999999999497e-01 -3.336600000000000121e-01 -3.336600000000000121e-01 -3.336600000000000121e-01 -8.508599999999999497e-01 3.336600000000000121e-01 -3.336600000000000121e-01 3.336600000000000121e-01 -8.508599999999999497e-01
-8.508599999999999497e-01 -3.336600000000000121e-01 -3.336600000000000121e-01 -3.336600000000000121e-01 -8.508599999999999497e-01 3.336600000000000121e-01 -3.336600000000000121e-01 3.336600000000000121e-01 -8.508599999999999497e-01
