1.138099999999999890e+00 2.807000000000000120e-02 -0.000000000000000000e+00 1.379999999999999933e-03 1.134030000000000094e+00 0.000000000000000000e+00 0.000000000000000000e+00 0.000000000000000000e+00 1.342530000000000001e+00
1.138099999999999890e+00 2.807000000000000120e-02 0.000000000000000000e+00 1.379999999999999933e-03 1.134030000000000094e+00 0.000000000000000000e+00 0.000000000000000000e+00 0.000000000000000000e+00 1.342530000000000001e+00
1.491819999999999924e+00 -1.074600000000000000e-01 0.000000000000000000e+00 2.775000000000000036e-02 9.733000000000000540e-01 0.000000000000000000e+00 0.000000000000000000e+00 0.000000000000000000e+00 1.204099999999999948e+00
1.491819999999999924e+00 1.074600000000000000e-01 0.000000000000000000e+00 -2.775000000000000036e-02 9.733000000000000540e-01 0.000000000000000000e+00 0.000000000000000000e+00 0.000000000000000000e+00 1.204099999999999948e+00
1.159769999999999968e+00 2.044199999999999906e-01 0.000000000000000000e+00 2.548400000000000110e-01 1.477109999999999923e+00 -0.000000000000000000e+00 0.000000000000000000e+00 0.000000000000000000e+00 1.174800000000000066e+00
1.159769999999999968e+00 2.044199999999999906e-01 0.000000000000000000e+00 2.548400000000000110e-01 1.477109999999999923e+00 -0.000000000000000000e+00 0.000000000000000000e+00 0.000000000000000000e+00 1.174800000000000066e+00
1.159769999999999968e+00 -2.044199999999999906e-01 0.000000000000000000e+00 -2.548400000000000110e-01 1.477109999999999923e+00 -0.000000000000000000e+00 0.000000000000000000e+00 0.000000000000000000e+00 1.174800000000000066e+00
1.159769999999999968e+00 -2.044199999999999906e-01 0.000000000000000000e+00 -2.548400000000000110e-01 1.477109999999999923e+00 0.000000000000000000e+00 0.000000000000000000e+00 0.000000000000000000e+00 1.174800000000000066e+00
1.138099999999999890e+00 -2.807000000000000120e-02 -0.000000000000000000e+00 -1.379999999999999933e-03 1.134030000000000094e+00 0.000000000000000000e+00 0.000000000000000000e+00 0.000000000000000000e+00 1.342530000000000001e+00
1.138099999999999890e+00 -2.807000000000000120e-02 -0.000000000000000000e+00 -1.379999999999999933e-03 1.134030000000000094e+00 0.000000000000000000e+00 0.000000000000000000e+00 0.000000000000000000e+00 1.342530000000000001e+00
-1.015330000000000066e+00 -1.667000000000000079e-02 0.000000000000000000e+00 -3.937000000000000222e-02 -1.043809999999999905e+00 0.000000000000000000e+00 0.000000000000000000e+00 0.000000000000000000e+00 -1.068310000000000093e+00
-1.015330000000000066e+00 -1.667000000000000079e-02 0.000000000000000000e+00 -3.937000000000000222e-02 -1.043809999999999905e+00 0.000000000000000000e+00 0.000000000000000000e+00 0.000000000000000000e+00 -1.068310000000000093e+00
-1.015330000000000066e+00 1.667000000000000079e-02 -0.000000000000000000e+00 3.937000000000000222e-02 -1.043809999999999905e+00 0.000000000000000000e+00 0.000000000000000000e+00 0.000000000000000000e+00 -1.068310000000000093e+00
-1.015330000000000066e+00 1.667000000000000079e-02 -0.000000000000000000e+00 3.937000000000000222e-02 -1.043809999999999905e+00 0.000000000000000000e+00 0.000000000000000000e+00 0.000000000000000000e+00 -1.068310000000000093e+00
6.440999999999999504e-02 1.764119999999999910e+00 0.000000000000000000e+00 1.803700000000000081e+00 8.410900000000000043e-01 0.000000000000000000e+00 0.000000000000000000e+00 0.000000000000000000e+00 -1.319029999999999925e+00
6.440999999999999504e-02 -1.764119999999999910e+00 0.000000000000000000e+00 -1.803700000000000081e+00 8.410900000000000043e-01 0.000000000000000000e+00 0.000000000000000000e+00 0.000000000000000000e+00 -1.319029999999999925e+00
-2.060659999999999936e+00 8.179100000000000259e-01 0.000000000000000000e+00 8.250399999999999956e-01 -2.474520000000000053e+00 0.000000000000000000e+00 0.000000000000000000e+00 0.000000000000000000e+00 -1.391550000000000065e+00
-2.060659999999999936e+00 8.179100000000000259e-01 0.000000000000000000e+00 8.250399999999999956e-01 -2.474520000000000053e+00 0.000000000000000000e+00 0.000000000000000000e+00 0.000000000000000000e+00 -1.391550000000000065e+00
-2.060659999999999936e+00 -8.179100000000000259e-01 -0.000000000000000000e+00 -8.250399999999999956e-01 -2.474520000000000053e+00 0.000000000000000000e+00 0.000000000000000000e+00 0.000000000000000000e+00 -1.391550000000000065e+00
-2.060659999999999936e+00 -8.179100000000000259e-01 -0.000000000000000000e+00 -8.250399999999999956e-01 -2.474520000000000053e+00 0.000000000000000000e+00 0.000000000000000000e+00 0.000000000000000000e+00 -1.391550000000000065e+00
