-6.984115651702239858e-02
-2.509897845284294812e-02
-1.168188196787410017e-02
2.524223945408805125e+00
2.659528761395129504e+00
2.791008706582702281e+00
2.824038440496589697e+00
3.053735990981471637e+00
3.240213878004933434e+00
3.357850449302918427e+00
3.385691701442125279e+00
3.560234565100342863e+00
3.796095731978801346e+00
3.813491067896098041e+00
3.916986686381706662e+00
3.941444087733867896e+00
3.963070069622300018e+00
4.244230944525837934e+00
4.279641436660281961e+00
4.861956311123655006e+00
5.064843616839204365e+00
5.119306268870029264e+00
5.576302342251175936e+00
5.897396183551535387e+00
5.931096135414012593e+00
6.150545302762279398e+00
6.215215821363969440e+00
6.530465932548959351e+00
6.552870779389047939e+00
6.803298750195763134e+00
6.963798256290152366e+00
7.147469900062016102e+00
7.529670462575783318e+00
8.379451543569690131e+00
8.404331414121390509e+00
8.462868593601090339e+00
8.658284964829800145e+00
9.019691532492860375e+00
9.052669440898256425e+00
9.802979222353437549e+00
9.832823004565806713e+00
9.961729714494692800e+00
1.064385326439406398e+01
1.157084344512619545e+01
1.200688799644442817e+01
1.225075538321065238e+01
1.283584821706553569e+01
1.302567981064277447e+01
1.553066955967319451e+01
1.565665709541003636e+01
1.597552067230392403e+01
1.613351184459114407e+01
1.622017893472190408e+01
1.648816826148550518e+01
1.788750281518412422e+01
1.794875044964212307e+01
1.810586856567996250e+01
2.259631598796289254e+01
2.389540340004392505e+01
2.474844392838240026e+01
