1.057719999999999994e+00 -4.934999999999999803e-02 -0.000000000000000000e+00 4.934999999999999803e-02 1.057719999999999994e+00 0.000000000000000000e+00 -0.000000000000000000e+00 0.000000000000000000e+00 1.408379999999999965e+00
1.057719999999999994e+00 -4.934999999999999803e-02 -0.000000000000000000e+00 4.934999999999999803e-02 1.057719999999999994e+00 0.000000000000000000e+00 -0.000000000000000000e+00 0.000000000000000000e+00 1.408379999999999965e+00
5.154840000000000089e+00 -3.540000000000000091e-02 0.000000000000000000e+00 3.540000000000000091e-02 5.154840000000000089e+00 0.000000000000000000e+00 0.000000000000000000e+00 0.000000000000000000e+00 2.259809999999999874e+00
5.154840000000000089e+00 -3.540000000000000091e-02 0.000000000000000000e+00 3.540000000000000091e-02 5.154840000000000089e+00 0.000000000000000000e+00 0.000000000000000000e+00 0.000000000000000000e+00 2.259809999999999874e+00
-2.449440000000000062e+00 -5.065600000000000103e-01 -5.977999999999999980e-02 -5.630500000000000504e-01 -1.692260000000000097e+00 -3.225999999999999701e-02 -7.220999999999999641e-02 1.980899999999999883e-01 -1.222730000000000095e+00
-2.344710000000000072e+00 6.235199999999999632e-01 5.782999999999999946e-02 5.670199999999999685e-01 -1.796990000000000087e+00 -3.565000000000000113e-02 -1.354400000000000048e-01 -1.615800000000000014e-01 -1.222730000000000095e+00
-1.418400000000000105e+00 -3.221999999999999864e-02 1.959999999999999937e-03 -8.870999999999999719e-02 -2.723300000000000054e+00 6.790000000000000202e-02 2.076500000000000012e-01 -3.651000000000000079e-02 -1.222730000000000095e+00
-2.449440000000000062e+00 -5.065600000000000103e-01 -5.977999999999999980e-02 -5.630500000000000504e-01 -1.692260000000000097e+00 -3.225999999999999701e-02 -7.220999999999999641e-02 1.980899999999999883e-01 -1.222730000000000095e+00
-1.418400000000000105e+00 -3.221999999999999864e-02 1.959999999999999937e-03 -8.870999999999999719e-02 -2.723300000000000054e+00 6.790000000000000202e-02 2.076500000000000012e-01 -3.651000000000000079e-02 -1.222730000000000095e+00
-2.344710000000000072e+00 6.235199999999999632e-01 5.782999999999999946e-02 5.670199999999999685e-01 -1.796990000000000087e+00 -3.565000000000000113e-02 -1.354400000000000048e-01 -1.615800000000000014e-01 -1.222730000000000095e+00
