-6.893047746529043680e-03
-6.893047742917473436e-03
-6.893047741768052600e-03
3.612485616090251206e+00
3.612485616090257423e+00
3.612485616090259644e+00
4.038361188073091412e+00
4.038361188073094965e+00
4.038361188073098518e+00
4.066348065463294859e+00
4.066348065463295747e+00
4.066348065463301964e+00
7.796021713239109197e+00
7.796021713239115414e+00
7.796021713239122519e+00
8.716519856483715856e+00
8.716519856483715856e+00
8.716519856483717632e+00
9.727225884012671742e+00
9.727225884012677071e+00
9.727225884012680623e+00
1.272834128127628084e+01
1.272834128127628439e+01
1.272834128127628617e+01
1.700700152198437820e+01
1.700700152198438175e+01
1.799333609435756642e+01
1.799333609435756642e+01
1.799333609435757353e+01
2.421336152164454347e+01
