-1.578335172825660604e-01
-1.578335172825239274e-01
-1.578335172821243859e-01
1.894620332219884462e+00
1.894620332219897119e+00
1.894620332219901115e+00
3.037105970210414174e+00
3.037105970210431494e+00
3.076560905774433863e+00
3.076560905774439192e+00
3.076560905774454291e+00
3.723658511484615907e+00
3.723658511484622124e+00
4.159429775571549470e+00
4.159429775571554799e+00
4.159429775571562793e+00
4.169883805235089724e+00
4.169883805235101271e+00
4.169883805235111041e+00
5.734337598585106832e+00
5.734337598585119267e+00
5.734337598585123708e+00
6.224453965800370803e+00
6.224453965800372579e+00
6.224453965800374355e+00
7.187495809538813063e+00
7.187495809538816616e+00
7.187495809538819280e+00
7.388711337928768330e+00
8.321070824062671178e+00
8.321070824062674731e+00
8.321070824062680060e+00
8.615911320044048693e+00
8.789388144903545808e+00
8.789388144903545808e+00
8.789388144903556466e+00
9.054268145545329105e+00
9.054268145545337987e+00
9.710602288760993517e+00
9.710602288760998846e+00
9.710602288761000622e+00
1.015727192831254122e+01
1.067500457703851602e+01
1.067500457703851602e+01
1.067500457703851957e+01
1.123190856576022156e+01
1.123190856576022334e+01
1.135166686662629942e+01
1.135166686662630298e+01
1.135166686662631541e+01
1.414477235613701112e+01
1.434142855396284588e+01
1.434142855396284943e+01
1.434142855396285121e+01
1.507500325849907341e+01
1.507500325849907696e+01
1.507500325849908052e+01
1.629145583822464971e+01
1.629145583822465682e+01
1.629145583822465682e+01
1.637241789608374987e+01
1.637241789608375342e+01
1.637241789608375697e+01
2.183780904618870977e+01
2.183780904618872398e+01
2.183780904618872754e+01
