-1.272381094486038366e-01
-5.459425403380806230e-02
-3.931806894195904317e-02
2.035846744307850731e+00
2.126557146329774106e+00
2.300591375902135916e+00
3.088573608185656294e+00
3.808926432839527809e+00
3.826614000150819539e+00
3.961417025362178546e+00
4.328449914505715590e+00
4.338000203090220275e+00
4.441585617415015008e+00
4.861368615874351207e+00
5.173857138804726752e+00
5.415330341752261134e+00
5.748088896892300070e+00
6.095634569197938113e+00
6.478592090565963524e+00
6.988296102615256800e+00
7.234773733075134494e+00
7.396873880631853915e+00
7.710709579093349753e+00
8.751919580801768461e+00
1.206564483712803160e+01
1.261578179136009581e+01
1.352151660408961931e+01
1.448422426317775269e+01
1.532649954848376694e+01
1.540626964188803072e+01
1.672098884770384686e+01
1.681507269158363016e+01
1.767306266526064462e+01
1.772126885398809293e+01
2.245835439715482096e+01
2.271729221960429257e+01
2.590521203528714977e+01
2.596558365078239916e+01
3.383291364255333633e+01
3.397894864854243480e+01
3.671403835386148273e+01
3.760077300404331879e+01
