1.214620000000000033e+00 -2.326100000000000112e-01 -2.326100000000000112e-01 -2.326100000000000112e-01 1.214620000000000033e+00 -2.326100000000000112e-01 -2.326100000000000112e-01 -2.326100000000000112e-01 1.214620000000000033e+00
1.214620000000000033e+00 2.326100000000000112e-01 2.326100000000000112e-01 2.326100000000000112e-01 1.214620000000000033e+00 -2.326100000000000112e-01 2.326100000000000112e-01 -2.326100000000000112e-01 1.214620000000000033e+00
1.214620000000000033e+00 -2.326100000000000112e-01 2.326100000000000112e-01 -2.326100000000000112e-01 1.214620000000000033e+00 2.326100000000000112e-01 2.326100000000000112e-01 2.326100000000000112e-01 1.214620000000000033e+00
1.214620000000000033e+00 2.326100000000000112e-01 -2.326100000000000112e-01 2.326100000000000112e-01 1.214620000000000033e+00 2.326100000000000112e-01 -2.326100000000000112e-01 2.326100000000000112e-01 1.214620000000000033e+00
3.078879999999999839e+00 0.000000000000000000e+00 -0.000000000000000000e+00 0.000000000000000000e+00 3.078879999999999839e+00 -0.000000000000000000e+00 -0.000000000000000000e+00 0.000000000000000000e+00 3.078879999999999839e+00
3.078879999999999839e+00 0.000000000000000000e+00 -0.000000000000000000e+00 0.000000000000000000e+00 3.078879999999999839e+00 -0.000000000000000000e+00 -0.000000000000000000e+00 0.000000000000000000e+00 3.078879999999999839e+00
-1.377029999999999976e+00 5.103100000000000414e-01 -5.103100000000000414e-01 5.103100000000000414e-01 -1.377029999999999976e+00 5.103100000000000414e-01 -5.103100000000000414e-01 5.103100000000000414e-01 -1.377029999999999976e+00
-1.377029999999999976e+00 -5.103100000000000414e-01 5.103100000000000414e-01 -5.103100000000000414e-01 -1.377029999999999976e+00 5.103100000000000414e-01 5.103100000000000414e-01 5.103100000000000414e-01 -1.377029999999999976e+00
-1.377029999999999976e+00 -5.103100000000000414e-01 -5.103100000000000414e-01 -5.103100000000000414e-01 -1.377029999999999976e+00 -5.103100000000000414e-01 -5.103100000000000414e-01 -5.103100000000000414e-01 -1.377029999999999976e+00
-1.377029999999999976e+00 5.103100000000000414e-01 5.103100000000000414e-01 5.103100000000000414e-01 -1.377029999999999976e+00 -5.103100000000000414e-01 5.103100000000000414e-01 -5.103100000000000414e-01 -1.377029999999999976e+00
-1.377029999999999976e+00 -5.103100000000000414e-01 -5.103100000000000414e-01 -5.103100000000000414e-01 -1.377029999999999976e+00 -5.103100000000000414e-01 -5.103100000000000414e-01 -5.103100000000000414e-01 -1.377029999999999976e+00
-1.377029999999999976e+00 5.103100000000000414e-01 5.103100000000000414e-01 5.103100000000000414e-01 -1.377029999999999976e+00 -5.103100000000000414e-01 5.103100000000000414e-01 -5.103100000000000414e-01 -1.377029999999999976e+00
-1.377029999999999976e+00 5.103100000000000414e-01 -5.103100000000000414e-01 5.103100000000000414e-01 -1.377029999999999976e+00 5.103100000000000414e-01 -5.103100000000000414e-01 5.103100000000000414e-01 -1.377029999999999976e+00
-1.377029999999999976e+00 -5.103100000000000414e-01 5.103100000000000414e-01 -5.103100000000000414e-01 -1.377029999999999976e+00 5.103100000000000414e-01 5.103100000000000414e-01 5.103100000000000414e-01 -1.377029999999999976e+00
