-7.059416944762506030e-02
-7.059415754862437276e-02
-5.404581824711325588e-02
2.170402833577214086e+00
2.170403068556621573e+00
2.520440526971425843e+00
2.520440810651978225e+00
2.797574599541538642e+00
3.212236510595071426e+00
3.633561957638812512e+00
3.734170055045698877e+00
3.734170550470345074e+00
3.914518846550620434e+00
3.981755492242084138e+00
3.981756044762160052e+00
4.895621727625614206e+00
4.895622422123667050e+00
5.520473956101957569e+00
5.520474753134914536e+00
5.715428085454316687e+00
5.763580631864188675e+00
5.763581447329429785e+00
6.321447737662631461e+00
6.321448172689545508e+00
6.930884950711560855e+00
6.938081363028254067e+00
6.938081586432952363e+00
7.367894163192085344e+00
8.073914608168703211e+00
8.277210623150772051e+00
8.277210997673069670e+00
8.424379662622049736e+00
8.612942458881285290e+00
8.989720301544425141e+00
8.989721169202079309e+00
9.870643894903716742e+00
1.010232161436172049e+01
1.010232235676529911e+01
1.120894932631957275e+01
1.147449933548300827e+01
1.147449968408209031e+01
1.174669970672614028e+01
1.255924189591075546e+01
1.255924225421263252e+01
1.273773877106921937e+01
1.636519917385669842e+01
1.636519963214625761e+01
1.701695260615131389e+01
1.701695331133043965e+01
1.731714739788282742e+01
1.920702134637226877e+01
1.920702290830101688e+01
2.009830975480276649e+01
2.009831149624266189e+01
2.296347682734476692e+01
2.382232908428560947e+01
2.464110870070582138e+01
