2.893909999999999982e+00 -1.395099999999999951e-01 3.746700000000000030e-01 -1.395099999999999951e-01 2.732819999999999805e+00 -2.163200000000000123e-01 2.717399999999999816e-01 -1.568900000000000017e-01 2.398610000000000131e+00
2.893909999999999982e+00 1.395099999999999951e-01 -3.746700000000000030e-01 1.395099999999999951e-01 2.732819999999999805e+00 -2.163200000000000123e-01 -2.717399999999999816e-01 -1.568900000000000017e-01 2.398610000000000131e+00
2.652270000000000127e+00 0.000000000000000000e+00 -0.000000000000000000e+00 0.000000000000000000e+00 2.974450000000000038e+00 4.326400000000000245e-01 -0.000000000000000000e+00 3.137800000000000034e-01 2.398610000000000131e+00
2.893909999999999982e+00 -1.395099999999999951e-01 3.746700000000000030e-01 -1.395099999999999951e-01 2.732819999999999805e+00 -2.163200000000000123e-01 2.717399999999999816e-01 -1.568900000000000017e-01 2.398610000000000131e+00
2.652270000000000127e+00 0.000000000000000000e+00 -0.000000000000000000e+00 0.000000000000000000e+00 2.974450000000000038e+00 4.326400000000000245e-01 -0.000000000000000000e+00 3.137800000000000034e-01 2.398610000000000131e+00
2.893909999999999982e+00 1.395099999999999951e-01 -3.746700000000000030e-01 1.395099999999999951e-01 2.732819999999999805e+00 -2.163200000000000123e-01 -2.717399999999999816e-01 -1.568900000000000017e-01 2.398610000000000131e+00
1.394859999999999989e+00 0.000000000000000000e+00 0.000000000000000000e+00 0.000000000000000000e+00 1.394859999999999989e+00 -0.000000000000000000e+00 0.000000000000000000e+00 -0.000000000000000000e+00 3.507210000000000161e+00
1.394859999999999989e+00 0.000000000000000000e+00 0.000000000000000000e+00 0.000000000000000000e+00 1.394859999999999989e+00 -0.000000000000000000e+00 0.000000000000000000e+00 -0.000000000000000000e+00 3.507210000000000161e+00
1.572140000000000093e+00 5.861999999999999850e-02 0.000000000000000000e+00 -5.861999999999999850e-02 1.572140000000000093e+00 -0.000000000000000000e+00 0.000000000000000000e+00 -0.000000000000000000e+00 2.512799999999999923e+00
1.572140000000000093e+00 -5.861999999999999850e-02 0.000000000000000000e+00 5.861999999999999850e-02 1.572140000000000093e+00 -0.000000000000000000e+00 0.000000000000000000e+00 -0.000000000000000000e+00 2.512799999999999923e+00
-1.709889999999999910e+00 4.243100000000000205e-01 3.051800000000000068e-01 4.924200000000000244e-01 -2.092470000000000052e+00 -4.355700000000000127e-01 2.591300000000000270e-01 -4.273000000000000131e-01 -2.202640000000000153e+00
-1.599869999999999903e+00 -4.289000000000000035e-01 2.246299999999999963e-01 -3.607899999999999996e-01 -2.202490000000000059e+00 4.820800000000000085e-01 2.404799999999999993e-01 4.380600000000000049e-01 -2.202640000000000153e+00
-2.393780000000000019e+00 -9.757000000000000395e-02 -5.298100000000000032e-01 -2.946999999999999967e-02 -1.408579999999999943e+00 -4.651000000000000273e-02 -4.996200000000000085e-01 -1.077000000000000006e-02 -2.202640000000000153e+00
-1.709889999999999910e+00 -4.243100000000000205e-01 -3.051800000000000068e-01 -4.924200000000000244e-01 -2.092470000000000052e+00 -4.355700000000000127e-01 -2.591300000000000270e-01 -4.273000000000000131e-01 -2.202640000000000153e+00
-2.393780000000000019e+00 9.757000000000000395e-02 5.298100000000000032e-01 2.946999999999999967e-02 -1.408579999999999943e+00 -4.651000000000000273e-02 4.996200000000000085e-01 -1.077000000000000006e-02 -2.202640000000000153e+00
-1.599869999999999903e+00 4.289000000000000035e-01 -2.246299999999999963e-01 3.607899999999999996e-01 -2.202490000000000059e+00 4.820800000000000085e-01 -2.404799999999999993e-01 4.380600000000000049e-01 -2.202640000000000153e+00
-1.709889999999999910e+00 4.243100000000000205e-01 3.051800000000000068e-01 4.924200000000000244e-01 -2.092470000000000052e+00 -4.355700000000000127e-01 2.591300000000000270e-01 -4.273000000000000131e-01 -2.202640000000000153e+00
-1.599869999999999903e+00 -4.289000000000000035e-01 2.246299999999999963e-01 -3.607899999999999996e-01 -2.202490000000000059e+00 4.820800000000000085e-01 2.404799999999999993e-01 4.380600000000000049e-01 -2.202640000000000153e+00
-2.393780000000000019e+00 -9.757000000000000395e-02 -5.298100000000000032e-01 -2.946999999999999967e-02 -1.408579999999999943e+00 -4.651000000000000273e-02 -4.996200000000000085e-01 -1.077000000000000006e-02 -2.202640000000000153e+00
-1.709889999999999910e+00 -4.243100000000000205e-01 -3.051800000000000068e-01 -4.924200000000000244e-01 -2.092470000000000052e+00 -4.355700000000000127e-01 -2.591300000000000270e-01 -4.273000000000000131e-01 -2.202640000000000153e+00
-1.599869999999999903e+00 4.289000000000000035e-01 -2.246299999999999963e-01 3.607899999999999996e-01 -2.202490000000000059e+00 4.820800000000000085e-01 -2.404799999999999993e-01 4.380600000000000049e-01 -2.202640000000000153e+00
-2.393780000000000019e+00 9.757000000000000395e-02 5.298100000000000032e-01 2.946999999999999967e-02 -1.408579999999999943e+00 -4.651000000000000273e-02 4.996200000000000085e-01 -1.077000000000000006e-02 -2.202640000000000153e+00
