2.489360000000000017e+00 -1.222300000000000053e-01 -4.383000000000000090e-02 9.135999999999999677e-02 2.704590000000000050e+00 -4.062000000000000333e-02 -1.262600000000000111e-01 -1.035399999999999932e-01 2.506029999999999980e+00
2.489360000000000017e+00 -1.222300000000000053e-01 4.383000000000000090e-02 9.135999999999999677e-02 2.704590000000000050e+00 4.062000000000000333e-02 1.262600000000000111e-01 1.035399999999999932e-01 2.506029999999999980e+00
2.489360000000000017e+00 1.222300000000000053e-01 -4.383000000000000090e-02 -9.135999999999999677e-02 2.704590000000000050e+00 4.062000000000000333e-02 -1.262600000000000111e-01 1.035399999999999932e-01 2.506029999999999980e+00
2.489360000000000017e+00 1.222300000000000053e-01 4.383000000000000090e-02 -9.135999999999999677e-02 2.704590000000000050e+00 -4.062000000000000333e-02 1.262600000000000111e-01 -1.035399999999999932e-01 2.506029999999999980e+00
3.470670000000000144e+00 -0.000000000000000000e+00 0.000000000000000000e+00 -0.000000000000000000e+00 2.501539999999999875e+00 -1.512600000000000056e-01 0.000000000000000000e+00 2.765900000000000025e-01 2.780310000000000059e+00
3.470670000000000144e+00 -0.000000000000000000e+00 0.000000000000000000e+00 -0.000000000000000000e+00 2.501539999999999875e+00 1.512600000000000056e-01 0.000000000000000000e+00 -2.765900000000000025e-01 2.780310000000000059e+00
3.436999999999999833e+00 -4.959299999999999820e-01 0.000000000000000000e+00 2.769800000000000040e-01 3.623759999999999870e+00 0.000000000000000000e+00 0.000000000000000000e+00 0.000000000000000000e+00 3.559140000000000192e+00
3.436999999999999833e+00 4.959299999999999820e-01 0.000000000000000000e+00 -2.769800000000000040e-01 3.623759999999999870e+00 0.000000000000000000e+00 0.000000000000000000e+00 0.000000000000000000e+00 3.559140000000000192e+00
-2.310880000000000045e+00 0.000000000000000000e+00 -0.000000000000000000e+00 0.000000000000000000e+00 -2.032020000000000159e+00 3.803500000000000214e-01 -0.000000000000000000e+00 4.537100000000000022e-01 -2.461980000000000057e+00
-2.310880000000000045e+00 0.000000000000000000e+00 -0.000000000000000000e+00 0.000000000000000000e+00 -2.032020000000000159e+00 -3.803500000000000214e-01 -0.000000000000000000e+00 -4.537100000000000022e-01 -2.461980000000000057e+00
-2.880489999999999995e+00 -3.042599999999999749e-01 -1.101300000000000057e-01 -4.146699999999999831e-01 -2.026429999999999954e+00 -5.403999999999999776e-02 -1.009300000000000058e-01 -7.200000000000000453e-04 -1.846670000000000034e+00
-2.880489999999999995e+00 -3.042599999999999749e-01 1.101300000000000057e-01 -4.146699999999999831e-01 -2.026429999999999954e+00 5.403999999999999776e-02 1.009300000000000058e-01 7.200000000000000453e-04 -1.846670000000000034e+00
-2.880489999999999995e+00 3.042599999999999749e-01 -1.101300000000000057e-01 4.146699999999999831e-01 -2.026429999999999954e+00 5.403999999999999776e-02 -1.009300000000000058e-01 7.200000000000000453e-04 -1.846670000000000034e+00
-2.880489999999999995e+00 3.042599999999999749e-01 1.101300000000000057e-01 4.146699999999999831e-01 -2.026429999999999954e+00 -5.403999999999999776e-02 1.009300000000000058e-01 -7.200000000000000453e-04 -1.846670000000000034e+00
-1.907259999999999955e+00 -2.700999999999999929e-02 -7.040000000000000251e-03 -2.118000000000000091e-02 -2.724800000000000111e+00 -3.085300000000000264e-01 -1.221999999999999996e-02 -3.752599999999999825e-01 -2.598100000000000076e+00
-1.907259999999999955e+00 -2.700999999999999929e-02 7.040000000000000251e-03 -2.118000000000000091e-02 -2.724800000000000111e+00 3.085300000000000264e-01 1.221999999999999996e-02 3.752599999999999825e-01 -2.598100000000000076e+00
-1.907259999999999955e+00 2.700999999999999929e-02 7.040000000000000251e-03 2.118000000000000091e-02 -2.724800000000000111e+00 -3.085300000000000264e-01 1.221999999999999996e-02 -3.752599999999999825e-01 -2.598100000000000076e+00
-1.907259999999999955e+00 2.700999999999999929e-02 -7.040000000000000251e-03 2.118000000000000091e-02 -2.724800000000000111e+00 3.085300000000000264e-01 -1.221999999999999996e-02 3.752599999999999825e-01 -2.598100000000000076e+00
