-1.188826105870829153e+00
-6.631973906764108972e-02
-4.574038161187551910e-02
8.346646937543242273e-02
1.157580182967901328e+00
1.323848265474559582e+00
1.523149457538556906e+00
2.056233590815985224e+00
2.211732571989660556e+00
3.393194483079329693e+00
3.546332344831769845e+00
3.822487436212184786e+00
3.850513913752292794e+00
3.887472212119335691e+00
4.212545857317164355e+00
4.245750463698967359e+00
4.325333455353471912e+00
5.229428611234691715e+00
5.362770468703653037e+00
5.418184511439233297e+00
5.770618866291552074e+00
5.895086369172210183e+00
5.900812960940212903e+00
5.981401248871371479e+00
6.359109827640972767e+00
6.568791114048306845e+00
6.733205016929159292e+00
6.764376674905086873e+00
6.893691899120528710e+00
6.979890608025314691e+00
7.256972199202640361e+00
7.292712773721449437e+00
7.330523848948313770e+00
7.660562277013352350e+00
7.882285867690920433e+00
8.011305049740647277e+00
8.347062489283281650e+00
8.504628774967194715e+00
8.684262737849426372e+00
8.884690917527745313e+00
8.916599374200906425e+00
8.944963761804739732e+00
8.999973849962010775e+00
9.167917593434182777e+00
9.305291623587086391e+00
9.317980435695281116e+00
9.819406321158117734e+00
1.004367004635257921e+01
1.123447355241891188e+01
1.150339675921855687e+01
1.150451276673636514e+01
1.182322604029881497e+01
1.188363130528711764e+01
1.213766773313555447e+01
1.215148723407962095e+01
1.240854681258043257e+01
1.431697820770849638e+01
1.445333262607624292e+01
1.454743028854237252e+01
1.482767591364202886e+01
1.484751282201837341e+01
1.486473504641101862e+01
1.500878222908174564e+01
1.514949243374179844e+01
1.529081969679846864e+01
1.584798848434715346e+01
1.587611180358717355e+01
1.601074573528666178e+01
2.411244695173013497e+01
2.416488547458894942e+01
2.422800831682208411e+01
2.431670045462582763e+01
2.534901325495728130e+01
2.543607432368446197e+01
2.565087671016333815e+01
2.658453732905652700e+01
2.660788039284602391e+01
2.663246883035818158e+01
2.700788171997204046e+01
2.731033954384309581e+01
2.732793760970630004e+01
2.784394558966095801e+01
2.832974959296322481e+01
2.860874168851192323e+01
