2.497939999999999827e+00 5.505999999999999783e-02 -0.000000000000000000e+00 -5.505999999999999783e-02 2.497939999999999827e+00 0.000000000000000000e+00 0.000000000000000000e+00 0.000000000000000000e+00 2.501259999999999817e+00
2.497939999999999827e+00 -5.505999999999999783e-02 -0.000000000000000000e+00 5.505999999999999783e-02 2.497939999999999827e+00 0.000000000000000000e+00 0.000000000000000000e+00 0.000000000000000000e+00 2.501259999999999817e+00
2.629989999999999828e+00 -6.536000000000000143e-02 -0.000000000000000000e+00 6.536000000000000143e-02 2.629989999999999828e+00 0.000000000000000000e+00 -0.000000000000000000e+00 0.000000000000000000e+00 2.728740000000000165e+00
2.629989999999999828e+00 -6.536000000000000143e-02 0.000000000000000000e+00 6.536000000000000143e-02 2.629989999999999828e+00 0.000000000000000000e+00 -0.000000000000000000e+00 0.000000000000000000e+00 2.728740000000000165e+00
2.629989999999999828e+00 6.536000000000000143e-02 -0.000000000000000000e+00 -6.536000000000000143e-02 2.629989999999999828e+00 0.000000000000000000e+00 -0.000000000000000000e+00 0.000000000000000000e+00 2.728740000000000165e+00
2.629989999999999828e+00 6.536000000000000143e-02 -0.000000000000000000e+00 -6.536000000000000143e-02 2.629989999999999828e+00 0.000000000000000000e+00 -0.000000000000000000e+00 0.000000000000000000e+00 2.728740000000000165e+00
2.985230000000000050e+00 2.119000000000000050e-02 0.000000000000000000e+00 -2.119000000000000050e-02 2.985230000000000050e+00 -0.000000000000000000e+00 0.000000000000000000e+00 -0.000000000000000000e+00 3.112499999999999822e+00
2.985230000000000050e+00 2.119000000000000050e-02 0.000000000000000000e+00 -2.119000000000000050e-02 2.985230000000000050e+00 0.000000000000000000e+00 0.000000000000000000e+00 -0.000000000000000000e+00 3.112499999999999822e+00
2.985230000000000050e+00 -2.119000000000000050e-02 -0.000000000000000000e+00 2.119000000000000050e-02 2.985230000000000050e+00 -0.000000000000000000e+00 -0.000000000000000000e+00 -0.000000000000000000e+00 3.112499999999999822e+00
2.985230000000000050e+00 -2.119000000000000050e-02 -0.000000000000000000e+00 2.119000000000000050e-02 2.985230000000000050e+00 -0.000000000000000000e+00 -0.000000000000000000e+00 -0.000000000000000000e+00 3.112499999999999822e+00
-1.987500000000000044e+00 -3.928499999999999770e-01 6.801000000000000101e-02 -3.993800000000000128e-01 -1.806189999999999962e+00 -3.331200000000000272e-01 9.324999999999999956e-02 -3.442299999999999804e-01 -1.451140000000000096e+00
-2.194560000000000066e+00 2.798300000000000232e-01 2.544899999999999940e-01 2.733099999999999974e-01 -1.599129999999999940e+00 2.254599999999999937e-01 2.514799999999999813e-01 2.528699999999999837e-01 -1.451140000000000096e+00
-1.508469999999999978e+00 1.228100000000000025e-01 -3.224899999999999989e-01 1.162799999999999945e-01 -2.285219999999999807e+00 1.076600000000000057e-01 -3.447399999999999909e-01 9.135000000000000064e-02 -1.451140000000000096e+00
-1.987500000000000044e+00 -3.928499999999999770e-01 6.801000000000000101e-02 -3.993800000000000128e-01 -1.806189999999999962e+00 -3.331200000000000272e-01 9.324999999999999956e-02 -3.442299999999999804e-01 -1.451140000000000096e+00
-2.194560000000000066e+00 2.798300000000000232e-01 2.544899999999999940e-01 2.733099999999999974e-01 -1.599129999999999940e+00 2.254599999999999937e-01 2.514799999999999813e-01 2.528699999999999837e-01 -1.451140000000000096e+00
-1.508469999999999978e+00 1.228100000000000025e-01 -3.224899999999999989e-01 1.162799999999999945e-01 -2.285219999999999807e+00 1.076600000000000057e-01 -3.447399999999999909e-01 9.135000000000000064e-02 -1.451140000000000096e+00
-2.194560000000000066e+00 -2.798300000000000232e-01 -2.544899999999999940e-01 -2.733099999999999974e-01 -1.599129999999999940e+00 2.254599999999999937e-01 -2.514799999999999813e-01 2.528699999999999837e-01 -1.451140000000000096e+00
-1.987500000000000044e+00 3.928499999999999770e-01 -6.801000000000000101e-02 3.993800000000000128e-01 -1.806189999999999962e+00 -3.331200000000000272e-01 -9.324999999999999956e-02 -3.442299999999999804e-01 -1.451140000000000096e+00
-1.508469999999999978e+00 -1.228100000000000025e-01 3.224899999999999989e-01 -1.162799999999999945e-01 -2.285219999999999807e+00 1.076600000000000057e-01 3.447399999999999909e-01 9.135000000000000064e-02 -1.451140000000000096e+00
-2.194560000000000066e+00 -2.798300000000000232e-01 -2.544899999999999940e-01 -2.733099999999999974e-01 -1.599129999999999940e+00 2.254599999999999937e-01 -2.514799999999999813e-01 2.528699999999999837e-01 -1.451140000000000096e+00
-1.987500000000000044e+00 3.928499999999999770e-01 -6.801000000000000101e-02 3.993800000000000128e-01 -1.806189999999999962e+00 -3.331200000000000272e-01 -9.324999999999999956e-02 -3.442299999999999804e-01 -1.451140000000000096e+00
-1.508469999999999978e+00 -1.228100000000000025e-01 3.224899999999999989e-01 -1.162799999999999945e-01 -2.285219999999999807e+00 1.076600000000000057e-01 3.447399999999999909e-01 9.135000000000000064e-02 -1.451140000000000096e+00
-1.173659999999999926e+00 -5.049999999999999802e-03 -0.000000000000000000e+00 5.049999999999999802e-03 -1.173659999999999926e+00 0.000000000000000000e+00 -0.000000000000000000e+00 0.000000000000000000e+00 -2.738449999999999829e+00
-1.173659999999999926e+00 5.049999999999999802e-03 0.000000000000000000e+00 -5.049999999999999802e-03 -1.173659999999999926e+00 0.000000000000000000e+00 -0.000000000000000000e+00 -0.000000000000000000e+00 -2.738449999999999829e+00
-1.173659999999999926e+00 -5.049999999999999802e-03 -0.000000000000000000e+00 5.049999999999999802e-03 -1.173659999999999926e+00 0.000000000000000000e+00 -0.000000000000000000e+00 0.000000000000000000e+00 -2.738449999999999829e+00
-1.173659999999999926e+00 5.049999999999999802e-03 0.000000000000000000e+00 -5.049999999999999802e-03 -1.173659999999999926e+00 0.000000000000000000e+00 -0.000000000000000000e+00 -0.000000000000000000e+00 -2.738449999999999829e+00
