2.561150000000000038e+00 2.769999999999999893e-02 7.409000000000000308e-02 -3.016599999999999837e-01 2.534060000000000201e+00 -1.067360000000000086e+00 1.709100000000000064e-01 1.272699999999999942e-01 2.525860000000000216e+00
2.674799999999999844e+00 6.051000000000000129e-02 7.600999999999999424e-02 -5.720800000000000329e-01 2.528500000000000192e+00 5.653799999999999937e-01 -1.703999999999999959e-02 -6.607999999999999985e-02 2.465129999999999821e+00
2.561150000000000038e+00 -2.769999999999999893e-02 7.409000000000000308e-02 3.016599999999999837e-01 2.534060000000000201e+00 1.067360000000000086e+00 1.709100000000000064e-01 -1.272699999999999942e-01 2.525860000000000216e+00
2.674799999999999844e+00 -6.051000000000000129e-02 7.600999999999999424e-02 5.720800000000000329e-01 2.528500000000000192e+00 -5.653799999999999937e-01 -1.703999999999999959e-02 6.607999999999999985e-02 2.465129999999999821e+00
2.561150000000000038e+00 2.769999999999999893e-02 7.409000000000000308e-02 -3.016599999999999837e-01 2.534060000000000201e+00 -1.067360000000000086e+00 1.709100000000000064e-01 1.272699999999999942e-01 2.525860000000000216e+00
2.674799999999999844e+00 -6.051000000000000129e-02 7.600999999999999424e-02 5.720800000000000329e-01 2.528500000000000192e+00 -5.653799999999999937e-01 -1.703999999999999959e-02 6.607999999999999985e-02 2.465129999999999821e+00
2.674799999999999844e+00 6.051000000000000129e-02 7.600999999999999424e-02 -5.720800000000000329e-01 2.528500000000000192e+00 5.653799999999999937e-01 -1.703999999999999959e-02 -6.607999999999999985e-02 2.465129999999999821e+00
2.561150000000000038e+00 -2.769999999999999893e-02 7.409000000000000308e-02 3.016599999999999837e-01 2.534060000000000201e+00 1.067360000000000086e+00 1.709100000000000064e-01 -1.272699999999999942e-01 2.525860000000000216e+00
1.874460000000000015e+00 -4.634699999999999931e-01 2.257000000000000117e-01 -3.796700000000000075e-01 1.156679999999999930e+00 7.030899999999999928e-01 2.328399999999999914e-01 1.106000000000000094e+00 1.476299999999999946e+00
1.874460000000000015e+00 -4.634699999999999931e-01 2.257000000000000117e-01 -3.796700000000000075e-01 1.156679999999999930e+00 7.030899999999999928e-01 2.328399999999999914e-01 1.106000000000000094e+00 1.476299999999999946e+00
1.874460000000000015e+00 4.634699999999999931e-01 2.257000000000000117e-01 3.796700000000000075e-01 1.156679999999999930e+00 -7.030899999999999928e-01 2.328399999999999914e-01 -1.106000000000000094e+00 1.476299999999999946e+00
1.874460000000000015e+00 4.634699999999999931e-01 2.257000000000000117e-01 3.796700000000000075e-01 1.156679999999999930e+00 -7.030899999999999928e-01 2.328399999999999914e-01 -1.106000000000000094e+00 1.476299999999999946e+00
-2.826270000000000060e+00 -4.859999999999999737e-02 -4.594699999999999895e-01 -3.883499999999999730e-01 -1.536829999999999918e+00 2.698200000000000043e-01 -3.384599999999999831e-01 2.742999999999999883e-01 -1.776059999999999972e+00
-2.633090000000000153e+00 -2.469899999999999873e-01 -4.659900000000000153e-01 3.259299999999999975e-01 -1.522280000000000078e+00 7.231199999999999850e-01 -6.324899999999999967e-01 1.970200000000000007e-01 -1.947780000000000067e+00
-8.653800000000000381e-01 -1.149799999999999989e-01 1.412499999999999867e-01 -2.477499999999999980e-01 -1.652989999999999959e+00 7.237799999999999789e-01 1.932500000000000051e-01 2.887100000000000222e-01 -1.157249999999999890e+00
-1.571329999999999893e+00 8.754699999999999704e-01 8.168199999999999905e-01 3.708899999999999975e-01 -3.014279999999999848e+00 -6.716999999999999638e-01 7.819899999999999629e-01 -2.053929999999999811e+00 -3.172410000000000174e+00
-1.571329999999999893e+00 -8.754699999999999704e-01 8.168199999999999905e-01 -3.708899999999999975e-01 -3.014279999999999848e+00 6.716999999999999638e-01 7.819899999999999629e-01 2.053929999999999811e+00 -3.172410000000000174e+00
-8.653800000000000381e-01 1.149799999999999989e-01 1.412499999999999867e-01 2.477499999999999980e-01 -1.652989999999999959e+00 -7.237799999999999789e-01 1.932500000000000051e-01 -2.887100000000000222e-01 -1.157249999999999890e+00
-2.633090000000000153e+00 -2.469899999999999873e-01 -4.659900000000000153e-01 3.259299999999999975e-01 -1.522280000000000078e+00 7.231199999999999850e-01 -6.324899999999999967e-01 1.970200000000000007e-01 -1.947780000000000067e+00
-8.653800000000000381e-01 -1.149799999999999989e-01 1.412499999999999867e-01 -2.477499999999999980e-01 -1.652989999999999959e+00 7.237799999999999789e-01 1.932500000000000051e-01 2.887100000000000222e-01 -1.157249999999999890e+00
-2.826270000000000060e+00 4.859999999999999737e-02 -4.594699999999999895e-01 3.883499999999999730e-01 -1.536829999999999918e+00 -2.698200000000000043e-01 -3.384599999999999831e-01 -2.742999999999999883e-01 -1.776059999999999972e+00
-2.633090000000000153e+00 2.469899999999999873e-01 -4.659900000000000153e-01 -3.259299999999999975e-01 -1.522280000000000078e+00 -7.231199999999999850e-01 -6.324899999999999967e-01 -1.970200000000000007e-01 -1.947780000000000067e+00
-2.826270000000000060e+00 4.859999999999999737e-02 -4.594699999999999895e-01 3.883499999999999730e-01 -1.536829999999999918e+00 -2.698200000000000043e-01 -3.384599999999999831e-01 -2.742999999999999883e-01 -1.776059999999999972e+00
-2.633090000000000153e+00 2.469899999999999873e-01 -4.659900000000000153e-01 -3.259299999999999975e-01 -1.522280000000000078e+00 -7.231199999999999850e-01 -6.324899999999999967e-01 -1.970200000000000007e-01 -1.947780000000000067e+00
-2.826270000000000060e+00 -4.859999999999999737e-02 -4.594699999999999895e-01 -3.883499999999999730e-01 -1.536829999999999918e+00 2.698200000000000043e-01 -3.384599999999999831e-01 2.742999999999999883e-01 -1.776059999999999972e+00
-8.653800000000000381e-01 1.149799999999999989e-01 1.412499999999999867e-01 2.477499999999999980e-01 -1.652989999999999959e+00 -7.237799999999999789e-01 1.932500000000000051e-01 -2.887100000000000222e-01 -1.157249999999999890e+00
