1.290680000000000049e+00 -4.696000000000000174e-02 2.525000000000000161e-02 2.525000000000000161e-02 1.290680000000000049e+00 -4.696000000000000174e-02 -4.696000000000000174e-02 2.525000000000000161e-02 1.290680000000000049e+00
1.290680000000000049e+00 -4.696000000000000174e-02 -2.525000000000000161e-02 2.525000000000000161e-02 1.290680000000000049e+00 4.696000000000000174e-02 4.696000000000000174e-02 -2.525000000000000161e-02 1.290680000000000049e+00
1.290680000000000049e+00 4.696000000000000174e-02 -2.525000000000000161e-02 -2.525000000000000161e-02 1.290680000000000049e+00 -4.696000000000000174e-02 4.696000000000000174e-02 2.525000000000000161e-02 1.290680000000000049e+00
1.290680000000000049e+00 4.696000000000000174e-02 2.525000000000000161e-02 -2.525000000000000161e-02 1.290680000000000049e+00 4.696000000000000174e-02 -4.696000000000000174e-02 -2.525000000000000161e-02 1.290680000000000049e+00
1.117289999999999894e+00 1.694999999999999979e-02 -6.076000000000000151e-02 6.076000000000000151e-02 1.117289999999999894e+00 -1.694999999999999979e-02 -1.694999999999999979e-02 -6.076000000000000151e-02 1.117289999999999894e+00
1.117289999999999894e+00 1.694999999999999979e-02 6.076000000000000151e-02 6.076000000000000151e-02 1.117289999999999894e+00 1.694999999999999979e-02 1.694999999999999979e-02 6.076000000000000151e-02 1.117289999999999894e+00
1.097099999999999964e+00 8.035000000000000475e-02 -9.708999999999999575e-02 9.708999999999999575e-02 1.097099999999999964e+00 8.035000000000000475e-02 -8.035000000000000475e-02 9.708999999999999575e-02 1.097099999999999964e+00
1.097099999999999964e+00 8.035000000000000475e-02 9.708999999999999575e-02 9.708999999999999575e-02 1.097099999999999964e+00 -8.035000000000000475e-02 8.035000000000000475e-02 -9.708999999999999575e-02 1.097099999999999964e+00
1.097099999999999964e+00 -8.035000000000000475e-02 9.708999999999999575e-02 -9.708999999999999575e-02 1.097099999999999964e+00 8.035000000000000475e-02 8.035000000000000475e-02 9.708999999999999575e-02 1.097099999999999964e+00
1.097099999999999964e+00 -8.035000000000000475e-02 -9.708999999999999575e-02 -9.708999999999999575e-02 1.097099999999999964e+00 -8.035000000000000475e-02 -8.035000000000000475e-02 -9.708999999999999575e-02 1.097099999999999964e+00
1.117289999999999894e+00 -1.694999999999999979e-02 6.076000000000000151e-02 -6.076000000000000151e-02 1.117289999999999894e+00 -1.694999999999999979e-02 1.694999999999999979e-02 -6.076000000000000151e-02 1.117289999999999894e+00
1.117289999999999894e+00 -1.694999999999999979e-02 -6.076000000000000151e-02 -6.076000000000000151e-02 1.117289999999999894e+00 1.694999999999999979e-02 -1.694999999999999979e-02 6.076000000000000151e-02 1.117289999999999894e+00
1.705629999999999979e+00 1.722200000000000120e-01 -2.216400000000000037e-01 2.216400000000000037e-01 1.705629999999999979e+00 1.722200000000000120e-01 -1.722200000000000120e-01 2.216400000000000037e-01 1.705629999999999979e+00
1.705629999999999979e+00 1.722200000000000120e-01 2.216400000000000037e-01 2.216400000000000037e-01 1.705629999999999979e+00 -1.722200000000000120e-01 1.722200000000000120e-01 -2.216400000000000037e-01 1.705629999999999979e+00
1.705629999999999979e+00 -1.722200000000000120e-01 2.216400000000000037e-01 -2.216400000000000037e-01 1.705629999999999979e+00 1.722200000000000120e-01 1.722200000000000120e-01 2.216400000000000037e-01 1.705629999999999979e+00
1.705629999999999979e+00 -1.722200000000000120e-01 -2.216400000000000037e-01 -2.216400000000000037e-01 1.705629999999999979e+00 -1.722200000000000120e-01 -1.722200000000000120e-01 -2.216400000000000037e-01 1.705629999999999979e+00
-1.286629999999999940e+00 -1.791099999999999914e-01 -4.433999999999999747e-02 1.055500000000000049e-01 -2.604169999999999874e+00 -1.433200000000000029e-01 -6.099999999999999737e-04 -4.915399999999999769e-01 -1.319879999999999942e+00
-1.286629999999999940e+00 1.791099999999999914e-01 4.433999999999999747e-02 -1.055500000000000049e-01 -2.604169999999999874e+00 -1.433200000000000029e-01 6.099999999999999737e-04 -4.915399999999999769e-01 -1.319879999999999942e+00
-1.286629999999999940e+00 1.791099999999999914e-01 -4.433999999999999747e-02 -1.055500000000000049e-01 -2.604169999999999874e+00 1.433200000000000029e-01 -6.099999999999999737e-04 4.915399999999999769e-01 -1.319879999999999942e+00
-2.604169999999999874e+00 -1.433200000000000029e-01 -1.055500000000000049e-01 -4.915399999999999769e-01 -1.319879999999999942e+00 6.099999999999999737e-04 1.791099999999999914e-01 4.433999999999999747e-02 -1.286629999999999940e+00
-2.604169999999999874e+00 -1.433200000000000029e-01 1.055500000000000049e-01 -4.915399999999999769e-01 -1.319879999999999942e+00 -6.099999999999999737e-04 -1.791099999999999914e-01 -4.433999999999999747e-02 -1.286629999999999940e+00
-1.319879999999999942e+00 -6.099999999999999737e-04 -4.915399999999999769e-01 -4.433999999999999747e-02 -1.286629999999999940e+00 -1.791099999999999914e-01 -1.433200000000000029e-01 1.055500000000000049e-01 -2.604169999999999874e+00
-2.604169999999999874e+00 1.433200000000000029e-01 -1.055500000000000049e-01 4.915399999999999769e-01 -1.319879999999999942e+00 -6.099999999999999737e-04 1.791099999999999914e-01 -4.433999999999999747e-02 -1.286629999999999940e+00
-2.604169999999999874e+00 1.433200000000000029e-01 1.055500000000000049e-01 4.915399999999999769e-01 -1.319879999999999942e+00 6.099999999999999737e-04 -1.791099999999999914e-01 4.433999999999999747e-02 -1.286629999999999940e+00
-1.319879999999999942e+00 6.099999999999999737e-04 4.915399999999999769e-01 4.433999999999999747e-02 -1.286629999999999940e+00 -1.791099999999999914e-01 1.433200000000000029e-01 1.055500000000000049e-01 -2.604169999999999874e+00
-1.286629999999999940e+00 -1.791099999999999914e-01 4.433999999999999747e-02 1.055500000000000049e-01 -2.604169999999999874e+00 1.433200000000000029e-01 6.099999999999999737e-04 4.915399999999999769e-01 -1.319879999999999942e+00
-1.319879999999999942e+00 -6.099999999999999737e-04 4.915399999999999769e-01 -4.433999999999999747e-02 -1.286629999999999940e+00 1.791099999999999914e-01 1.433200000000000029e-01 -1.055500000000000049e-01 -2.604169999999999874e+00
-1.319879999999999942e+00 6.099999999999999737e-04 -4.915399999999999769e-01 4.433999999999999747e-02 -1.286629999999999940e+00 1.791099999999999914e-01 -1.433200000000000029e-01 -1.055500000000000049e-01 -2.604169999999999874e+00
