-4.647410571958331821e-02
-4.647410203738234352e-02
-3.394327070167169752e-02
2.391105780106251188e+00
3.555527575757190917e+00
3.559380953671342773e+00
3.559380954688692089e+00
3.824835593662989641e+00
3.827645712073231898e+00
3.827645712571696723e+00
4.065416889192483119e+00
4.230148754761129837e+00
4.230148755001551741e+00
4.603434676692321759e+00
4.863695935756025435e+00
5.165929222287831024e+00
5.165929222849366731e+00
6.065142672868911511e+00
6.065142673853007871e+00
6.331809627535130325e+00
6.331809628187735406e+00
6.706921535062309481e+00
7.218904227067307389e+00
7.218904227485082536e+00
7.645831142246331424e+00
7.922349085396334090e+00
7.922349085518218814e+00
8.510621013626117559e+00
8.762115232738018733e+00
8.762115233324376362e+00
8.957170662859139654e+00
9.568378105742780804e+00
9.852685679671733254e+00
9.852685680130505830e+00
1.152529890456979267e+01
1.152529890472688123e+01
1.253424536981656701e+01
1.253424537019471607e+01
1.369390697171592919e+01
1.403937121430818102e+01
1.506701628966211182e+01
1.506701628992601982e+01
1.512169459885415179e+01
1.547817839047418431e+01
1.547817839068570578e+01
1.610691247255578418e+01
1.613442628068239770e+01
1.613442628085060804e+01
1.726336044847456819e+01
1.726336044879371556e+01
1.762785193225164093e+01
1.875697341579559563e+01
1.906987565843100541e+01
1.906987565856168843e+01
1.968756624286993073e+01
1.997746544951681003e+01
1.997746544956717685e+01
2.088888406939560483e+01
2.088888406959689448e+01
2.104937299558218200e+01
