3.082349999999999923e+00 6.196999999999999731e-02 -1.268600000000000005e-01 5.552599999999999758e-01 3.572519999999999918e+00 -2.302099999999999980e-01 1.025800000000000045e-01 1.143300000000000011e-01 3.996589999999999865e+00
3.082349999999999923e+00 -6.196999999999999731e-02 -1.268600000000000005e-01 -5.552599999999999758e-01 3.572519999999999918e+00 2.302099999999999980e-01 1.025800000000000045e-01 -1.143300000000000011e-01 3.996589999999999865e+00
3.082349999999999923e+00 6.196999999999999731e-02 -1.268600000000000005e-01 5.552599999999999758e-01 3.572519999999999918e+00 -2.302099999999999980e-01 1.025800000000000045e-01 1.143300000000000011e-01 3.996589999999999865e+00
3.082349999999999923e+00 -6.196999999999999731e-02 -1.268600000000000005e-01 -5.552599999999999758e-01 3.572519999999999918e+00 2.302099999999999980e-01 1.025800000000000045e-01 -1.143300000000000011e-01 3.996589999999999865e+00
4.367609999999999992e+00 4.029300000000000104e-01 3.116300000000000181e-01 -1.190999999999999975e-01 2.952119999999999855e+00 -7.084200000000000497e-01 6.094399999999999817e-01 -6.284800000000000386e-01 3.735170000000000101e+00
4.367609999999999992e+00 -4.029300000000000104e-01 3.116300000000000181e-01 1.190999999999999975e-01 2.952119999999999855e+00 7.084200000000000497e-01 6.094399999999999817e-01 6.284800000000000386e-01 3.735170000000000101e+00
4.367609999999999992e+00 4.029300000000000104e-01 3.116300000000000181e-01 -1.190999999999999975e-01 2.952119999999999855e+00 -7.084200000000000497e-01 6.094399999999999817e-01 -6.284800000000000386e-01 3.735170000000000101e+00
4.367609999999999992e+00 -4.029300000000000104e-01 3.116300000000000181e-01 1.190999999999999975e-01 2.952119999999999855e+00 7.084200000000000497e-01 6.094399999999999817e-01 6.284800000000000386e-01 3.735170000000000101e+00
3.321810000000000151e+00 -5.170999999999999902e-02 5.559999999999999838e-03 -6.178999999999999770e-02 3.856850000000000112e+00 -3.397000000000000020e-02 -7.456599999999999895e-01 -5.974999999999999756e-02 3.725260000000000016e+00
3.321810000000000151e+00 5.170999999999999902e-02 5.559999999999999838e-03 6.178999999999999770e-02 3.856850000000000112e+00 3.397000000000000020e-02 -7.456599999999999895e-01 5.974999999999999756e-02 3.725260000000000016e+00
-3.081490000000000062e+00 -3.185299999999999798e-01 -1.198439999999999950e+00 -6.392099999999999449e-01 -6.404100000000000348e-01 -3.028500000000000081e-01 -1.518829999999999902e+00 -1.714199999999999890e-01 -2.477230000000000043e+00
-3.081490000000000062e+00 3.185299999999999798e-01 -1.198439999999999950e+00 6.392099999999999449e-01 -6.404100000000000348e-01 3.028500000000000081e-01 -1.518829999999999902e+00 1.714199999999999890e-01 -2.477230000000000043e+00
-3.081490000000000062e+00 -3.185299999999999798e-01 -1.198439999999999950e+00 -6.392099999999999449e-01 -6.404100000000000348e-01 -3.028500000000000081e-01 -1.518829999999999902e+00 -1.714199999999999890e-01 -2.477230000000000043e+00
-3.081490000000000062e+00 3.185299999999999798e-01 -1.198439999999999950e+00 6.392099999999999449e-01 -6.404100000000000348e-01 3.028500000000000081e-01 -1.518829999999999902e+00 1.714199999999999890e-01 -2.477230000000000043e+00
-3.352009999999999934e+00 -3.676200000000000023e-01 1.204769999999999897e+00 -4.593999999999999750e-01 -1.673969999999999958e+00 2.724599999999999800e-01 1.413470000000000004e+00 2.627099999999999991e-01 -2.069490000000000052e+00
-3.352009999999999934e+00 3.676200000000000023e-01 1.204769999999999897e+00 4.593999999999999750e-01 -1.673969999999999958e+00 -2.724599999999999800e-01 1.413470000000000004e+00 -2.627099999999999991e-01 -2.069490000000000052e+00
-3.352009999999999934e+00 -3.676200000000000023e-01 1.204769999999999897e+00 -4.593999999999999750e-01 -1.673969999999999958e+00 2.724599999999999800e-01 1.413470000000000004e+00 2.627099999999999991e-01 -2.069490000000000052e+00
-3.352009999999999934e+00 3.676200000000000023e-01 1.204769999999999897e+00 4.593999999999999750e-01 -1.673969999999999958e+00 -2.724599999999999800e-01 1.413470000000000004e+00 -2.627099999999999991e-01 -2.069490000000000052e+00
-1.170579999999999954e+00 4.913799999999999835e-01 2.478599999999999970e-01 6.557600000000000096e-01 -2.982390000000000096e+00 -1.131469999999999976e+00 2.725500000000000145e-01 -1.148120000000000029e+00 -2.930489999999999817e+00
-1.170579999999999954e+00 -4.913799999999999835e-01 2.478599999999999970e-01 -6.557600000000000096e-01 -2.982390000000000096e+00 1.131469999999999976e+00 2.725500000000000145e-01 1.148120000000000029e+00 -2.930489999999999817e+00
-1.506790000000000074e+00 6.762999999999999567e-02 -4.417400000000000215e-01 1.451699999999999935e-01 -3.156289999999999818e+00 -1.303870000000000084e+00 -5.063800000000000523e-01 -1.738590000000000080e+00 -2.117179999999999840e+00
-1.506790000000000074e+00 -6.762999999999999567e-02 -4.417400000000000215e-01 -1.451699999999999935e-01 -3.156289999999999818e+00 1.303870000000000084e+00 -5.063800000000000523e-01 1.738590000000000080e+00 -2.117179999999999840e+00
-1.506790000000000074e+00 6.762999999999999567e-02 -4.417400000000000215e-01 1.451699999999999935e-01 -3.156289999999999818e+00 -1.303870000000000084e+00 -5.063800000000000523e-01 -1.738590000000000080e+00 -2.117179999999999840e+00
-1.506790000000000074e+00 -6.762999999999999567e-02 -4.417400000000000215e-01 -1.451699999999999935e-01 -3.156289999999999818e+00 1.303870000000000084e+00 -5.063800000000000523e-01 1.738590000000000080e+00 -2.117179999999999840e+00
-1.170579999999999954e+00 -4.913799999999999835e-01 2.478599999999999970e-01 -6.557600000000000096e-01 -2.982390000000000096e+00 1.131469999999999976e+00 2.725500000000000145e-01 1.148120000000000029e+00 -2.930489999999999817e+00
-1.170579999999999954e+00 4.913799999999999835e-01 2.478599999999999970e-01 6.557600000000000096e-01 -2.982390000000000096e+00 -1.131469999999999976e+00 2.725500000000000145e-01 -1.148120000000000029e+00 -2.930489999999999817e+00
