1.205249999999999932e+00 0.000000000000000000e+00 0.000000000000000000e+00 0.000000000000000000e+00 1.205249999999999932e+00 -0.000000000000000000e+00 -0.000000000000000000e+00 0.000000000000000000e+00 1.093099999999999961e+00
1.205249999999999932e+00 0.000000000000000000e+00 0.000000000000000000e+00 0.000000000000000000e+00 1.205249999999999932e+00 -0.000000000000000000e+00 -0.000000000000000000e+00 -0.000000000000000000e+00 1.093099999999999961e+00
1.178989999999999982e+00 0.000000000000000000e+00 0.000000000000000000e+00 0.000000000000000000e+00 1.178989999999999982e+00 0.000000000000000000e+00 0.000000000000000000e+00 0.000000000000000000e+00 1.148099999999999898e+00
1.178989999999999982e+00 0.000000000000000000e+00 0.000000000000000000e+00 0.000000000000000000e+00 1.178989999999999982e+00 0.000000000000000000e+00 0.000000000000000000e+00 0.000000000000000000e+00 1.148099999999999898e+00
4.348620000000000374e+00 0.000000000000000000e+00 0.000000000000000000e+00 0.000000000000000000e+00 4.348620000000000374e+00 0.000000000000000000e+00 -0.000000000000000000e+00 0.000000000000000000e+00 3.934060000000000112e+00
4.348620000000000374e+00 0.000000000000000000e+00 -0.000000000000000000e+00 0.000000000000000000e+00 4.348620000000000374e+00 0.000000000000000000e+00 -0.000000000000000000e+00 0.000000000000000000e+00 3.934060000000000112e+00
6.214019999999999655e+00 0.000000000000000000e+00 0.000000000000000000e+00 0.000000000000000000e+00 6.214019999999999655e+00 0.000000000000000000e+00 0.000000000000000000e+00 0.000000000000000000e+00 6.347819999999999574e+00
5.102339999999999876e+00 0.000000000000000000e+00 0.000000000000000000e+00 0.000000000000000000e+00 5.102339999999999876e+00 0.000000000000000000e+00 -0.000000000000000000e+00 -0.000000000000000000e+00 5.339179999999999815e+00
5.102339999999999876e+00 0.000000000000000000e+00 0.000000000000000000e+00 0.000000000000000000e+00 5.102339999999999876e+00 0.000000000000000000e+00 0.000000000000000000e+00 -0.000000000000000000e+00 5.339179999999999815e+00
-3.330290000000000195e+00 1.100980000000000070e+00 1.362919999999999909e+00 1.100980000000000070e+00 -2.058980000000000032e+00 -7.868800000000000239e-01 1.198180000000000023e+00 -6.917699999999999960e-01 -2.447150000000000158e+00
-1.423329999999999984e+00 -0.000000000000000000e+00 0.000000000000000000e+00 -0.000000000000000000e+00 -3.965939999999999799e+00 1.573769999999999891e+00 0.000000000000000000e+00 1.383539999999999992e+00 -2.447150000000000158e+00
-3.330290000000000195e+00 -1.100980000000000070e+00 -1.362919999999999909e+00 -1.100980000000000070e+00 -2.058980000000000032e+00 -7.868800000000000239e-01 -1.198180000000000023e+00 -6.917699999999999960e-01 -2.447150000000000158e+00
-3.330290000000000195e+00 -1.100980000000000070e+00 -1.362919999999999909e+00 -1.100980000000000070e+00 -2.058980000000000032e+00 -7.868800000000000239e-01 -1.198180000000000023e+00 -6.917699999999999960e-01 -2.447150000000000158e+00
-1.423329999999999984e+00 -0.000000000000000000e+00 0.000000000000000000e+00 -0.000000000000000000e+00 -3.965939999999999799e+00 1.573769999999999891e+00 0.000000000000000000e+00 1.383539999999999992e+00 -2.447150000000000158e+00
-3.330290000000000195e+00 1.100980000000000070e+00 1.362919999999999909e+00 1.100980000000000070e+00 -2.058980000000000032e+00 -7.868800000000000239e-01 1.198180000000000023e+00 -6.917699999999999960e-01 -2.447150000000000158e+00
-2.865670000000000162e+00 1.003849999999999909e+00 5.703500000000000236e-01 1.003849999999999909e+00 -1.706530000000000102e+00 -3.292900000000000271e-01 4.696600000000000219e-01 -2.711600000000000121e-01 -2.448970000000000091e+00
-1.126959999999999962e+00 -0.000000000000000000e+00 0.000000000000000000e+00 -0.000000000000000000e+00 -3.445250000000000146e+00 6.585800000000000542e-01 0.000000000000000000e+00 5.423099999999999588e-01 -2.448970000000000091e+00
-2.865670000000000162e+00 -1.003849999999999909e+00 -5.703500000000000236e-01 -1.003849999999999909e+00 -1.706530000000000102e+00 -3.292900000000000271e-01 -4.696600000000000219e-01 -2.711600000000000121e-01 -2.448970000000000091e+00
-2.865670000000000162e+00 -1.003849999999999909e+00 -5.703500000000000236e-01 -1.003849999999999909e+00 -1.706530000000000102e+00 -3.292900000000000271e-01 -4.696600000000000219e-01 -2.711600000000000121e-01 -2.448970000000000091e+00
-1.126959999999999962e+00 -0.000000000000000000e+00 0.000000000000000000e+00 -0.000000000000000000e+00 -3.445250000000000146e+00 6.585800000000000542e-01 0.000000000000000000e+00 5.423099999999999588e-01 -2.448970000000000091e+00
-2.865670000000000162e+00 1.003849999999999909e+00 5.703500000000000236e-01 1.003849999999999909e+00 -1.706530000000000102e+00 -3.292900000000000271e-01 4.696600000000000219e-01 -2.711600000000000121e-01 -2.448970000000000091e+00
