-1.025765285608235267e-01
-7.948318238683027559e-02
-3.943300614695025713e-02
1.322572072374209373e+00
2.202773993732086044e+00
2.484933265398172608e+00
2.540344154247220487e+00
2.978131840782420436e+00
3.233670447423063976e+00
3.512028909704805635e+00
3.669827466347296063e+00
3.671366869815403167e+00
3.723443772043388389e+00
3.810068550544780219e+00
4.152989083778985346e+00
4.160997441305731570e+00
4.340620371872135230e+00
4.740206692092182372e+00
5.003275451991922473e+00
5.080138427934533851e+00
5.568686644227582860e+00
5.712713744120819115e+00
5.755916110407367725e+00
5.800372020737468937e+00
5.851746102912250613e+00
6.973344107355500476e+00
7.861670310706082354e+00
8.010983901932082318e+00
8.336006861366604070e+00
8.730628296885832640e+00
8.833854164314930202e+00
9.044236029231107921e+00
9.117604204898007936e+00
9.513907483066622817e+00
9.557932134444635963e+00
9.772490840765364339e+00
1.258953792665381144e+01
1.282168468712805343e+01
1.307732724637868849e+01
1.335136966356493993e+01
1.353633975554597058e+01
1.386102436093220724e+01
1.404637674090173682e+01
1.406511446527508902e+01
1.423418163971296657e+01
1.523460975080371504e+01
1.689169300085250569e+01
1.719518362185314686e+01
1.858851704548164818e+01
1.870979351280361058e+01
1.875475957522847992e+01
1.900616110678834403e+01
1.939386099986141332e+01
1.983409663001783230e+01
2.017726039337984290e+01
2.037615946508060460e+01
2.079910759482421057e+01
2.082486395994377304e+01
2.173700398416545809e+01
2.211477144215230339e+01
2.500981349912836293e+01
2.506964885539097665e+01
2.986625747489415517e+01
3.001870237268276398e+01
3.657592168136343957e+01
3.705331665150930576e+01
3.825208704931184656e+01
3.890692852705138449e+01
3.916985716378901117e+01
4.009538367540654491e+01
4.009957280396310608e+01
4.076142975401660351e+01
