-1.184914604517979669e-01
-4.085006964498347215e-02
-1.988563355792316578e-02
1.054511099988994838e+00
1.185918066309810559e+00
1.188828629365898060e+00
1.892890995276801602e+00
1.909212905885564027e+00
2.086019125032174681e+00
2.326343209846732929e+00
2.409213452560814428e+00
2.434838107554586628e+00
2.547103980994886552e+00
2.596388651569714323e+00
2.645581913303763244e+00
2.752050942479081552e+00
2.845975702636970528e+00
3.129544176074209094e+00
3.250386115525353947e+00
3.303949469952589979e+00
3.347530194038584206e+00
3.485212073891630347e+00
3.713580684460753734e+00
3.946948061477373759e+00
4.051826526395225336e+00
4.055086398586348118e+00
4.113884830667966064e+00
4.293181058376178250e+00
4.432729102934218623e+00
4.493261276623027101e+00
4.591757506663434185e+00
4.721838868491808228e+00
4.832713306208014536e+00
4.967510855549286397e+00
5.420064086336987330e+00
5.445409442824295176e+00
5.504308130909824293e+00
5.550311090380430024e+00
5.625021013294083438e+00
5.653382642277099634e+00
5.743856117626902957e+00
5.902748486933862004e+00
5.909027238048577324e+00
5.988385842612347965e+00
6.059408254937110883e+00
6.067433271161703168e+00
6.190120031146407520e+00
6.215233358450831247e+00
6.239560136740410101e+00
6.495604167435081067e+00
6.673799300248697719e+00
6.899830461685272809e+00
6.915099283452118328e+00
6.979911546717479709e+00
7.010875166482427367e+00
7.141716376334193761e+00
7.380357592962552005e+00
7.426215402208583782e+00
7.554675366949926030e+00
7.767841160837417824e+00
7.779150795556028619e+00
7.892433908497428874e+00
8.058795710278303659e+00
8.265921872362453016e+00
8.287324339013165897e+00
8.565581404668336063e+00
8.788563716558012828e+00
8.928957828324646684e+00
8.931371955080585678e+00
8.972729445380597468e+00
9.012422881778240580e+00
9.093824838867305971e+00
9.196059966094175309e+00
9.241398784816073686e+00
9.317240739618140921e+00
9.338549073598104044e+00
9.596285088512116701e+00
9.724442251358173195e+00
9.769595170732511491e+00
9.808358598664712602e+00
1.001785965164216030e+01
1.005282000236749518e+01
1.011069824492848745e+01
1.014638792871630812e+01
1.033299075776224640e+01
1.036419596495550621e+01
1.051149775246134865e+01
1.072649588635543161e+01
1.080424624858208205e+01
1.093987084018819722e+01
1.099148233861111201e+01
1.115906667244174244e+01
1.131566228729012558e+01
1.157854481357653142e+01
1.161805887401161286e+01
1.170309924763521892e+01
1.174523584267255139e+01
1.182888815569747543e+01
1.183801664131285136e+01
1.214660302306780792e+01
1.226040696714427902e+01
1.226357480508844056e+01
1.245961082859332336e+01
1.270639803406142399e+01
1.271784329200513497e+01
1.271899249154586187e+01
1.320450411791370549e+01
1.338931462024849139e+01
1.380905199497778746e+01
1.383280286131483905e+01
1.386351333537065500e+01
1.390782955748307970e+01
1.431526321797821488e+01
1.443948212367742912e+01
1.474603706085129851e+01
1.485263289790736074e+01
1.486116321153899378e+01
1.585462229130672185e+01
1.597824026606184233e+01
1.600374628016827927e+01
1.640414545168385274e+01
1.642284941780810570e+01
1.654685063690368807e+01
1.657987680895126559e+01
1.663268598272690468e+01
1.689566405916026781e+01
1.698977657298647514e+01
1.709739424590776835e+01
1.738104113682491558e+01
1.740738906326850710e+01
1.746529424315547985e+01
1.747530137079186474e+01
1.797774985920095858e+01
1.831300060066618229e+01
1.842669965023579337e+01
1.898103809068408054e+01
1.909189445812017993e+01
1.925417217124641667e+01
1.945732355695407634e+01
2.017829824340992317e+01
2.039936364203550312e+01
2.057427238081580256e+01
2.063421774625827609e+01
2.069820789343850365e+01
2.153762802631710471e+01
2.224264921271744555e+01
2.288969008090760582e+01
2.340088833783880062e+01
2.449975612123516555e+01
2.502406703555599066e+01
2.600717062657912493e+01
2.619855595257112668e+01
2.652563680668194834e+01
2.687926514992550864e+01
2.697553639874469766e+01
2.708679844499899758e+01
