9.765200000000000546e-01 -1.182499999999999940e-01 -7.490000000000000130e-03 -9.513000000000000622e-02 9.376999999999999780e-01 -5.086999999999999855e-02 5.400000000000000069e-04 -1.931000000000000077e-02 1.078510000000000080e+00
9.765200000000000546e-01 1.182499999999999940e-01 -7.490000000000000130e-03 9.513000000000000622e-02 9.376999999999999780e-01 5.086999999999999855e-02 5.400000000000000069e-04 1.931000000000000077e-02 1.078510000000000080e+00
9.765200000000000546e-01 -1.182499999999999940e-01 -7.490000000000000130e-03 -9.513000000000000622e-02 9.376999999999999780e-01 -5.086999999999999855e-02 5.400000000000000069e-04 -1.931000000000000077e-02 1.078510000000000080e+00
9.765200000000000546e-01 1.182499999999999940e-01 -7.490000000000000130e-03 9.513000000000000622e-02 9.376999999999999780e-01 5.086999999999999855e-02 5.400000000000000069e-04 1.931000000000000077e-02 1.078510000000000080e+00
1.035900000000000043e+00 -4.327999999999999903e-02 3.674000000000000182e-02 -4.463999999999999913e-02 1.117729999999999890e+00 -3.849999999999999950e-02 1.716000000000000164e-02 -7.598000000000000587e-02 9.941299999999999581e-01
1.035900000000000043e+00 4.327999999999999903e-02 3.674000000000000182e-02 4.463999999999999913e-02 1.117729999999999890e+00 3.849999999999999950e-02 1.716000000000000164e-02 7.598000000000000587e-02 9.941299999999999581e-01
1.035900000000000043e+00 -4.327999999999999903e-02 3.674000000000000182e-02 -4.463999999999999913e-02 1.117729999999999890e+00 -3.849999999999999950e-02 1.716000000000000164e-02 -7.598000000000000587e-02 9.941299999999999581e-01
1.035900000000000043e+00 4.327999999999999903e-02 3.674000000000000182e-02 4.463999999999999913e-02 1.117729999999999890e+00 3.849999999999999950e-02 1.716000000000000164e-02 7.598000000000000587e-02 9.941299999999999581e-01
2.510800000000000143e+00 -5.259999999999999919e-03 -1.087199999999999972e-01 1.203899999999999970e-01 1.655839999999999979e+00 7.374100000000000099e-01 -1.334700000000000053e-01 8.637099999999999778e-01 1.071139999999999981e+00
2.510800000000000143e+00 5.259999999999999919e-03 -1.087199999999999972e-01 -1.203899999999999970e-01 1.655839999999999979e+00 -7.374100000000000099e-01 -1.334700000000000053e-01 -8.637099999999999778e-01 1.071139999999999981e+00
2.510800000000000143e+00 -5.259999999999999919e-03 -1.087199999999999972e-01 1.203899999999999970e-01 1.655839999999999979e+00 7.374100000000000099e-01 -1.334700000000000053e-01 8.637099999999999778e-01 1.071139999999999981e+00
2.510800000000000143e+00 5.259999999999999919e-03 -1.087199999999999972e-01 -1.203899999999999970e-01 1.655839999999999979e+00 -7.374100000000000099e-01 -1.334700000000000053e-01 -8.637099999999999778e-01 1.071139999999999981e+00
-2.275310000000000166e+00 -0.000000000000000000e+00 5.332700000000000218e-01 -0.000000000000000000e+00 -1.297050000000000036e+00 0.000000000000000000e+00 6.447500000000000453e-01 0.000000000000000000e+00 -1.052610000000000046e+00
-2.275310000000000166e+00 -0.000000000000000000e+00 5.332700000000000218e-01 -0.000000000000000000e+00 -1.297050000000000036e+00 0.000000000000000000e+00 6.447500000000000453e-01 0.000000000000000000e+00 -1.052610000000000046e+00
-1.342850000000000099e+00 4.283000000000000002e-02 -3.942999999999999977e-02 8.982999999999999319e-02 -1.769519999999999982e+00 4.241599999999999815e-01 -2.426999999999999991e-02 5.047099999999999920e-01 -1.409019999999999939e+00
-1.342850000000000099e+00 -4.283000000000000002e-02 -3.942999999999999977e-02 -8.982999999999999319e-02 -1.769519999999999982e+00 -4.241599999999999815e-01 -2.426999999999999991e-02 -5.047099999999999920e-01 -1.409019999999999939e+00
-2.042710000000000026e+00 -3.038500000000000090e-01 -1.477300000000000002e-01 -3.093699999999999783e-01 -1.293220000000000036e+00 -1.170599999999999974e-01 -1.823299999999999921e-01 -1.599299999999999888e-01 -1.208460000000000090e+00
-2.042710000000000026e+00 3.038500000000000090e-01 -1.477300000000000002e-01 3.093699999999999783e-01 -1.293220000000000036e+00 1.170599999999999974e-01 -1.823299999999999921e-01 1.599299999999999888e-01 -1.208460000000000090e+00
-2.042710000000000026e+00 -3.038500000000000090e-01 -1.477300000000000002e-01 -3.093699999999999783e-01 -1.293220000000000036e+00 -1.170599999999999974e-01 -1.823299999999999921e-01 -1.599299999999999888e-01 -1.208460000000000090e+00
-2.042710000000000026e+00 3.038500000000000090e-01 -1.477300000000000002e-01 3.093699999999999783e-01 -1.293220000000000036e+00 1.170599999999999974e-01 -1.823299999999999921e-01 1.599299999999999888e-01 -1.208460000000000090e+00
-1.342850000000000099e+00 -4.283000000000000002e-02 -3.942999999999999977e-02 -8.982999999999999319e-02 -1.769519999999999982e+00 -4.241599999999999815e-01 -2.426999999999999991e-02 -5.047099999999999920e-01 -1.409019999999999939e+00
-1.342850000000000099e+00 4.283000000000000002e-02 -3.942999999999999977e-02 8.982999999999999319e-02 -1.769519999999999982e+00 4.241599999999999815e-01 -2.426999999999999991e-02 5.047099999999999920e-01 -1.409019999999999939e+00
