-8.968229808043362561e-02
-6.729442861321855394e-03
-6.307032577148905667e-03
1.386672244309642865e+00
1.436720816188469696e+00
1.450174755866311394e+00
1.912414954298162995e+00
2.063802798393729265e+00
2.069773639992763758e+00
2.270862814411496622e+00
2.271745247874028983e+00
2.358045160264004458e+00
2.546374019556337132e+00
2.892399854590741004e+00
2.913162295106608735e+00
2.973378448512451477e+00
3.064696607823266916e+00
3.100157130963658414e+00
4.870529934709887598e+00
4.988653836552136234e+00
5.164755067575639735e+00
5.678739814688687382e+00
7.010651570246476894e+00
7.049269490641684399e+00
8.239483619582848917e+00
8.999189350653411523e+00
1.126162982014807667e+01
1.135847078856476600e+01
1.318110239763514535e+01
1.403272741387111289e+01
1.558919713479421354e+01
1.586097055640215636e+01
1.637844784727834480e+01
1.674847386241814817e+01
1.818802647876739442e+01
1.867087176996149722e+01
