-2.808938246989651361e-02
-1.038522712695383148e-02
-1.038449276131472518e-02
1.705629330751073924e+00
1.705629330751137207e+00
2.692183857030276073e+00
3.040823234670382735e+00
3.040823235441072470e+00
3.293789098165086138e+00
3.503304817497326695e+00
3.503304817497384427e+00
3.973214994117674426e+00
3.992488349448776841e+00
3.992488349926709201e+00
4.175978418285820837e+00
4.198914998329238202e+00
4.457596034224756032e+00
4.457596034782634220e+00
4.629625151744485301e+00
4.629625151744495071e+00
4.713503180897578915e+00
6.011548293585411429e+00
6.033787645832346946e+00
6.107969915230109237e+00
6.107969915230123448e+00
6.665060740490834412e+00
7.059603821033703319e+00
7.059603821100907339e+00
7.886940362293741735e+00
7.886940362347961475e+00
8.291395964625403181e+00
8.411668604066534272e+00
8.439631265878638544e+00
8.439631265878681177e+00
8.823632916741667387e+00
8.823632917240361806e+00
9.118157019656312201e+00
9.118157020469622509e+00
1.064641566196924849e+01
1.180466612384801550e+01
1.180466612391739112e+01
1.285214407936343051e+01
1.608604883750461312e+01
1.608604883750464509e+01
1.632498190778461833e+01
1.850685391347166942e+01
1.850685391350571152e+01
1.885981258290811269e+01
1.885981258309355013e+01
1.935609085964645359e+01
2.007169969681038069e+01
2.009392852246128314e+01
2.390867939259547725e+01
2.390867939270507136e+01
3.152994569366375899e+01
3.197507243249837217e+01
3.667604890130478879e+01
3.667604890142019514e+01
3.947550350768665339e+01
3.947550350770750072e+01
