-3.113993674030260395e-02
-2.978734748864586210e-02
-2.384727811547213139e-02
1.941322242804106146e+00
2.044471050910268595e+00
2.210694396985176891e+00
2.334292728557775476e+00
2.412704033363278100e+00
2.429136823949750390e+00
2.668511549163813612e+00
2.792761013168946871e+00
2.843648062383810959e+00
3.003097373228954314e+00
3.266519035962847983e+00
3.478696505683054330e+00
3.531846612599324420e+00
3.576179796392504162e+00
3.845255077966307944e+00
4.136708768084882415e+00
4.289025565859947875e+00
4.344747187502564501e+00
4.469785444245864880e+00
4.571907086939374310e+00
4.803197676991318055e+00
5.040218189798418180e+00
5.081400498082738082e+00
5.265781535792532608e+00
5.277604431916331329e+00
5.390922695494111849e+00
5.406977111707612416e+00
5.715538170706402354e+00
5.805601112374528583e+00
6.086799562348679693e+00
6.114085105902762329e+00
6.257171658646399237e+00
6.370120296362517642e+00
7.571595941940410412e+00
7.616057296906888929e+00
8.766894232604977688e+00
8.841974085430749142e+00
9.119318855224003428e+00
9.350147132345032475e+00
1.279963662094279009e+01
1.301592788609315576e+01
1.353606765041525861e+01
1.363748371135907611e+01
1.448721120761470793e+01
1.452039839096389251e+01
1.588202458395869421e+01
1.589817484663790381e+01
1.605981970737871478e+01
1.621099756544546011e+01
1.629172136569058083e+01
1.637930038293702495e+01
1.817886418900582512e+01
1.820495838409687295e+01
1.869944411864515033e+01
1.899699155573791742e+01
1.955193437585075245e+01
1.960917584228667465e+01
2.181869266925264839e+01
2.190705361947924246e+01
2.288025068749297120e+01
2.292939687443958618e+01
2.637212654817140134e+01
2.715155355845513441e+01
2.715667389750868210e+01
2.756089681585075013e+01
3.070477228667861525e+01
3.076886057439600108e+01
3.357591895589287390e+01
3.366770040942744657e+01
