-1.705735790243010155e-02
-1.224726208214048893e-02
-1.224716324782489617e-02
1.332849720153064021e+00
1.332849721968756729e+00
2.332276212707919960e+00
2.332276215056863666e+00
2.966497486663932648e+00
2.966497487353828788e+00
3.391144512823351942e+00
3.568628766507839778e+00
5.907186761077139359e+00
6.333258713942487184e+00
6.333258714497570274e+00
6.447201882109281357e+00
6.747541417486707438e+00
7.170342871464342238e+00
7.170342872120317068e+00
1.029563236745938859e+01
1.029563236761606859e+01
1.085904933409352857e+01
1.085904933482943768e+01
1.276162260182354480e+01
1.616068539050925068e+01
1.630967184987389018e+01
1.630967184998025843e+01
1.659750818601277089e+01
1.659750818632894820e+01
1.986804867218948090e+01
2.129601278323653446e+01
2.129601278362927985e+01
2.133653928119259646e+01
2.133653928136839539e+01
2.258746048338148427e+01
2.290425361702448726e+01
2.933100986105161567e+01
