-2.492621675221497538e-02
-2.434434671982436266e-02
-2.032365706478908574e-02
9.343351015054354169e-01
1.864183065011467688e+00
2.421626809006752978e+00
2.585369474093772713e+00
2.659894565313214443e+00
2.683090363628765296e+00
2.760899248282040919e+00
3.083111123883127469e+00
3.253695443808692911e+00
3.347658281977879735e+00
3.514537363011894122e+00
3.556690898450758365e+00
3.866223296503461970e+00
4.079017767357751012e+00
4.162477286841764545e+00
4.243774741668620898e+00
4.363999844635450209e+00
4.606084904133417091e+00
4.616607449856549472e+00
5.079234097144312621e+00
5.271458611416627527e+00
5.625447036092260156e+00
6.608950492898776119e+00
6.731137836843843480e+00
6.959569500193373948e+00
7.009495523585735910e+00
7.041408500129305637e+00
7.077190422995999874e+00
7.357004841488905100e+00
7.526879367707865143e+00
7.562148877875081610e+00
7.601199173630538652e+00
7.891560880807792167e+00
8.055989874043817167e+00
8.112780781580417155e+00
8.163903644662344306e+00
9.172344454149710558e+00
9.397883256572287181e+00
1.031006323947949532e+01
1.058429332424634950e+01
1.064369585585133215e+01
1.324888465145929395e+01
1.732663658479189905e+01
1.771233982001947638e+01
1.796166116415586700e+01
1.815490117186040919e+01
1.924951132380955698e+01
1.934753946327737850e+01
1.991684414666988445e+01
2.070218739689184062e+01
2.262804832492876628e+01
