1.198720000000000008e+00 -0.000000000000000000e+00 0.000000000000000000e+00 -0.000000000000000000e+00 9.068300000000000249e-01 -0.000000000000000000e+00 0.000000000000000000e+00 -0.000000000000000000e+00 1.079849999999999977e+00
9.068300000000000249e-01 -0.000000000000000000e+00 0.000000000000000000e+00 -0.000000000000000000e+00 1.198720000000000008e+00 -0.000000000000000000e+00 0.000000000000000000e+00 -0.000000000000000000e+00 1.079849999999999977e+00
9.068300000000000249e-01 -0.000000000000000000e+00 0.000000000000000000e+00 -0.000000000000000000e+00 1.198720000000000008e+00 -0.000000000000000000e+00 0.000000000000000000e+00 -0.000000000000000000e+00 1.079849999999999977e+00
1.198720000000000008e+00 -0.000000000000000000e+00 0.000000000000000000e+00 -0.000000000000000000e+00 9.068300000000000249e-01 -0.000000000000000000e+00 0.000000000000000000e+00 -0.000000000000000000e+00 1.079849999999999977e+00
6.779399999999999871e-01 -7.305800000000000072e-01 -0.000000000000000000e+00 -7.305800000000000072e-01 6.779399999999999871e-01 -0.000000000000000000e+00 -0.000000000000000000e+00 -0.000000000000000000e+00 -2.945300000000000140e-01
6.779399999999999871e-01 7.305800000000000072e-01 0.000000000000000000e+00 7.305800000000000072e-01 6.779399999999999871e-01 0.000000000000000000e+00 0.000000000000000000e+00 0.000000000000000000e+00 -2.945300000000000140e-01
6.779399999999999871e-01 7.305800000000000072e-01 0.000000000000000000e+00 7.305800000000000072e-01 6.779399999999999871e-01 0.000000000000000000e+00 0.000000000000000000e+00 0.000000000000000000e+00 -2.945300000000000140e-01
6.779399999999999871e-01 -7.305800000000000072e-01 -0.000000000000000000e+00 -7.305800000000000072e-01 6.779399999999999871e-01 -0.000000000000000000e+00 -0.000000000000000000e+00 -0.000000000000000000e+00 -2.945300000000000140e-01
-1.898120000000000029e+00 0.000000000000000000e+00 -0.000000000000000000e+00 0.000000000000000000e+00 -1.563309999999999977e+00 0.000000000000000000e+00 -0.000000000000000000e+00 0.000000000000000000e+00 -7.853200000000000180e-01
-1.563309999999999977e+00 0.000000000000000000e+00 -0.000000000000000000e+00 0.000000000000000000e+00 -1.898120000000000029e+00 0.000000000000000000e+00 -0.000000000000000000e+00 0.000000000000000000e+00 -7.853200000000000180e-01
-1.563309999999999977e+00 0.000000000000000000e+00 -0.000000000000000000e+00 0.000000000000000000e+00 -1.898120000000000029e+00 0.000000000000000000e+00 -0.000000000000000000e+00 0.000000000000000000e+00 -7.853200000000000180e-01
-1.898120000000000029e+00 0.000000000000000000e+00 -0.000000000000000000e+00 0.000000000000000000e+00 -1.563309999999999977e+00 0.000000000000000000e+00 -0.000000000000000000e+00 0.000000000000000000e+00 -7.853200000000000180e-01
