-2.365778844270951808e-01
-2.365778159506930489e-01
-9.834554941633098790e-02
2.239707391602751230e+00
2.239708041241089909e+00
2.304094299285513348e+00
2.304094965490788738e+00
2.994102818875798100e+00
2.994103685579375451e+00
3.647491672368834870e+00
3.647492727888569597e+00
4.250840528648422101e+00
4.298239546605098660e+00
4.787530334107555241e+00
4.787531723132494754e+00
4.891925173180800002e+00
4.891926593889159847e+00
5.139464748395497828e+00
5.611572221757463730e+00
5.744642277809820285e+00
5.744643940228149503e+00
6.040358590348755108e+00
6.040360336933551011e+00
6.344865656576189394e+00
6.344867484825826409e+00
6.608391506259295056e+00
6.654084489995599760e+00
6.654086398597481633e+00
7.178550278433661447e+00
7.178552340130981868e+00
7.659379785596220458e+00
7.976907038445414599e+00
7.976909326299252534e+00
7.987982210796416460e+00
8.676608617426511572e+00
8.851909392893716699e+00
8.918717738554123642e+00
8.918720323005986828e+00
9.349019087583467780e+00
1.401227711687147526e+01
1.504592187272019466e+01
1.554244501357492325e+01
1.665037323905983868e+01
1.665037801372689685e+01
1.735599562111030281e+01
1.735600060497809594e+01
1.739389847044072113e+01
1.739390347219393007e+01
1.914368987421181600e+01
2.169303925225785434e+01
2.268645465911322034e+01
