-1.541540029218531338e-02
-1.413221766869249621e-02
-6.687220243104531094e-03
1.696057668545402519e+00
2.187827581752308070e+00
3.551633422364186998e+00
4.134412398039228442e+00
4.141649819904611896e+00
4.565134610882171984e+00
4.705199997725110883e+00
5.551523486365121052e+00
6.016350213959452020e+00
6.183663625567952238e+00
7.080679960631984571e+00
7.313804648276843956e+00
7.405433823751160105e+00
7.866578769476717525e+00
8.156243449221280528e+00
9.274913655284777292e+00
9.452690647352930853e+00
1.141115231896939086e+01
1.166336425182402792e+01
1.169414851231288033e+01
1.210259162740444161e+01
1.248705334047066806e+01
1.330915235794338081e+01
1.400820202298842609e+01
1.535741226040441632e+01
1.700278625811889555e+01
1.814268418696277152e+01
1.821627255685828928e+01
1.890748141930606252e+01
1.975153073391584613e+01
2.065595090063133910e+01
2.167364243777989330e+01
2.239841878088152782e+01
