1.068880000000000052e+00 -8.300000000000000433e-02 0.000000000000000000e+00 -8.300000000000000433e-02 9.730400000000000160e-01 0.000000000000000000e+00 0.000000000000000000e+00 0.000000000000000000e+00 1.699920000000000098e+00
9.251200000000000534e-01 0.000000000000000000e+00 -0.000000000000000000e+00 0.000000000000000000e+00 1.116800000000000015e+00 -0.000000000000000000e+00 0.000000000000000000e+00 0.000000000000000000e+00 1.699920000000000098e+00
1.068880000000000052e+00 -8.300000000000000433e-02 0.000000000000000000e+00 -8.300000000000000433e-02 9.730400000000000160e-01 0.000000000000000000e+00 0.000000000000000000e+00 0.000000000000000000e+00 1.699920000000000098e+00
1.068880000000000052e+00 8.300000000000000433e-02 0.000000000000000000e+00 8.300000000000000433e-02 9.730400000000000160e-01 0.000000000000000000e+00 0.000000000000000000e+00 0.000000000000000000e+00 1.699920000000000098e+00
1.243600000000000039e+00 0.000000000000000000e+00 0.000000000000000000e+00 0.000000000000000000e+00 1.243600000000000039e+00 0.000000000000000000e+00 0.000000000000000000e+00 0.000000000000000000e+00 7.057400000000000340e-01
9.251200000000000534e-01 0.000000000000000000e+00 -0.000000000000000000e+00 0.000000000000000000e+00 1.116800000000000015e+00 0.000000000000000000e+00 0.000000000000000000e+00 0.000000000000000000e+00 1.699920000000000098e+00
1.243600000000000039e+00 0.000000000000000000e+00 0.000000000000000000e+00 0.000000000000000000e+00 1.243600000000000039e+00 -0.000000000000000000e+00 -0.000000000000000000e+00 0.000000000000000000e+00 7.057400000000000340e-01
1.068880000000000052e+00 8.300000000000000433e-02 0.000000000000000000e+00 8.300000000000000433e-02 9.730400000000000160e-01 0.000000000000000000e+00 0.000000000000000000e+00 0.000000000000000000e+00 1.699920000000000098e+00
4.552410000000000068e+00 0.000000000000000000e+00 -0.000000000000000000e+00 0.000000000000000000e+00 4.552410000000000068e+00 0.000000000000000000e+00 -0.000000000000000000e+00 -0.000000000000000000e+00 2.275549999999999962e+00
4.552410000000000068e+00 0.000000000000000000e+00 -0.000000000000000000e+00 0.000000000000000000e+00 4.552410000000000068e+00 0.000000000000000000e+00 0.000000000000000000e+00 0.000000000000000000e+00 2.275549999999999962e+00
4.552410000000000068e+00 0.000000000000000000e+00 0.000000000000000000e+00 0.000000000000000000e+00 4.552410000000000068e+00 0.000000000000000000e+00 0.000000000000000000e+00 0.000000000000000000e+00 2.275549999999999962e+00
4.552410000000000068e+00 0.000000000000000000e+00 0.000000000000000000e+00 0.000000000000000000e+00 4.552410000000000068e+00 0.000000000000000000e+00 0.000000000000000000e+00 0.000000000000000000e+00 2.275549999999999962e+00
-2.499089999999999812e+00 4.570299999999999918e-01 2.859000000000000083e-02 4.570299999999999918e-01 -1.971349999999999936e+00 4.950999999999999845e-02 9.805999999999999439e-02 1.698399999999999910e-01 -1.726099999999999968e+00
-2.499089999999999812e+00 -4.570299999999999918e-01 2.859000000000000083e-02 -4.570299999999999918e-01 -1.971349999999999936e+00 -4.950999999999999845e-02 9.805999999999999439e-02 -1.698399999999999910e-01 -1.726099999999999968e+00
-1.707480000000000109e+00 -0.000000000000000000e+00 -5.716999999999999860e-02 -0.000000000000000000e+00 -2.762960000000000083e+00 0.000000000000000000e+00 -1.961199999999999888e-01 0.000000000000000000e+00 -1.726099999999999968e+00
-2.499089999999999812e+00 4.570299999999999918e-01 -2.859000000000000083e-02 4.570299999999999918e-01 -1.971349999999999936e+00 -4.950999999999999845e-02 -9.805999999999999439e-02 -1.698399999999999910e-01 -1.726099999999999968e+00
-2.499089999999999812e+00 -4.570299999999999918e-01 -2.859000000000000083e-02 -4.570299999999999918e-01 -1.971349999999999936e+00 4.950999999999999845e-02 -9.805999999999999439e-02 1.698399999999999910e-01 -1.726099999999999968e+00
-2.499089999999999812e+00 -4.570299999999999918e-01 2.859000000000000083e-02 -4.570299999999999918e-01 -1.971349999999999936e+00 -4.950999999999999845e-02 9.805999999999999439e-02 -1.698399999999999910e-01 -1.726099999999999968e+00
-2.499089999999999812e+00 -4.570299999999999918e-01 -2.859000000000000083e-02 -4.570299999999999918e-01 -1.971349999999999936e+00 4.950999999999999845e-02 -9.805999999999999439e-02 1.698399999999999910e-01 -1.726099999999999968e+00
-2.499089999999999812e+00 4.570299999999999918e-01 2.859000000000000083e-02 4.570299999999999918e-01 -1.971349999999999936e+00 4.950999999999999845e-02 9.805999999999999439e-02 1.698399999999999910e-01 -1.726099999999999968e+00
-2.499089999999999812e+00 4.570299999999999918e-01 -2.859000000000000083e-02 4.570299999999999918e-01 -1.971349999999999936e+00 -4.950999999999999845e-02 -9.805999999999999439e-02 -1.698399999999999910e-01 -1.726099999999999968e+00
-1.707480000000000109e+00 -0.000000000000000000e+00 5.716999999999999860e-02 -0.000000000000000000e+00 -2.762960000000000083e+00 0.000000000000000000e+00 1.961199999999999888e-01 0.000000000000000000e+00 -1.726099999999999968e+00
-1.707480000000000109e+00 -0.000000000000000000e+00 5.716999999999999860e-02 -0.000000000000000000e+00 -2.762960000000000083e+00 0.000000000000000000e+00 1.961199999999999888e-01 0.000000000000000000e+00 -1.726099999999999968e+00
-1.707480000000000109e+00 -0.000000000000000000e+00 -5.716999999999999860e-02 -0.000000000000000000e+00 -2.762960000000000083e+00 0.000000000000000000e+00 -1.961199999999999888e-01 0.000000000000000000e+00 -1.726099999999999968e+00
