-3.141387196717123492e-02
-2.794357763540165560e-02
-2.368701818851905866e-02
1.655352879386087661e+00
1.899852005546498912e+00
3.156366981103407632e+00
3.386643185094251329e+00
3.470805437549409511e+00
4.126709831621165669e+00
4.545229993473868468e+00
4.562934556024376143e+00
4.621220115865393829e+00
4.799008441545494108e+00
4.803481739632633030e+00
4.974710147849385145e+00
5.169862450184218083e+00
5.248662530653589897e+00
5.880661378562007435e+00
5.886130835974121567e+00
6.157160493335323892e+00
6.612272984428127387e+00
6.619602620555520289e+00
6.780379695669928708e+00
7.123275860631840040e+00
7.131197667128228446e+00
7.410951659427193583e+00
7.638330581275257991e+00
8.095809672804167079e+00
8.155139463547865120e+00
8.681538354408992575e+00
9.192889433841170188e+00
9.268564205993083505e+00
9.362716837877137266e+00
9.518999493755133656e+00
9.860799874789679009e+00
1.009070269511627593e+01
1.022764809687845045e+01
1.036302836131589089e+01
1.039505712128410053e+01
1.081013077650537824e+01
1.096374500629818804e+01
1.110646933598449948e+01
1.111158463843116628e+01
1.116802455391065862e+01
1.142621698828389043e+01
1.197876908094984572e+01
1.294230728439497113e+01
1.330945332705098849e+01
1.352236006109255761e+01
1.383525461715190907e+01
1.404416606798774936e+01
1.409512997572990933e+01
1.478398639161938277e+01
1.508313565356811736e+01
1.563250143402401804e+01
1.575213927130853264e+01
1.787296072168934558e+01
1.844263303808385146e+01
1.905083192022717498e+01
1.918407230662522522e+01
1.948728888547142191e+01
2.000103842352407213e+01
2.022712895361220475e+01
2.141776471402373971e+01
2.203559038805105175e+01
2.338779861948065886e+01
