2.875509999999999788e+00 -1.342000000000000137e-01 0.000000000000000000e+00 3.767000000000000209e-02 2.603400000000000158e+00 -0.000000000000000000e+00 0.000000000000000000e+00 0.000000000000000000e+00 2.696909999999999918e+00
3.009900000000000020e+00 0.000000000000000000e+00 0.000000000000000000e+00 0.000000000000000000e+00 2.799619999999999997e+00 5.590500000000000469e-01 -0.000000000000000000e+00 -8.328000000000000680e-02 2.678560000000000052e+00
2.875509999999999788e+00 -1.342000000000000137e-01 0.000000000000000000e+00 3.767000000000000209e-02 2.603400000000000158e+00 -0.000000000000000000e+00 0.000000000000000000e+00 0.000000000000000000e+00 2.696909999999999918e+00
2.875509999999999788e+00 1.342000000000000137e-01 0.000000000000000000e+00 -3.767000000000000209e-02 2.603400000000000158e+00 0.000000000000000000e+00 0.000000000000000000e+00 0.000000000000000000e+00 2.696909999999999918e+00
2.875509999999999788e+00 1.342000000000000137e-01 0.000000000000000000e+00 -3.767000000000000209e-02 2.603400000000000158e+00 0.000000000000000000e+00 0.000000000000000000e+00 0.000000000000000000e+00 2.696909999999999918e+00
3.009900000000000020e+00 0.000000000000000000e+00 -0.000000000000000000e+00 0.000000000000000000e+00 2.799619999999999997e+00 -5.590500000000000469e-01 0.000000000000000000e+00 8.328000000000000680e-02 2.678560000000000052e+00
3.009900000000000020e+00 0.000000000000000000e+00 0.000000000000000000e+00 0.000000000000000000e+00 2.799619999999999997e+00 5.590500000000000469e-01 -0.000000000000000000e+00 -8.328000000000000680e-02 2.678560000000000052e+00
3.009900000000000020e+00 0.000000000000000000e+00 -0.000000000000000000e+00 0.000000000000000000e+00 2.799619999999999997e+00 -5.590500000000000469e-01 0.000000000000000000e+00 8.328000000000000680e-02 2.678560000000000052e+00
1.350279999999999925e+00 0.000000000000000000e+00 0.000000000000000000e+00 0.000000000000000000e+00 2.947100000000000275e-01 -0.000000000000000000e+00 -0.000000000000000000e+00 0.000000000000000000e+00 1.640099999999999891e-01
1.350279999999999925e+00 0.000000000000000000e+00 0.000000000000000000e+00 0.000000000000000000e+00 2.947100000000000275e-01 -0.000000000000000000e+00 -0.000000000000000000e+00 0.000000000000000000e+00 1.640099999999999891e-01
2.062120000000000175e+00 0.000000000000000000e+00 0.000000000000000000e+00 0.000000000000000000e+00 1.266869999999999941e+00 1.290010000000000101e+00 0.000000000000000000e+00 1.387729999999999908e+00 8.159399999999999986e-01
2.062120000000000175e+00 0.000000000000000000e+00 -0.000000000000000000e+00 0.000000000000000000e+00 1.266869999999999941e+00 -1.290010000000000101e+00 -0.000000000000000000e+00 -1.387729999999999908e+00 8.159399999999999986e-01
-2.917940000000000200e+00 1.788700000000000012e-01 0.000000000000000000e+00 -2.569000000000000103e-02 -2.143569999999999975e+00 0.000000000000000000e+00 0.000000000000000000e+00 0.000000000000000000e+00 -2.039050000000000029e+00
-3.109630000000000116e+00 -0.000000000000000000e+00 -0.000000000000000000e+00 -0.000000000000000000e+00 -1.573450000000000015e+00 -2.079100000000000115e-01 -0.000000000000000000e+00 -5.960000000000000020e-02 -1.625590000000000090e+00
-2.917940000000000200e+00 -1.788700000000000012e-01 -0.000000000000000000e+00 2.569000000000000103e-02 -2.143569999999999975e+00 -0.000000000000000000e+00 0.000000000000000000e+00 0.000000000000000000e+00 -2.039050000000000029e+00
-1.564030000000000031e+00 -0.000000000000000000e+00 0.000000000000000000e+00 -0.000000000000000000e+00 -2.466800000000000104e+00 2.368699999999999972e-01 0.000000000000000000e+00 7.318099999999999605e-01 -2.200810000000000155e+00
-3.109630000000000116e+00 -0.000000000000000000e+00 0.000000000000000000e+00 -0.000000000000000000e+00 -1.573450000000000015e+00 2.079100000000000115e-01 0.000000000000000000e+00 5.960000000000000020e-02 -1.625590000000000090e+00
-3.109630000000000116e+00 -0.000000000000000000e+00 0.000000000000000000e+00 -0.000000000000000000e+00 -1.573450000000000015e+00 2.079100000000000115e-01 0.000000000000000000e+00 5.960000000000000020e-02 -1.625590000000000090e+00
-2.917940000000000200e+00 -1.788700000000000012e-01 -0.000000000000000000e+00 2.569000000000000103e-02 -2.143569999999999975e+00 -0.000000000000000000e+00 0.000000000000000000e+00 0.000000000000000000e+00 -2.039050000000000029e+00
-2.917940000000000200e+00 1.788700000000000012e-01 0.000000000000000000e+00 -2.569000000000000103e-02 -2.143569999999999975e+00 0.000000000000000000e+00 0.000000000000000000e+00 0.000000000000000000e+00 -2.039050000000000029e+00
-1.564030000000000031e+00 -0.000000000000000000e+00 -0.000000000000000000e+00 -0.000000000000000000e+00 -2.466800000000000104e+00 -2.368699999999999972e-01 -0.000000000000000000e+00 -7.318099999999999605e-01 -2.200810000000000155e+00
-3.109630000000000116e+00 -0.000000000000000000e+00 -0.000000000000000000e+00 -0.000000000000000000e+00 -1.573450000000000015e+00 -2.079100000000000115e-01 -0.000000000000000000e+00 -5.960000000000000020e-02 -1.625590000000000090e+00
-1.564030000000000031e+00 -0.000000000000000000e+00 0.000000000000000000e+00 -0.000000000000000000e+00 -2.466800000000000104e+00 2.368699999999999972e-01 0.000000000000000000e+00 7.318099999999999605e-01 -2.200810000000000155e+00
-1.564030000000000031e+00 -0.000000000000000000e+00 -0.000000000000000000e+00 -0.000000000000000000e+00 -2.466800000000000104e+00 -2.368699999999999972e-01 -0.000000000000000000e+00 -7.318099999999999605e-01 -2.200810000000000155e+00
