-8.817901258770037901e-03
-8.817901247607324786e-03
-8.064992005216792270e-03
2.267322647088755083e+00
2.344316098446157071e+00
2.344316098446170837e+00
2.943578726873153251e+00
2.943578726873161688e+00
3.266080240457169825e+00
3.266080240457188921e+00
3.828476768690652232e+00
4.015015995337342325e+00
4.310047539474909151e+00
4.310047539474951783e+00
4.430961349964881002e+00
5.741457875869343752e+00
5.741457875869357075e+00
5.773236830599988600e+00
8.002669509267457570e+00
9.077883606537140437e+00
9.077883606537152872e+00
9.334072964642812664e+00
9.424954036858313344e+00
9.930306035251506458e+00
1.022606510037463501e+01
1.022606510037463856e+01
1.068002881430359885e+01
1.088726293601701478e+01
2.383319884372737008e+01
2.383319884372737718e+01
2.389527490841555490e+01
2.420908839021790016e+01
2.420908839021791437e+01
2.495621544932971148e+01
2.667852525726207702e+01
2.671473726574872387e+01
