-7.231856843870873575e-02
-4.162722257723868585e-02
-1.434192106294419726e-02
1.689902966722446997e+00
2.029673586672794627e+00
4.182320669060179519e+00
4.319747362352950759e+00
4.476728887861978201e+00
5.032881585075286601e+00
5.613834415695386326e+00
5.903702194983081242e+00
6.126018528842581468e+00
6.129798109937505401e+00
6.480599920137976255e+00
6.588003982118568302e+00
6.736540412882749074e+00
7.254929121770696376e+00
7.332468304716259766e+00
7.363125695633813805e+00
7.437027802922805186e+00
7.463300660320210334e+00
7.682231510366511529e+00
7.862396128435920062e+00
8.129834166467578171e+00
8.147355947062061787e+00
8.198503021482968833e+00
8.431782866221309902e+00
8.668775523183752441e+00
9.316633745309070846e+00
9.835814786381842367e+00
9.910019724462108215e+00
9.993739451033500032e+00
1.028855995527358047e+01
1.040300886668612179e+01
1.081600087432493673e+01
1.082258945422500673e+01
1.248250435534569647e+01
1.251957559891773641e+01
1.260182003065772172e+01
1.262791727948357767e+01
1.266775893369052319e+01
1.274128310004174658e+01
1.285160102298280727e+01
1.296152886285943495e+01
1.345229256537942675e+01
1.351627317222489566e+01
1.353124700753632226e+01
1.356088137401322413e+01
1.358923573519268224e+01
1.365205633200754676e+01
1.379666370489373328e+01
1.380494109683248638e+01
1.383976432828371728e+01
1.385177992019839621e+01
1.393754191242728702e+01
1.398594386949070945e+01
1.403274252783923437e+01
1.407691180356684058e+01
1.415062520136102897e+01
1.418208405671032857e+01
1.420044237820926014e+01
1.437990226574244268e+01
1.445135755173408043e+01
1.458608691782105993e+01
1.467929608068393321e+01
1.469036096123853063e+01
1.471540235580102340e+01
1.478482060790705432e+01
1.492325977524442493e+01
1.508126937821299762e+01
1.515785224907267548e+01
1.559228299423116759e+01
1.569699315455585342e+01
1.572636276496107044e+01
1.598722121296830601e+01
1.627742015287732258e+01
1.655350907819319062e+01
1.675771079048103118e+01
1.685369818150705612e+01
1.760197176153852183e+01
1.898113844329473920e+01
1.919275416377933752e+01
1.975416488945077731e+01
2.089182374283844723e+01
