-5.489698961485008077e-02
-5.275144030375763377e-02
-5.275144030100355208e-02
3.729861899915794421e+00
4.270728698597079820e+00
4.459858530870990379e+00
4.459858530870994819e+00
4.880610669973978410e+00
5.124560132473210849e+00
5.398585890747204630e+00
6.145459188435276054e+00
6.804608053485602603e+00
7.004779701316182106e+00
7.004779701316187435e+00
7.243464259534386329e+00
7.322417405404775259e+00
7.322417405404778812e+00
7.749982159019039862e+00
7.749982159019043415e+00
7.896590454980310980e+00
7.896590454980314533e+00
7.898300281331915862e+00
7.953891354205325115e+00
8.121008772036077517e+00
8.477436284337947825e+00
8.477436284337951378e+00
8.762892328760997884e+00
8.788715746350780122e+00
9.623994151208130177e+00
9.623994151208131953e+00
9.765522102858524178e+00
9.885542784854198572e+00
1.000835091131946619e+01
1.000835091131946974e+01
1.029072805541072633e+01
1.038286961004517117e+01
1.089205077715412529e+01
1.117037872993736869e+01
1.117037872993737047e+01
1.123524036223909128e+01
1.132804672714644489e+01
1.146867708098752203e+01
1.188759566782799482e+01
1.195065026530567209e+01
1.195065026530567565e+01
1.228169441068170009e+01
1.238594204629995232e+01
1.262090399413578901e+01
1.262090399413579078e+01
1.308507802558162503e+01
1.308507802558162503e+01
1.318553758895414241e+01
1.318553758895414774e+01
1.328409659034711332e+01
1.360520072833757865e+01
1.416114949862922145e+01
1.421974866904842472e+01
1.421974866904843537e+01
1.433086163623468501e+01
1.457357290706694286e+01
1.471928978205905558e+01
1.553702177168764820e+01
1.553702177168765353e+01
1.604340059785707950e+01
1.608835686629770478e+01
1.624134297657720793e+01
1.652398258003340459e+01
1.665652969620258972e+01
1.684107221914765873e+01
1.684107221914767294e+01
1.725190761887701285e+01
1.775405904419377023e+01
1.775405904419378800e+01
1.837057741998013682e+01
1.837057741998013682e+01
1.846137075311965603e+01
1.883754989637827038e+01
1.958856874986663854e+01
1.965437607603461245e+01
1.965437607603462666e+01
2.014147983983204782e+01
2.143814092399362181e+01
2.143814092399362536e+01
2.181120052032057544e+01
