-1.304873238900391974e-01
-1.089128656903210618e-01
-6.181445183093560447e-02
1.151654603210145345e+00
1.444021139721813896e+00
1.484431988475705788e+00
1.721200396717602610e+00
1.790757031338140015e+00
1.925489363998733827e+00
2.226588406884011384e+00
2.315761303012319861e+00
2.376413211709919260e+00
2.609663874404171136e+00
2.641437621331140573e+00
2.813263006470362537e+00
2.855489216236981598e+00
3.189550550573597487e+00
3.301550949868580442e+00
3.496398593355020346e+00
3.607815673115073896e+00
4.183619857104576845e+00
4.522879258603540897e+00
4.685965538260963292e+00
4.698021849348922530e+00
5.756008415887552410e+00
6.033680012147930150e+00
6.337665116976237911e+00
6.549632472760279711e+00
6.581830806317437776e+00
6.774418356602600610e+00
8.923355662307029590e+00
9.060363111692598892e+00
9.597874980499900843e+00
9.756688713758460807e+00
9.942234557929712224e+00
1.040488981551349745e+01
1.053485289539855785e+01
1.071139728499150756e+01
1.105227803722571700e+01
1.130346154301498984e+01
2.408213697114315011e+01
2.460124295099356928e+01
2.474631406799601763e+01
2.477566358722446793e+01
2.478043676590680633e+01
2.483519124540757517e+01
2.497883727182982128e+01
2.565171233687520314e+01
