-5.150021040835141978e-02
-3.996120700935489045e-02
-7.548442106847542792e-03
1.708597853095043417e+00
1.852313068920724337e+00
2.058451194606488510e+00
2.083250427765985346e+00
2.223204047270514572e+00
2.257626374744182929e+00
2.325319207918138620e+00
2.679639631805443845e+00
2.795987931731049425e+00
2.812263358112516709e+00
3.298082306436212363e+00
3.376643101371029854e+00
3.730603602449659384e+00
3.780221925208506306e+00
3.908335691115036425e+00
3.958713745864580247e+00
4.377488730856287980e+00
4.387579328044861171e+00
4.497417326189707687e+00
4.738524818909918501e+00
4.832436248563597658e+00
4.873408918680626201e+00
4.923417688727148800e+00
5.548685185419181209e+00
5.659512919221203475e+00
5.738575958419506406e+00
5.818823500008756255e+00
6.243678554607079434e+00
6.446681976187802476e+00
6.496979494168633629e+00
7.354597475985851673e+00
7.377972164544794431e+00
8.068641857744223600e+00
8.170561640929106417e+00
9.314215381634905810e+00
9.336130350731748351e+00
9.390919203909605883e+00
9.508166365772140693e+00
1.001908721472578989e+01
1.012268568747596476e+01
1.093683941383609870e+01
1.098643227616975793e+01
1.106605265490376944e+01
1.137705514796106421e+01
1.157927885195281448e+01
1.182062100629773660e+01
1.194286879848115035e+01
1.219949397728321117e+01
1.267931999895278139e+01
1.285368352641117440e+01
1.324549183243020600e+01
1.363588802410410317e+01
1.380908363794731919e+01
2.157010178968867464e+01
2.177625802124088139e+01
2.237631250913241132e+01
2.279649835812730885e+01
2.285212684987192944e+01
2.294026801089689371e+01
2.314782276004189399e+01
2.344198187547431189e+01
2.380989029687678027e+01
2.384688165952208649e+01
2.391287571514592258e+01
2.424352429144428456e+01
2.424403382215883695e+01
2.437627521603865688e+01
2.438207483049793822e+01
2.453041377373625664e+01
