1.442939999999999889e+00 1.518400000000000027e-01 0.000000000000000000e+00 1.011500000000000038e-01 1.508429999999999938e+00 -0.000000000000000000e+00 0.000000000000000000e+00 0.000000000000000000e+00 1.229899999999999993e+00
1.442939999999999889e+00 -1.518400000000000027e-01 0.000000000000000000e+00 -1.011500000000000038e-01 1.508429999999999938e+00 0.000000000000000000e+00 0.000000000000000000e+00 0.000000000000000000e+00 1.229899999999999993e+00
1.442939999999999889e+00 1.518400000000000027e-01 0.000000000000000000e+00 1.011500000000000038e-01 1.508429999999999938e+00 -0.000000000000000000e+00 0.000000000000000000e+00 0.000000000000000000e+00 1.229899999999999993e+00
1.442939999999999889e+00 -1.518400000000000027e-01 0.000000000000000000e+00 -1.011500000000000038e-01 1.508429999999999938e+00 0.000000000000000000e+00 0.000000000000000000e+00 0.000000000000000000e+00 1.229899999999999993e+00
3.100960000000000161e+00 -0.000000000000000000e+00 0.000000000000000000e+00 -0.000000000000000000e+00 3.087400000000000144e+00 0.000000000000000000e+00 0.000000000000000000e+00 0.000000000000000000e+00 4.851020000000000110e+00
3.100960000000000161e+00 -0.000000000000000000e+00 -0.000000000000000000e+00 -0.000000000000000000e+00 3.087400000000000144e+00 0.000000000000000000e+00 0.000000000000000000e+00 0.000000000000000000e+00 4.851020000000000110e+00
-2.268720000000000070e+00 0.000000000000000000e+00 0.000000000000000000e+00 0.000000000000000000e+00 -1.451840000000000019e+00 -4.796000000000000263e-01 0.000000000000000000e+00 -7.109999999999999654e-01 -2.944179999999999797e+00
-2.268720000000000070e+00 0.000000000000000000e+00 -0.000000000000000000e+00 0.000000000000000000e+00 -1.451840000000000019e+00 4.796000000000000263e-01 -0.000000000000000000e+00 7.109999999999999654e-01 -2.944179999999999797e+00
-1.449400000000000022e+00 0.000000000000000000e+00 0.000000000000000000e+00 0.000000000000000000e+00 -3.200579999999999981e+00 0.000000000000000000e+00 0.000000000000000000e+00 0.000000000000000000e+00 -1.422479999999999967e+00
-1.449400000000000022e+00 0.000000000000000000e+00 0.000000000000000000e+00 0.000000000000000000e+00 -3.200579999999999981e+00 0.000000000000000000e+00 -0.000000000000000000e+00 0.000000000000000000e+00 -1.422479999999999967e+00
-2.268720000000000070e+00 0.000000000000000000e+00 0.000000000000000000e+00 0.000000000000000000e+00 -1.451840000000000019e+00 -4.796000000000000263e-01 0.000000000000000000e+00 -7.109999999999999654e-01 -2.944179999999999797e+00
-2.268720000000000070e+00 0.000000000000000000e+00 -0.000000000000000000e+00 0.000000000000000000e+00 -1.451840000000000019e+00 4.796000000000000263e-01 -0.000000000000000000e+00 7.109999999999999654e-01 -2.944179999999999797e+00
