1.236860000000000070e+00 -1.497000000000000067e-02 0.000000000000000000e+00 1.497000000000000067e-02 1.236860000000000070e+00 0.000000000000000000e+00 0.000000000000000000e+00 0.000000000000000000e+00 1.349310000000000009e+00
1.236860000000000070e+00 1.497000000000000067e-02 -0.000000000000000000e+00 -1.497000000000000067e-02 1.236860000000000070e+00 0.000000000000000000e+00 0.000000000000000000e+00 0.000000000000000000e+00 1.349310000000000009e+00
1.262590000000000101e+00 3.277800000000000158e-01 -0.000000000000000000e+00 -3.277800000000000158e-01 1.262590000000000101e+00 0.000000000000000000e+00 -0.000000000000000000e+00 0.000000000000000000e+00 1.355210000000000026e+00
1.262590000000000101e+00 -3.277800000000000158e-01 0.000000000000000000e+00 3.277800000000000158e-01 1.262590000000000101e+00 0.000000000000000000e+00 0.000000000000000000e+00 0.000000000000000000e+00 1.355210000000000026e+00
2.667930000000000135e+00 -5.120000000000000419e-03 0.000000000000000000e+00 5.120000000000000419e-03 2.667930000000000135e+00 0.000000000000000000e+00 0.000000000000000000e+00 -0.000000000000000000e+00 2.593480000000000008e+00
2.667930000000000135e+00 5.120000000000000419e-03 -0.000000000000000000e+00 -5.120000000000000419e-03 2.667930000000000135e+00 0.000000000000000000e+00 0.000000000000000000e+00 0.000000000000000000e+00 2.593480000000000008e+00
-9.972499999999999698e-01 -7.632900000000000240e-01 2.843800000000000217e-01 -6.509700000000000486e-01 -2.023210000000000175e+00 5.706400000000000361e-01 2.384799999999999975e-01 6.347300000000000164e-01 -8.507799999999999807e-01
-2.379109999999999836e+00 -1.468500000000000083e-01 -6.363799999999999457e-01 -3.452999999999999819e-02 -6.413499999999999757e-01 -3.903999999999999831e-02 -6.689300000000000246e-01 -1.108399999999999941e-01 -8.507799999999999807e-01
-1.154330000000000078e+00 7.416599999999999859e-01 3.519999999999999796e-01 8.539799999999999613e-01 -1.866130000000000067e+00 -5.315999999999999615e-01 4.304499999999999993e-01 -5.239000000000000323e-01 -8.507799999999999807e-01
-1.154330000000000078e+00 -7.416599999999999859e-01 3.519999999999999796e-01 -8.539799999999999613e-01 -1.866130000000000067e+00 5.315999999999999615e-01 4.304499999999999993e-01 5.239000000000000323e-01 -8.507799999999999807e-01
-6.366800000000000237e-01 -7.041000000000000036e-02 0.000000000000000000e+00 7.041000000000000036e-02 -6.366800000000000237e-01 0.000000000000000000e+00 0.000000000000000000e+00 0.000000000000000000e+00 -2.745649999999999924e+00
-6.366800000000000237e-01 7.041000000000000036e-02 0.000000000000000000e+00 -7.041000000000000036e-02 -6.366800000000000237e-01 0.000000000000000000e+00 -0.000000000000000000e+00 -0.000000000000000000e+00 -2.745649999999999924e+00
-2.379109999999999836e+00 1.468500000000000083e-01 -6.363799999999999457e-01 3.452999999999999819e-02 -6.413499999999999757e-01 3.903999999999999831e-02 -6.689300000000000246e-01 1.108399999999999941e-01 -8.507799999999999807e-01
-9.972499999999999698e-01 7.632900000000000240e-01 2.843800000000000217e-01 6.509700000000000486e-01 -2.023210000000000175e+00 -5.706400000000000361e-01 2.384799999999999975e-01 -6.347300000000000164e-01 -8.507799999999999807e-01
