1.441729999999999956e+00 -0.000000000000000000e+00 -0.000000000000000000e+00 -0.000000000000000000e+00 1.003789999999999960e+00 0.000000000000000000e+00 -0.000000000000000000e+00 0.000000000000000000e+00 1.378649999999999931e+00
1.003789999999999960e+00 -0.000000000000000000e+00 -0.000000000000000000e+00 -0.000000000000000000e+00 1.441729999999999956e+00 0.000000000000000000e+00 -0.000000000000000000e+00 0.000000000000000000e+00 1.378649999999999931e+00
1.003789999999999960e+00 -0.000000000000000000e+00 -0.000000000000000000e+00 -0.000000000000000000e+00 1.441729999999999956e+00 0.000000000000000000e+00 -0.000000000000000000e+00 0.000000000000000000e+00 1.378649999999999931e+00
1.441729999999999956e+00 -0.000000000000000000e+00 -0.000000000000000000e+00 -0.000000000000000000e+00 1.003789999999999960e+00 0.000000000000000000e+00 -0.000000000000000000e+00 0.000000000000000000e+00 1.378649999999999931e+00
6.975299999999999834e-01 -9.555099999999999705e-01 0.000000000000000000e+00 -9.555099999999999705e-01 6.975299999999999834e-01 -0.000000000000000000e+00 0.000000000000000000e+00 -0.000000000000000000e+00 -3.582199999999999829e-01
6.975299999999999834e-01 9.555099999999999705e-01 0.000000000000000000e+00 9.555099999999999705e-01 6.975299999999999834e-01 0.000000000000000000e+00 0.000000000000000000e+00 0.000000000000000000e+00 -3.582199999999999829e-01
6.975299999999999834e-01 9.555099999999999705e-01 0.000000000000000000e+00 9.555099999999999705e-01 6.975299999999999834e-01 0.000000000000000000e+00 0.000000000000000000e+00 0.000000000000000000e+00 -3.582199999999999829e-01
6.975299999999999834e-01 -9.555099999999999705e-01 0.000000000000000000e+00 -9.555099999999999705e-01 6.975299999999999834e-01 -0.000000000000000000e+00 0.000000000000000000e+00 -0.000000000000000000e+00 -3.582199999999999829e-01
-1.920479999999999965e+00 0.000000000000000000e+00 -0.000000000000000000e+00 0.000000000000000000e+00 -1.920099999999999918e+00 -0.000000000000000000e+00 -0.000000000000000000e+00 -0.000000000000000000e+00 -1.020429999999999948e+00
-1.920099999999999918e+00 0.000000000000000000e+00 -0.000000000000000000e+00 0.000000000000000000e+00 -1.920479999999999965e+00 -0.000000000000000000e+00 -0.000000000000000000e+00 -0.000000000000000000e+00 -1.020429999999999948e+00
-1.920099999999999918e+00 0.000000000000000000e+00 -0.000000000000000000e+00 0.000000000000000000e+00 -1.920479999999999965e+00 -0.000000000000000000e+00 -0.000000000000000000e+00 -0.000000000000000000e+00 -1.020429999999999948e+00
-1.920479999999999965e+00 0.000000000000000000e+00 -0.000000000000000000e+00 0.000000000000000000e+00 -1.920099999999999918e+00 -0.000000000000000000e+00 -0.000000000000000000e+00 -0.000000000000000000e+00 -1.020429999999999948e+00
