9.543199999999999461e-01 -2.985000000000000153e-02 -3.579999999999999849e-02 -4.409999999999999858e-03 1.140910000000000091e+00 6.130000000000000032e-02 5.160000000000000003e-02 -1.023300000000000043e-01 1.039819999999999967e+00
9.543199999999999461e-01 2.985000000000000153e-02 -3.579999999999999849e-02 4.409999999999999858e-03 1.140910000000000091e+00 -6.130000000000000032e-02 5.160000000000000003e-02 1.023300000000000043e-01 1.039819999999999967e+00
9.543199999999999461e-01 2.985000000000000153e-02 3.579999999999999849e-02 4.409999999999999858e-03 1.140910000000000091e+00 6.130000000000000032e-02 -5.160000000000000003e-02 -1.023300000000000043e-01 1.039819999999999967e+00
9.543199999999999461e-01 -2.985000000000000153e-02 3.579999999999999849e-02 -4.409999999999999858e-03 1.140910000000000091e+00 -6.130000000000000032e-02 -5.160000000000000003e-02 1.023300000000000043e-01 1.039819999999999967e+00
2.430299999999999905e+00 0.000000000000000000e+00 0.000000000000000000e+00 0.000000000000000000e+00 1.883270000000000000e+00 4.272999999999999715e-02 0.000000000000000000e+00 -2.425100000000000033e-01 2.324129999999999807e+00
2.430299999999999905e+00 0.000000000000000000e+00 0.000000000000000000e+00 0.000000000000000000e+00 1.883270000000000000e+00 -4.272999999999999715e-02 0.000000000000000000e+00 2.425100000000000033e-01 2.324129999999999807e+00
3.331850000000000200e+00 0.000000000000000000e+00 0.000000000000000000e+00 0.000000000000000000e+00 2.569150000000000045e+00 1.651400000000000090e-01 0.000000000000000000e+00 -4.235900000000000221e-01 3.050240000000000062e+00
3.331850000000000200e+00 0.000000000000000000e+00 0.000000000000000000e+00 0.000000000000000000e+00 2.569150000000000045e+00 -1.651400000000000090e-01 0.000000000000000000e+00 4.235900000000000221e-01 3.050240000000000062e+00
-1.445990000000000109e+00 0.000000000000000000e+00 0.000000000000000000e+00 0.000000000000000000e+00 -1.914479999999999960e+00 2.231100000000000028e-01 0.000000000000000000e+00 3.865000000000000102e-01 -2.041279999999999983e+00
-1.432409999999999961e+00 0.000000000000000000e+00 0.000000000000000000e+00 0.000000000000000000e+00 -1.617720000000000047e+00 -1.537800000000000000e-01 0.000000000000000000e+00 -5.043000000000000260e-02 -2.328559999999999963e+00
-1.445990000000000109e+00 0.000000000000000000e+00 0.000000000000000000e+00 0.000000000000000000e+00 -1.914479999999999960e+00 -2.231100000000000028e-01 0.000000000000000000e+00 -3.865000000000000102e-01 -2.041279999999999983e+00
-1.432409999999999961e+00 0.000000000000000000e+00 0.000000000000000000e+00 0.000000000000000000e+00 -1.617720000000000047e+00 1.537800000000000000e-01 0.000000000000000000e+00 5.043000000000000260e-02 -2.328559999999999963e+00
-2.396199999999999886e+00 2.331100000000000116e-01 -1.966199999999999892e-01 1.205600000000000005e-01 -1.601020000000000110e+00 1.779100000000000126e-01 -1.392700000000000049e-01 4.778000000000000302e-02 -1.542089999999999961e+00
-2.396199999999999886e+00 2.331100000000000116e-01 1.966199999999999892e-01 1.205600000000000005e-01 -1.601020000000000110e+00 -1.779100000000000126e-01 1.392700000000000049e-01 -4.778000000000000302e-02 -1.542089999999999961e+00
-2.396199999999999886e+00 -2.331100000000000116e-01 -1.966199999999999892e-01 -1.205600000000000005e-01 -1.601020000000000110e+00 -1.779100000000000126e-01 -1.392700000000000049e-01 -4.778000000000000302e-02 -1.542089999999999961e+00
-2.396199999999999886e+00 -2.331100000000000116e-01 1.966199999999999892e-01 -1.205600000000000005e-01 -1.601020000000000110e+00 1.779100000000000126e-01 1.392700000000000049e-01 4.778000000000000302e-02 -1.542089999999999961e+00
