1.164150000000000018e+00 1.566999999999999990e-02 -1.941999999999999976e-02 1.743000000000000105e-02 1.060510000000000064e+00 -1.072999999999999995e-02 2.550000000000000183e-03 -2.923999999999999863e-02 1.211070000000000091e+00
1.210630000000000095e+00 -0.000000000000000000e+00 -2.360999999999999904e-02 -0.000000000000000000e+00 1.250040000000000040e+00 0.000000000000000000e+00 -1.961999999999999855e-02 0.000000000000000000e+00 1.274029999999999996e+00
1.229719999999999924e+00 -0.000000000000000000e+00 7.259000000000000175e-02 -0.000000000000000000e+00 1.180369999999999919e+00 0.000000000000000000e+00 3.266999999999999765e-02 0.000000000000000000e+00 1.046359999999999957e+00
1.164150000000000018e+00 -1.566999999999999990e-02 -1.941999999999999976e-02 -1.743000000000000105e-02 1.060510000000000064e+00 1.072999999999999995e-02 2.550000000000000183e-03 2.923999999999999863e-02 1.211070000000000091e+00
9.548400000000000221e-01 1.120400000000000007e-01 2.216999999999999874e-02 1.133399999999999963e-01 9.053400000000000336e-01 -6.357000000000000151e-02 -1.615000000000000116e-02 -1.190699999999999953e-01 9.473700000000000454e-01
9.548400000000000221e-01 -1.120400000000000007e-01 2.216999999999999874e-02 -1.133399999999999963e-01 9.053400000000000336e-01 6.357000000000000151e-02 -1.615000000000000116e-02 1.190699999999999953e-01 9.473700000000000454e-01
1.439529999999999976e+00 -5.096000000000000529e-01 -9.241500000000000270e-01 -5.171299999999999786e-01 2.148140000000000160e+00 -6.202800000000000535e-01 -9.546999999999999931e-01 -6.235600000000000032e-01 1.485780000000000101e+00
1.439529999999999976e+00 5.096000000000000529e-01 -9.241500000000000270e-01 5.171299999999999786e-01 2.148140000000000160e+00 6.202800000000000535e-01 -9.546999999999999931e-01 6.235600000000000032e-01 1.485780000000000101e+00
-1.556759999999999922e+00 4.320100000000000051e-01 3.889999999999999708e-02 4.404500000000000082e-01 -2.069090000000000096e+00 4.866000000000000186e-02 7.058000000000000385e-02 7.542999999999999705e-02 -1.313809999999999922e+00
-1.556759999999999922e+00 -4.320100000000000051e-01 3.889999999999999708e-02 -4.404500000000000082e-01 -2.069090000000000096e+00 -4.866000000000000186e-02 7.058000000000000385e-02 -7.542999999999999705e-02 -1.313809999999999922e+00
-1.329609999999999959e+00 -1.044000000000000067e-01 2.528199999999999892e-01 -1.003000000000000003e-01 -1.865809999999999969e+00 4.900200000000000111e-01 2.629900000000000015e-01 5.388699999999999601e-01 -1.811709999999999932e+00
-1.892320000000000002e+00 -1.622000000000000108e-01 6.051900000000000057e-01 -1.489300000000000068e-01 -1.394300000000000095e+00 1.539999999999999919e-03 6.282200000000000006e-01 1.525999999999999926e-02 -1.678900000000000059e+00
-1.892320000000000002e+00 1.622000000000000108e-01 6.051900000000000057e-01 1.489300000000000068e-01 -1.394300000000000095e+00 -1.539999999999999919e-03 6.282200000000000006e-01 -1.525999999999999926e-02 -1.678900000000000059e+00
-1.329609999999999959e+00 1.044000000000000067e-01 2.528199999999999892e-01 1.003000000000000003e-01 -1.865809999999999969e+00 -4.900200000000000111e-01 2.629900000000000015e-01 -5.388699999999999601e-01 -1.811709999999999932e+00
