-2.047013596845154992e-01
-1.343548465163960370e-01
-9.722124311160972032e-02
1.119386649839602121e+00
1.421470986097340461e+00
1.440729485541976107e+00
1.724678421864231259e+00
1.756343929574121665e+00
1.858305461388457980e+00
2.103169805189957664e+00
2.187801472484507848e+00
2.259586145327252993e+00
2.411534198764791359e+00
2.556245847269439597e+00
2.687228874614828733e+00
2.838602105355799932e+00
3.711075040995813978e+00
3.781007775373815605e+00
3.924981830493782020e+00
4.367410676202347020e+00
4.545063797372223213e+00
4.554723222042802000e+00
5.427016460833938183e+00
6.076088945660704788e+00
6.180179693804704222e+00
6.248615571705483873e+00
6.427516062090671944e+00
6.527763973825208232e+00
6.804714290262315224e+00
6.924995747616785380e+00
7.369818380118362988e+00
7.603289131846113769e+00
7.736265855374991673e+00
8.651404678833381823e+00
8.671580334959822167e+00
9.086505945072421042e+00
9.422320142912370855e+00
9.938287217080116420e+00
9.973524500791510761e+00
1.065827840450435815e+01
1.086292840209858568e+01
1.097913899646942149e+01
1.166522717745979421e+01
1.182928125727087654e+01
1.386213457304707397e+01
1.500073266667804006e+01
1.707661754432565360e+01
1.731479529972176579e+01
2.052364204947822302e+01
2.083786484066662581e+01
2.335739314473352479e+01
2.416535281253114320e+01
2.540877379907674438e+01
2.561021269074942808e+01
2.569460191000767679e+01
2.577513915256374588e+01
2.631409753414076391e+01
2.643594686836302898e+01
2.654886247326199822e+01
2.672465734198185316e+01
