2.551349999999999785e+00 0.000000000000000000e+00 -0.000000000000000000e+00 0.000000000000000000e+00 1.702900000000000080e+00 0.000000000000000000e+00 -0.000000000000000000e+00 0.000000000000000000e+00 2.299040000000000195e+00
2.551349999999999785e+00 0.000000000000000000e+00 -0.000000000000000000e+00 0.000000000000000000e+00 1.702900000000000080e+00 0.000000000000000000e+00 -0.000000000000000000e+00 0.000000000000000000e+00 2.299040000000000195e+00
1.967049999999999965e+00 0.000000000000000000e+00 7.660599999999999632e-01 0.000000000000000000e+00 1.954939999999999900e+00 0.000000000000000000e+00 1.181999999999999940e+00 0.000000000000000000e+00 1.885939999999999950e+00
1.967049999999999965e+00 0.000000000000000000e+00 -7.660599999999999632e-01 0.000000000000000000e+00 1.954939999999999900e+00 -0.000000000000000000e+00 -1.181999999999999940e+00 -0.000000000000000000e+00 1.885939999999999950e+00
1.204769999999999897e+00 0.000000000000000000e+00 0.000000000000000000e+00 0.000000000000000000e+00 3.848479999999999901e+00 6.518000000000000183e-02 0.000000000000000000e+00 1.580799999999999983e-01 2.178840000000000110e+00
1.204769999999999897e+00 0.000000000000000000e+00 0.000000000000000000e+00 0.000000000000000000e+00 3.848479999999999901e+00 -6.518000000000000183e-02 0.000000000000000000e+00 -1.580799999999999983e-01 2.178840000000000110e+00
-1.620910000000000073e+00 -0.000000000000000000e+00 1.487300000000000011e-01 -0.000000000000000000e+00 -2.421710000000000029e+00 0.000000000000000000e+00 -2.381000000000000130e-02 0.000000000000000000e+00 -7.996900000000000119e-01
-1.620910000000000073e+00 -0.000000000000000000e+00 -1.487300000000000011e-01 -0.000000000000000000e+00 -2.421710000000000029e+00 0.000000000000000000e+00 2.381000000000000130e-02 0.000000000000000000e+00 -7.996900000000000119e-01
-1.240680000000000005e+00 -0.000000000000000000e+00 -0.000000000000000000e+00 -0.000000000000000000e+00 -1.331450000000000022e+00 -1.088699999999999946e-01 -0.000000000000000000e+00 1.022900000000000059e-01 -2.382219999999999782e+00
-1.240680000000000005e+00 -0.000000000000000000e+00 -0.000000000000000000e+00 -0.000000000000000000e+00 -1.331450000000000022e+00 1.088699999999999946e-01 -0.000000000000000000e+00 -1.022900000000000059e-01 -2.382219999999999782e+00
-1.240680000000000005e+00 -0.000000000000000000e+00 -0.000000000000000000e+00 -0.000000000000000000e+00 -1.331450000000000022e+00 1.088699999999999946e-01 -0.000000000000000000e+00 -1.022900000000000059e-01 -2.382219999999999782e+00
-1.620910000000000073e+00 -0.000000000000000000e+00 -1.487300000000000011e-01 -0.000000000000000000e+00 -2.421710000000000029e+00 0.000000000000000000e+00 2.381000000000000130e-02 0.000000000000000000e+00 -7.996900000000000119e-01
-1.240680000000000005e+00 -0.000000000000000000e+00 -0.000000000000000000e+00 -0.000000000000000000e+00 -1.331450000000000022e+00 -1.088699999999999946e-01 -0.000000000000000000e+00 1.022900000000000059e-01 -2.382219999999999782e+00
-1.620910000000000073e+00 -0.000000000000000000e+00 1.487300000000000011e-01 -0.000000000000000000e+00 -2.421710000000000029e+00 0.000000000000000000e+00 -2.381000000000000130e-02 0.000000000000000000e+00 -7.996900000000000119e-01
