3.882499999999999840e+00 -3.313200000000000034e-01 -9.382000000000000062e-02 -3.313200000000000034e-01 3.882499999999999840e+00 9.382000000000000062e-02 -3.393399999999999750e-01 3.393399999999999750e-01 3.449059999999999793e+00
3.882499999999999840e+00 3.313200000000000034e-01 9.382000000000000062e-02 3.313200000000000034e-01 3.882499999999999840e+00 9.382000000000000062e-02 3.393399999999999750e-01 3.393399999999999750e-01 3.449059999999999793e+00
3.882499999999999840e+00 3.313200000000000034e-01 -9.382000000000000062e-02 3.313200000000000034e-01 3.882499999999999840e+00 -9.382000000000000062e-02 -3.393399999999999750e-01 -3.393399999999999750e-01 3.449059999999999793e+00
3.882499999999999840e+00 -3.313200000000000034e-01 9.382000000000000062e-02 -3.313200000000000034e-01 3.882499999999999840e+00 -9.382000000000000062e-02 3.393399999999999750e-01 -3.393399999999999750e-01 3.449059999999999793e+00
1.641089999999999938e+00 4.195000000000000118e-02 -3.694999999999999674e-02 4.195000000000000118e-02 1.641089999999999938e+00 3.694999999999999674e-02 1.478200000000000069e-01 -1.478200000000000069e-01 2.003179999999999961e+00
1.641089999999999938e+00 -4.195000000000000118e-02 3.694999999999999674e-02 -4.195000000000000118e-02 1.641089999999999938e+00 3.694999999999999674e-02 -1.478200000000000069e-01 -1.478200000000000069e-01 2.003179999999999961e+00
1.641089999999999938e+00 -4.195000000000000118e-02 -3.694999999999999674e-02 -4.195000000000000118e-02 1.641089999999999938e+00 -3.694999999999999674e-02 1.478200000000000069e-01 1.478200000000000069e-01 2.003179999999999961e+00
1.641089999999999938e+00 4.195000000000000118e-02 3.694999999999999674e-02 4.195000000000000118e-02 1.641089999999999938e+00 -3.694999999999999674e-02 -1.478200000000000069e-01 1.478200000000000069e-01 2.003179999999999961e+00
3.484379999999999811e+00 1.088500000000000023e-01 0.000000000000000000e+00 -1.088500000000000023e-01 3.484379999999999811e+00 0.000000000000000000e+00 -0.000000000000000000e+00 -0.000000000000000000e+00 3.446800000000000086e+00
3.484379999999999811e+00 -1.088500000000000023e-01 0.000000000000000000e+00 1.088500000000000023e-01 3.484379999999999811e+00 0.000000000000000000e+00 0.000000000000000000e+00 0.000000000000000000e+00 3.446800000000000086e+00
-2.139240000000000030e+00 4.662999999999999784e-02 0.000000000000000000e+00 4.662999999999999784e-02 -2.139240000000000030e+00 0.000000000000000000e+00 0.000000000000000000e+00 -0.000000000000000000e+00 -2.142119999999999802e+00
-2.139240000000000030e+00 -4.662999999999999784e-02 0.000000000000000000e+00 -4.662999999999999784e-02 -2.139240000000000030e+00 0.000000000000000000e+00 0.000000000000000000e+00 0.000000000000000000e+00 -2.142119999999999802e+00
-2.124159999999999826e+00 2.216799999999999882e-01 5.060000000000000261e-03 2.216799999999999882e-01 -2.124159999999999826e+00 -5.060000000000000261e-03 -1.069999999999999988e-03 1.069999999999999988e-03 -2.282189999999999941e+00
-2.124159999999999826e+00 -2.216799999999999882e-01 -5.060000000000000261e-03 -2.216799999999999882e-01 -2.124159999999999826e+00 -5.060000000000000261e-03 1.069999999999999988e-03 1.069999999999999988e-03 -2.282189999999999941e+00
-2.124159999999999826e+00 -2.216799999999999882e-01 5.060000000000000261e-03 -2.216799999999999882e-01 -2.124159999999999826e+00 5.060000000000000261e-03 -1.069999999999999988e-03 -1.069999999999999988e-03 -2.282189999999999941e+00
-2.124159999999999826e+00 2.216799999999999882e-01 -5.060000000000000261e-03 2.216799999999999882e-01 -2.124159999999999826e+00 5.060000000000000261e-03 1.069999999999999988e-03 -1.069999999999999988e-03 -2.282189999999999941e+00
-1.967570000000000041e+00 -1.903900000000000037e-01 2.668300000000000116e-01 -1.234100000000000058e-01 -2.104429999999999801e+00 1.952000000000000124e-01 2.383200000000000041e-01 2.580700000000000216e-01 -1.911200000000000010e+00
-2.104429999999999801e+00 1.234100000000000058e-01 1.952000000000000124e-01 1.903900000000000037e-01 -1.967570000000000041e+00 -2.668300000000000116e-01 2.580700000000000216e-01 -2.383200000000000041e-01 -1.911200000000000010e+00
-2.104429999999999801e+00 1.234100000000000058e-01 -1.952000000000000124e-01 1.903900000000000037e-01 -1.967570000000000041e+00 2.668300000000000116e-01 -2.580700000000000216e-01 2.383200000000000041e-01 -1.911200000000000010e+00
-1.967570000000000041e+00 -1.903900000000000037e-01 -2.668300000000000116e-01 -1.234100000000000058e-01 -2.104429999999999801e+00 -1.952000000000000124e-01 -2.383200000000000041e-01 -2.580700000000000216e-01 -1.911200000000000010e+00
-1.967570000000000041e+00 1.903900000000000037e-01 -2.668300000000000116e-01 1.234100000000000058e-01 -2.104429999999999801e+00 1.952000000000000124e-01 -2.383200000000000041e-01 2.580700000000000216e-01 -1.911200000000000010e+00
-1.967570000000000041e+00 1.903900000000000037e-01 2.668300000000000116e-01 1.234100000000000058e-01 -2.104429999999999801e+00 -1.952000000000000124e-01 2.383200000000000041e-01 -2.580700000000000216e-01 -1.911200000000000010e+00
-2.104429999999999801e+00 -1.234100000000000058e-01 1.952000000000000124e-01 -1.903900000000000037e-01 -1.967570000000000041e+00 2.668300000000000116e-01 2.580700000000000216e-01 2.383200000000000041e-01 -1.911200000000000010e+00
-2.104429999999999801e+00 -1.234100000000000058e-01 -1.952000000000000124e-01 -1.903900000000000037e-01 -1.967570000000000041e+00 -2.668300000000000116e-01 -2.580700000000000216e-01 -2.383200000000000041e-01 -1.911200000000000010e+00
