-4.335625266043028475e-02
-4.335625266012459872e-02
-4.335625266004172751e-02
2.551038935901797089e+00
2.551038935901798421e+00
2.551038935901800642e+00
3.354522885261769893e+00
3.354522885261775222e+00
3.354522885261791210e+00
3.804962030405511619e+00
3.804962030405514728e+00
3.804962030405516504e+00
6.366547384038343971e+00
6.366547384038345747e+00
6.366547384038349300e+00
6.621334313229720436e+00
6.621334313229723101e+00
6.621334313229723101e+00
1.055314006003239413e+01
1.055314006003240124e+01
1.055314006003240124e+01
1.148470114205634651e+01
1.148470114205635006e+01
1.148470114205636783e+01
1.538390529881795210e+01
1.538390529881795210e+01
1.538390529881795210e+01
1.554236979669472518e+01
1.554236979669472518e+01
2.392207135421533337e+01
