-2.128457422964970258e-02
-9.940880165806549942e-03
-9.940825229875327462e-03
1.112215966928315325e+01
1.216871957001161775e+01
1.492689302289808850e+01
1.492689302311484489e+01
1.534422429212061800e+01
1.606857715412927234e+01
1.606857715444497003e+01
1.688520139541245513e+01
1.688520139570921685e+01
1.700382291546595326e+01
1.788671621767990416e+01
1.788671621809919188e+01
2.127594130372217762e+01
2.127594130373370618e+01
2.222613220431057002e+01
2.225694256249268221e+01
2.225694256258473658e+01
2.367298469144975925e+01
2.393848451648734965e+01
2.396451488107535965e+01
2.396451488108450434e+01
2.407311345080629295e+01
2.475869356647068642e+01
2.475869356692724210e+01
2.533863447942593439e+01
2.533863447981072881e+01
2.616986552958138645e+01
2.633121794594375942e+01
2.633121794635632540e+01
2.697555829438954333e+01
3.131483686843480996e+01
3.174827466122387065e+01
3.174827466138266274e+01
3.206777380051968152e+01
3.206777380094626295e+01
3.301793174979508905e+01
3.373766135303809222e+01
3.373766135326332716e+01
3.445569895311514586e+01
