-5.944491538207707926e-02
-3.837126761082908233e-02
-2.909924272257214881e-02
9.188354484357670326e-01
1.069242683972384311e+00
1.162896187804597581e+00
1.247075109884910882e+00
1.334535753382784629e+00
1.355606385553495663e+00
1.425947586714060078e+00
1.471604272297367455e+00
1.698587626894069391e+00
1.753595411877151289e+00
2.056510707789938053e+00
2.144173465035132953e+00
2.159508895007463902e+00
2.198825336292062449e+00
2.317133667645619788e+00
2.347345099774784227e+00
2.427992275350097540e+00
2.570111145387794949e+00
2.593296680170875668e+00
2.726661002188718541e+00
2.774508576750889688e+00
2.794332856024018596e+00
2.884912844080781191e+00
3.059343169090975145e+00
3.083042681420907982e+00
3.112743762348304521e+00
3.362127974321400092e+00
3.535695954901487692e+00
3.639286305135764454e+00
4.035341658610143156e+00
4.209614545342824421e+00
4.398491800110857497e+00
4.443127794517734763e+00
4.723346366999914281e+00
4.732846080503368746e+00
5.154045714442909265e+00
5.205938337191891918e+00
6.824276208349754569e+00
6.880875269865983412e+00
7.288185657539698603e+00
7.364328596088024703e+00
7.951787876919960141e+00
8.151078143464978609e+00
8.758157614268469615e+00
8.860102929381373116e+00
9.219378669820331496e+00
9.349782298978022155e+00
1.082626958122268768e+01
1.125387970404037752e+01
1.417701638434424538e+01
1.420349738873934875e+01
1.457195383780189069e+01
1.486068358223811892e+01
1.613206486812058316e+01
1.622497969184496114e+01
1.718167490769138084e+01
1.771912951043480788e+01
