-1.681805458428530520e-01
-1.097403344263174763e-01
-8.270137622796853993e-02
8.876042693678304341e-02
9.670104311743488168e-01
1.002405466864581651e+00
1.427450692668576826e+00
1.554727863646882646e+00
1.591354844150103309e+00
1.610035179739871536e+00
1.667213303689722759e+00
1.697755494763601103e+00
1.783931276703225377e+00
1.980310422635804812e+00
2.850938608598929225e+00
2.977991076212284316e+00
3.239529857865181217e+00
3.368181824070666242e+00
3.821320674845281928e+00
3.892256748982522829e+00
3.973897268425544027e+00
4.103370517026216469e+00
5.002022111106667168e+00
5.121991712215082870e+00
5.159505819359059053e+00
5.289666813703865600e+00
5.396338675435410792e+00
6.397275951528119009e+00
6.442696609339911618e+00
6.781597776335603456e+00
6.864738735013882653e+00
6.906697495909314810e+00
6.947763834500997326e+00
7.498203424821174856e+00
7.651229842319468233e+00
8.092895390402620848e+00
8.596294224838979758e+00
8.684660436654965565e+00
8.722578632491655881e+00
8.799996431817458387e+00
8.971025376176349653e+00
9.069050369250355459e+00
9.360475693040392287e+00
9.462058317300733989e+00
9.802693691021870492e+00
9.933161344707936991e+00
1.194870708486905642e+01
1.255890938736321871e+01
1.349215935275002565e+01
1.355012741637509421e+01
1.376916315539909696e+01
1.404378506671189442e+01
1.405244391556144912e+01
1.429961373604196240e+01
1.580269676352742003e+01
1.586844617472044661e+01
1.601110142994541263e+01
2.034171307928611938e+01
2.189311791408432484e+01
2.274941636614003215e+01
