-8.751378189318601009e-02
-8.751371879375485774e-02
-3.141221382930803330e-02
1.465653893875694003e+00
1.465653897409105566e+00
1.849661375744292124e+00
1.849661377758646585e+00
2.053803131256352277e+00
2.053803132251935004e+00
2.561513138450669747e+00
2.561513138515764343e+00
2.688186682870776778e+00
2.744937242510600672e+00
3.641028109949862479e+00
3.641028110329136869e+00
4.213109454241344309e+00
6.177629316683966643e+00
6.207537399541049439e+00
9.697194094880906334e+00
9.697194095260858404e+00
1.004332930256158640e+01
1.004332930277328018e+01
1.067427823757240013e+01
1.097005740045143440e+01
1.097005740051594103e+01
1.117668211479075957e+01
1.132241337369878131e+01
1.132241337415796067e+01
1.227185585375679366e+01
1.342333860831417169e+01
1.344771834391693055e+01
1.344771834394959420e+01
1.349515642297870954e+01
1.349515642324776898e+01
2.724174668134635624e+01
2.732349624860476922e+01
2.794938506713894810e+01
2.794938506722747462e+01
2.802781198182955791e+01
2.802781198201243384e+01
2.811403132799065929e+01
2.988942566507113341e+01
