-8.524173764925155328e-02
-8.524172340309474349e-02
-4.501870989942351187e-02
2.257606453335238239e+00
2.679212864869491728e+00
2.679212868147343940e+00
2.804604943841055409e+00
2.804604946165718093e+00
2.934862616234214183e+00
2.934862616341341379e+00
3.173168583209200921e+00
3.306537201140439919e+00
3.306537202071981429e+00
3.332049518567676394e+00
3.499431124347355926e+00
3.499431125691037536e+00
3.668121917569115098e+00
3.668121919940807718e+00
3.770480891732652218e+00
3.770480894550036766e+00
3.843521380070856086e+00
4.122707028530207651e+00
4.126358906735832832e+00
4.399878011666166877e+00
4.456382992485241168e+00
4.456382994422360966e+00
4.822189998089008611e+00
5.097120659309117841e+00
5.097120660362723932e+00
5.151490194764564379e+00
5.281955091642217326e+00
5.281955092164451138e+00
5.287359389959364719e+00
5.505005608029134301e+00
5.505005608855717547e+00
5.781599797743287361e+00
5.861956690378502088e+00
5.861956690734472453e+00
6.070647757624301200e+00
6.070647757988904658e+00
6.156769246937994211e+00
6.324292648081689450e+00
6.486095531838071082e+00
6.486095532234769756e+00
6.544213357421635457e+00
6.642469635622285651e+00
6.642469636182775083e+00
6.897072780177968987e+00
7.917469014821867823e+00
7.917469015007303490e+00
8.447178417955001350e+00
8.447178418101382036e+00
9.087736551840151833e+00
9.087736551858853318e+00
1.004967473346297169e+01
1.051154500965974847e+01
1.067583189091737772e+01
1.067583189096954399e+01
1.219800827518166031e+01
1.219800827543554966e+01
1.249880011254538026e+01
1.249880011260193768e+01
1.272996247148755700e+01
1.283155782926559851e+01
1.335115434769023679e+01
1.352207085727151537e+01
