-2.404672846345928816e-02
-2.404672846223674526e-02
-2.074751532803611326e-02
7.974017255909239266e-01
1.511815932928141093e+00
1.511815932928148642e+00
1.750205929092594426e+00
1.855322540633837169e+00
1.856273391378797655e+00
1.897892146447400341e+00
1.968676284441649216e+00
1.992397978931630842e+00
1.992397978931637725e+00
2.099904389192870813e+00
2.143771522475577118e+00
2.143771522475587776e+00
2.318442161113755784e+00
2.384485904833943959e+00
2.384485904833947512e+00
2.551415112701620025e+00
2.671022204246861875e+00
2.702522200363005833e+00
2.743629211793725542e+00
2.743629211793728651e+00
2.836624196865586089e+00
3.085486765113817142e+00
3.085486765113820251e+00
3.099111358870046740e+00
3.173445893554512232e+00
3.308701340324438966e+00
3.308701340324441187e+00
3.507947770187018754e+00
4.084539077502958193e+00
4.524675058138011075e+00
4.524675058138014627e+00
4.764989824865685897e+00
8.012433543255454538e+00
8.546607470936715245e+00
9.305281415935217737e+00
9.305281415935228395e+00
1.028200458004814521e+01
1.057442449836076648e+01
1.057442449836076648e+01
1.087101190696513520e+01
1.128359177499519284e+01
1.128359177499519816e+01
1.198112432072909783e+01
1.202465249429389438e+01
1.335671986276997814e+01
1.337916954616875387e+01
1.350478819823610088e+01
1.350478819823611509e+01
1.484658807042885975e+01
1.546332455507405257e+01
1.546332455507406145e+01
1.585882595187855593e+01
1.615656821890693351e+01
1.671877954311171166e+01
1.671877954311171521e+01
1.679211061710459418e+01
