1.139610000000000012e+00 -0.000000000000000000e+00 0.000000000000000000e+00 -0.000000000000000000e+00 1.207799999999999985e+00 1.795000000000000068e-02 -0.000000000000000000e+00 -2.749000000000000055e-02 1.435650000000000093e+00
1.139610000000000012e+00 -0.000000000000000000e+00 -0.000000000000000000e+00 -0.000000000000000000e+00 1.207799999999999985e+00 -1.795000000000000068e-02 0.000000000000000000e+00 2.749000000000000055e-02 1.435650000000000093e+00
1.366100000000000092e+00 -0.000000000000000000e+00 0.000000000000000000e+00 -0.000000000000000000e+00 1.335860000000000047e+00 9.440999999999999392e-02 -0.000000000000000000e+00 -2.698000000000000051e-02 1.222990000000000022e+00
1.366100000000000092e+00 -0.000000000000000000e+00 -0.000000000000000000e+00 -0.000000000000000000e+00 1.335860000000000047e+00 -9.440999999999999392e-02 0.000000000000000000e+00 2.698000000000000051e-02 1.222990000000000022e+00
1.242320000000000091e+00 -0.000000000000000000e+00 -0.000000000000000000e+00 -0.000000000000000000e+00 6.961800000000000210e-01 -2.144199999999999995e-01 -0.000000000000000000e+00 -3.725299999999999723e-01 1.190979999999999928e+00
1.242320000000000091e+00 -0.000000000000000000e+00 0.000000000000000000e+00 -0.000000000000000000e+00 6.961800000000000210e-01 2.144199999999999995e-01 0.000000000000000000e+00 3.725299999999999723e-01 1.190979999999999928e+00
2.776460000000000150e+00 -0.000000000000000000e+00 0.000000000000000000e+00 -0.000000000000000000e+00 2.596810000000000063e+00 9.640999999999999570e-02 0.000000000000000000e+00 2.524000000000000132e-01 2.833930000000000060e+00
2.776460000000000150e+00 -0.000000000000000000e+00 -0.000000000000000000e+00 -0.000000000000000000e+00 2.596810000000000063e+00 -9.640999999999999570e-02 -0.000000000000000000e+00 -2.524000000000000132e-01 2.833930000000000060e+00
-2.343960000000000043e+00 -4.540100000000000247e-01 8.114999999999999991e-01 -3.902900000000000258e-01 -1.014389999999999903e+00 1.844200000000000006e-01 8.109899999999999887e-01 2.526900000000000257e-01 -1.511020000000000030e+00
-2.343960000000000043e+00 -4.540100000000000247e-01 -8.114999999999999991e-01 -3.902900000000000258e-01 -1.014389999999999903e+00 -1.844200000000000006e-01 -8.109899999999999887e-01 -2.526900000000000257e-01 -1.511020000000000030e+00
-8.910900000000000487e-01 0.000000000000000000e+00 -0.000000000000000000e+00 0.000000000000000000e+00 -1.185659999999999936e+00 -5.928299999999999681e-01 -0.000000000000000000e+00 -4.792799999999999838e-01 -2.549900000000000055e+00
-8.910900000000000487e-01 0.000000000000000000e+00 0.000000000000000000e+00 0.000000000000000000e+00 -1.185659999999999936e+00 5.928299999999999681e-01 0.000000000000000000e+00 4.792799999999999838e-01 -2.549900000000000055e+00
-2.343960000000000043e+00 4.540100000000000247e-01 -8.114999999999999991e-01 3.902900000000000258e-01 -1.014389999999999903e+00 1.844200000000000006e-01 -8.109899999999999887e-01 2.526900000000000257e-01 -1.511020000000000030e+00
-2.343960000000000043e+00 4.540100000000000247e-01 8.114999999999999991e-01 3.902900000000000258e-01 -1.014389999999999903e+00 -1.844200000000000006e-01 8.109899999999999887e-01 -2.526900000000000257e-01 -1.511020000000000030e+00
-9.454799999999999871e-01 -0.000000000000000000e+00 -0.000000000000000000e+00 -0.000000000000000000e+00 -2.622199999999999864e+00 -2.596499999999999919e-01 -0.000000000000000000e+00 -2.992500000000000160e-01 -1.111599999999999921e+00
-9.454799999999999871e-01 -0.000000000000000000e+00 0.000000000000000000e+00 -0.000000000000000000e+00 -2.622199999999999864e+00 2.596499999999999919e-01 0.000000000000000000e+00 2.992500000000000160e-01 -1.111599999999999921e+00
