9.210500000000000353e-01 2.089199999999999946e-01 -5.288999999999999951e-02 1.468599999999999905e-01 9.792300000000000448e-01 -8.074000000000000621e-02 2.622000000000000025e-02 4.254999999999999755e-02 1.225670000000000037e+00
9.210500000000000353e-01 -2.089199999999999946e-01 5.288999999999999951e-02 -1.468599999999999905e-01 9.792300000000000448e-01 -8.074000000000000621e-02 -2.622000000000000025e-02 4.254999999999999755e-02 1.225670000000000037e+00
9.210500000000000353e-01 -2.089199999999999946e-01 -5.288999999999999951e-02 -1.468599999999999905e-01 9.792300000000000448e-01 8.074000000000000621e-02 2.622000000000000025e-02 -4.254999999999999755e-02 1.225670000000000037e+00
9.210500000000000353e-01 2.089199999999999946e-01 5.288999999999999951e-02 1.468599999999999905e-01 9.792300000000000448e-01 8.074000000000000621e-02 -2.622000000000000025e-02 -4.254999999999999755e-02 1.225670000000000037e+00
2.690500000000000114e+00 -0.000000000000000000e+00 -1.803000000000000089e-02 0.000000000000000000e+00 2.469300000000000050e+00 0.000000000000000000e+00 7.627000000000000446e-02 0.000000000000000000e+00 2.098489999999999966e+00
2.690500000000000114e+00 0.000000000000000000e+00 1.803000000000000089e-02 0.000000000000000000e+00 2.469300000000000050e+00 0.000000000000000000e+00 -7.627000000000000446e-02 0.000000000000000000e+00 2.098489999999999966e+00
2.690500000000000114e+00 -0.000000000000000000e+00 -1.803000000000000089e-02 0.000000000000000000e+00 2.469300000000000050e+00 0.000000000000000000e+00 7.627000000000000446e-02 0.000000000000000000e+00 2.098489999999999966e+00
2.690500000000000114e+00 0.000000000000000000e+00 1.803000000000000089e-02 0.000000000000000000e+00 2.469300000000000050e+00 0.000000000000000000e+00 -7.627000000000000446e-02 0.000000000000000000e+00 2.098489999999999966e+00
3.123279999999999834e+00 -0.000000000000000000e+00 -4.046000000000000291e-02 0.000000000000000000e+00 3.082440000000000069e+00 0.000000000000000000e+00 1.279899999999999927e-01 -0.000000000000000000e+00 2.994019999999999904e+00
3.123279999999999834e+00 0.000000000000000000e+00 4.046000000000000291e-02 0.000000000000000000e+00 3.082440000000000069e+00 0.000000000000000000e+00 -1.279899999999999927e-01 0.000000000000000000e+00 2.994019999999999904e+00
3.123279999999999834e+00 -0.000000000000000000e+00 -4.046000000000000291e-02 0.000000000000000000e+00 3.082440000000000069e+00 0.000000000000000000e+00 1.279899999999999927e-01 0.000000000000000000e+00 2.994019999999999904e+00
3.123279999999999834e+00 0.000000000000000000e+00 4.046000000000000291e-02 0.000000000000000000e+00 3.082440000000000069e+00 0.000000000000000000e+00 -1.279899999999999927e-01 0.000000000000000000e+00 2.994019999999999904e+00
-2.422880000000000145e+00 0.000000000000000000e+00 1.344799999999999884e-01 0.000000000000000000e+00 -1.204439999999999955e+00 0.000000000000000000e+00 4.234999999999999876e-02 -0.000000000000000000e+00 -1.227670000000000039e+00
-2.422880000000000145e+00 -0.000000000000000000e+00 -1.344799999999999884e-01 0.000000000000000000e+00 -1.204439999999999955e+00 0.000000000000000000e+00 -4.234999999999999876e-02 -0.000000000000000000e+00 -1.227670000000000039e+00
-2.422880000000000145e+00 0.000000000000000000e+00 1.344799999999999884e-01 0.000000000000000000e+00 -1.204439999999999955e+00 0.000000000000000000e+00 4.234999999999999876e-02 0.000000000000000000e+00 -1.227670000000000039e+00
-2.422880000000000145e+00 -0.000000000000000000e+00 -1.344799999999999884e-01 0.000000000000000000e+00 -1.204439999999999955e+00 0.000000000000000000e+00 -4.234999999999999876e-02 -0.000000000000000000e+00 -1.227670000000000039e+00
-1.353849999999999998e+00 0.000000000000000000e+00 2.235900000000000110e-01 0.000000000000000000e+00 -1.143070000000000030e+00 0.000000000000000000e+00 2.879900000000000237e-01 0.000000000000000000e+00 -2.202280000000000015e+00
-1.353849999999999998e+00 0.000000000000000000e+00 -2.235900000000000110e-01 0.000000000000000000e+00 -1.143070000000000030e+00 0.000000000000000000e+00 -2.879900000000000237e-01 0.000000000000000000e+00 -2.202280000000000015e+00
-1.353849999999999998e+00 0.000000000000000000e+00 2.235900000000000110e-01 0.000000000000000000e+00 -1.143070000000000030e+00 0.000000000000000000e+00 2.879900000000000237e-01 0.000000000000000000e+00 -2.202280000000000015e+00
-1.353849999999999998e+00 0.000000000000000000e+00 -2.235900000000000110e-01 0.000000000000000000e+00 -1.143070000000000030e+00 0.000000000000000000e+00 -2.879900000000000237e-01 0.000000000000000000e+00 -2.202280000000000015e+00
-1.479049999999999976e+00 -2.957299999999999929e-01 -2.730099999999999749e-01 -3.941200000000000259e-01 -2.091730000000000089e+00 -1.779999999999999898e-03 -2.804499999999999771e-01 -7.579999999999999932e-03 -1.444110000000000005e+00
-1.479049999999999976e+00 2.957299999999999929e-01 2.730099999999999749e-01 3.941200000000000259e-01 -2.091730000000000089e+00 -1.779999999999999898e-03 2.804499999999999771e-01 -7.579999999999999932e-03 -1.444110000000000005e+00
-1.479049999999999976e+00 2.957299999999999929e-01 -2.730099999999999749e-01 3.941200000000000259e-01 -2.091730000000000089e+00 1.779999999999999898e-03 -2.804499999999999771e-01 7.579999999999999932e-03 -1.444110000000000005e+00
-1.479049999999999976e+00 -2.957299999999999929e-01 2.730099999999999749e-01 -3.941200000000000259e-01 -2.091730000000000089e+00 1.779999999999999898e-03 2.804499999999999771e-01 7.579999999999999932e-03 -1.444110000000000005e+00
-1.479049999999999976e+00 -2.957299999999999929e-01 -2.730099999999999749e-01 -3.941200000000000259e-01 -2.091730000000000089e+00 -1.779999999999999898e-03 -2.804499999999999771e-01 -7.579999999999999932e-03 -1.444110000000000005e+00
-1.479049999999999976e+00 2.957299999999999929e-01 2.730099999999999749e-01 3.941200000000000259e-01 -2.091730000000000089e+00 -1.779999999999999898e-03 2.804499999999999771e-01 -7.579999999999999932e-03 -1.444110000000000005e+00
-1.479049999999999976e+00 2.957299999999999929e-01 -2.730099999999999749e-01 3.941200000000000259e-01 -2.091730000000000089e+00 1.779999999999999898e-03 -2.804499999999999771e-01 7.579999999999999932e-03 -1.444110000000000005e+00
-1.479049999999999976e+00 -2.957299999999999929e-01 2.730099999999999749e-01 -3.941200000000000259e-01 -2.091730000000000089e+00 1.779999999999999898e-03 2.804499999999999771e-01 7.579999999999999932e-03 -1.444110000000000005e+00
