-2.402564794244159072e-02
-1.513830211766732832e-02
-1.513804915927555172e-02
2.118050331264396124e+00
2.308156809245565100e+00
2.308156809376380014e+00
2.753969050939976349e+00
2.753969051230233944e+00
2.780937209283501854e+00
3.099253004104480791e+00
3.325595051189568441e+00
3.325595051455816797e+00
3.414137488493376615e+00
3.453647890392065545e+00
3.453647890771553985e+00
3.601832997560946215e+00
3.974155462753382384e+00
3.974155463172997838e+00
4.091124889655690211e+00
4.091124890285645854e+00
4.158666692773397067e+00
4.655445157915458765e+00
4.655445158401513517e+00
5.317774164333619602e+00
5.338462289042846365e+00
5.338462289508535186e+00
6.424611622702034452e+00
6.972883382937611785e+00
6.972883383097921772e+00
7.733018008001664612e+00
8.086412019729303680e+00
8.086412020540832302e+00
8.115616396795209297e+00
8.783225121062329777e+00
8.783225121073979125e+00
9.275190286251552507e+00
9.292316898020763105e+00
9.292316898080375864e+00
1.108602732714334493e+01
1.108602732782911104e+01
1.197938482337941757e+01
1.219544505058901152e+01
1.224552039692197525e+01
1.224552039696959227e+01
1.250905320738717030e+01
1.529930022386874988e+01
1.529930022400875700e+01
1.618980536035315865e+01
1.618980536043038754e+01
1.727980765162483934e+01
2.044599521562603428e+01
2.044599521585232438e+01
2.118101657710160524e+01
2.118101657726951359e+01
2.286173751487860883e+01
2.489989564546186074e+01
2.564894792971249871e+01
