-4.635420426759244428e-02
-4.635420426626896129e-02
-2.233836289528814967e-02
5.405556521992271435e+00
6.908441462980164260e+00
6.908441462980166925e+00
8.099125821764067368e+00
8.099125821764070920e+00
8.789228448321578568e+00
1.029210357538855192e+01
1.029210357538855902e+01
1.048090107536333271e+01
1.086860576784615873e+01
1.101691757651536996e+01
1.144122818885800896e+01
1.223110518828361926e+01
1.444917003885199058e+01
1.444917003885199414e+01
1.515767763814432989e+01
1.515767763814434055e+01
2.072996987999580654e+01
2.113385812884127191e+01
2.113385812884127191e+01
2.139648807543344589e+01
