-1.083493724024278820e-01
-7.831266264149112921e-02
-5.035952382618406192e-02
1.262871446347568538e+00
1.383152710296299714e+00
1.573625234927299887e+00
1.773532046510578386e+00
1.779651033208477173e+00
1.909881998972711381e+00
1.979284757178713772e+00
2.193423661767146982e+00
2.293175276772362103e+00
2.474826183795540757e+00
2.554565554061981825e+00
2.593831465226682731e+00
2.735738854496167161e+00
2.775586770396486713e+00
2.838489106901768366e+00
2.913035343074299011e+00
2.972403651928856139e+00
2.983136031092112450e+00
3.062798927451816589e+00
3.169139567769144517e+00
3.218656847195736415e+00
3.224429561953555901e+00
3.305715036115484562e+00
3.417348753054039623e+00
3.434607765087594355e+00
3.460161123416075846e+00
3.540080775914583366e+00
3.559454368298601956e+00
3.651501088593566369e+00
3.845891431124909055e+00
3.892954790387373354e+00
3.922427386198500621e+00
4.032122703986077639e+00
4.056354804501204114e+00
4.151060804180059627e+00
4.259115753299034246e+00
4.279681717137385100e+00
4.363368584018544993e+00
4.455749499242523726e+00
4.600550749638569137e+00
4.609286083549164914e+00
4.643290751180675358e+00
4.715994200590158059e+00
4.915375051814459439e+00
4.974672974176292506e+00
1.014661081346870297e+01
1.015838225309522436e+01
1.016744500845713972e+01
1.023902148645074384e+01
1.026088003048471364e+01
1.038000953756787226e+01
1.040447398958736436e+01
1.048213027013116339e+01
1.129148710312330905e+01
1.131411344295256782e+01
1.135688157021988154e+01
1.138648707898972567e+01
1.138662768338369879e+01
1.142425008479768778e+01
1.153470363728518144e+01
1.166490330007068543e+01
1.168011010222078383e+01
1.172344121834540509e+01
1.177366111283996553e+01
1.185395389732894067e+01
2.684102056554482019e+01
2.684838913231108748e+01
2.687791238173084096e+01
2.688493183922919982e+01
2.757003485670629317e+01
2.784064625686695393e+01
2.786621956778493470e+01
2.786950209458360561e+01
2.792108094254232142e+01
2.797450953993653044e+01
2.806427018470282420e+01
2.834486964161239442e+01
2.877099165826579608e+01
2.880306289268556341e+01
2.912029678763594021e+01
2.918485137875469704e+01
