2.567460000000000075e+00 -1.374599999999999989e-01 -1.261799999999999866e-01 -1.678800000000000014e-01 2.512669999999999959e+00 9.332999999999999630e-02 5.650000000000000161e-02 2.007799999999999863e-01 2.453380000000000116e+00
2.567460000000000075e+00 1.374599999999999989e-01 -1.261799999999999866e-01 1.678800000000000014e-01 2.512669999999999959e+00 -9.332999999999999630e-02 5.650000000000000161e-02 -2.007799999999999863e-01 2.453380000000000116e+00
2.567460000000000075e+00 -1.374599999999999989e-01 -1.261799999999999866e-01 -1.678800000000000014e-01 2.512669999999999959e+00 9.332999999999999630e-02 5.650000000000000161e-02 2.007799999999999863e-01 2.453380000000000116e+00
2.567460000000000075e+00 1.374599999999999989e-01 -1.261799999999999866e-01 1.678800000000000014e-01 2.512669999999999959e+00 -9.332999999999999630e-02 5.650000000000000161e-02 -2.007799999999999863e-01 2.453380000000000116e+00
3.006660000000000110e+00 2.754800000000000026e-01 3.756399999999999739e-01 -1.969799999999999884e-01 3.108099999999999863e+00 -4.814000000000000223e-02 -3.199000000000000177e-01 -1.311499999999999888e-01 3.056369999999999809e+00
3.006660000000000110e+00 -2.754800000000000026e-01 3.756399999999999739e-01 1.969799999999999884e-01 3.108099999999999863e+00 4.814000000000000223e-02 -3.199000000000000177e-01 1.311499999999999888e-01 3.056369999999999809e+00
7.151819999999999844e+00 2.151700000000000002e-01 -1.498899999999999955e-01 1.886099999999999999e-01 7.100670000000000037e+00 1.324500000000000122e-01 -9.113000000000000267e-02 5.038999999999999729e-02 7.124819999999999709e+00
7.151819999999999844e+00 -2.151700000000000002e-01 -1.498899999999999955e-01 -1.886099999999999999e-01 7.100670000000000037e+00 -1.324500000000000122e-01 -9.113000000000000267e-02 -5.038999999999999729e-02 7.124819999999999709e+00
-1.931750000000000078e+00 3.055000000000000077e-02 -5.758699999999999930e-01 7.878999999999999893e-02 -1.693640000000000034e+00 -2.417600000000000027e-01 -5.444799999999999640e-01 -2.421500000000000041e-01 -3.995530000000000026e+00
-1.931750000000000078e+00 -3.055000000000000077e-02 -5.758699999999999930e-01 -7.878999999999999893e-02 -1.693640000000000034e+00 2.417600000000000027e-01 -5.444799999999999640e-01 2.421500000000000041e-01 -3.995530000000000026e+00
-1.931750000000000078e+00 3.055000000000000077e-02 -5.758699999999999930e-01 7.878999999999999893e-02 -1.693640000000000034e+00 -2.417600000000000027e-01 -5.444799999999999640e-01 -2.421500000000000041e-01 -3.995530000000000026e+00
-1.931750000000000078e+00 -3.055000000000000077e-02 -5.758699999999999930e-01 -7.878999999999999893e-02 -1.693640000000000034e+00 2.417600000000000027e-01 -5.444799999999999640e-01 2.421500000000000041e-01 -3.995530000000000026e+00
-3.244409999999999794e+00 1.107730000000000103e+00 2.736199999999999743e-01 1.063770000000000104e+00 -2.554250000000000131e+00 -2.183700000000000085e-01 3.408399999999999763e-01 -1.713800000000000046e-01 -1.763789999999999969e+00
-3.244409999999999794e+00 -1.107730000000000103e+00 2.736199999999999743e-01 -1.063770000000000104e+00 -2.554250000000000131e+00 2.183700000000000085e-01 3.408399999999999763e-01 1.713800000000000046e-01 -1.763789999999999969e+00
-3.244409999999999794e+00 1.107730000000000103e+00 2.736199999999999743e-01 1.063770000000000104e+00 -2.554250000000000131e+00 -2.183700000000000085e-01 3.408399999999999763e-01 -1.713800000000000046e-01 -1.763789999999999969e+00
-3.244409999999999794e+00 -1.107730000000000103e+00 2.736199999999999743e-01 -1.063770000000000104e+00 -2.554250000000000131e+00 2.183700000000000085e-01 3.408399999999999763e-01 1.713800000000000046e-01 -1.763789999999999969e+00
-2.470540000000000180e+00 -1.094049999999999967e+00 3.155700000000000172e-01 -1.141790000000000083e+00 -3.369159999999999933e+00 4.524799999999999933e-01 3.526599999999999735e-01 4.613700000000000023e-01 -1.784669999999999979e+00
-2.470540000000000180e+00 1.094049999999999967e+00 3.155700000000000172e-01 1.141790000000000083e+00 -3.369159999999999933e+00 -4.524799999999999933e-01 3.526599999999999735e-01 -4.613700000000000023e-01 -1.784669999999999979e+00
-2.470540000000000180e+00 -1.094049999999999967e+00 3.155700000000000172e-01 -1.141790000000000083e+00 -3.369159999999999933e+00 4.524799999999999933e-01 3.526599999999999735e-01 4.613700000000000023e-01 -1.784669999999999979e+00
-2.470540000000000180e+00 1.094049999999999967e+00 3.155700000000000172e-01 1.141790000000000083e+00 -3.369159999999999933e+00 -4.524799999999999933e-01 3.526599999999999735e-01 -4.613700000000000023e-01 -1.784669999999999979e+00
