-9.508583984068604000e-02
-5.902475671716532479e-02
-4.977475335242975696e-02
1.597120971823356550e+00
1.732260940696869644e+00
2.243038574926379702e+00
2.258060989168059862e+00
2.575583187809378671e+00
2.577088710510318847e+00
2.854605616409294555e+00
3.068888543733886198e+00
3.116618795148624610e+00
3.485796738461359290e+00
3.576517055668015477e+00
3.587462822812840901e+00
3.674339867547986582e+00
3.841292585630705414e+00
3.894399508673540566e+00
3.896399464845623495e+00
4.125699729931320725e+00
4.563452335993360975e+00
4.720048386960748132e+00
4.775019805978641507e+00
4.781155232450656989e+00
5.415833400884287663e+00
5.776866556919650897e+00
5.814472717133999602e+00
5.965752192975351420e+00
6.118160186741661732e+00
6.403170782003187789e+00
6.992395956632610599e+00
7.021626124592821760e+00
7.151887508806304972e+00
7.313873983443231808e+00
7.357020879564360349e+00
7.370126161720189195e+00
7.755901598681798959e+00
7.842542943526004784e+00
8.543986859341872631e+00
8.573648703465163834e+00
8.636680740631621944e+00
8.713070822577344998e+00
8.863241572161653536e+00
9.117420470865880588e+00
9.256278927266524903e+00
9.689773533138565043e+00
9.902050326220166454e+00
1.003570739079226115e+01
1.109668669404616814e+01
1.127620065222810730e+01
1.155212966037326972e+01
1.160607708373914626e+01
1.215502368781327114e+01
1.270187994182890456e+01
1.312634471230040134e+01
1.413408029295711898e+01
1.568427651150476976e+01
1.571448323340919195e+01
2.097828382426442317e+01
2.099919018922387082e+01
2.165804215690862478e+01
2.183159582252252662e+01
2.183276036076336624e+01
2.221733287201119467e+01
2.231130431525507873e+01
2.281786887786295281e+01
2.286757133269841091e+01
2.470121934160424360e+01
2.520770266761238787e+01
2.538798086724901637e+01
2.595295215785420950e+01
2.596153190097695074e+01
