-1.130374809487569576e-01
-8.325671568219372709e-02
-2.658896158332615250e-02
1.089161125123126572e+00
1.159197650389622636e+00
1.603093929215222646e+00
1.824824941511950627e+00
2.320130333560331604e+00
2.320926532764065797e+00
2.681405155648614258e+00
2.753002861968342430e+00
2.755368492976969730e+00
3.808003810612407669e+00
3.832201058522824333e+00
4.018160968434945524e+00
4.323804482289379081e+00
4.326489129964898872e+00
4.337529169015593489e+00
4.823844470872217016e+00
5.058256200459153362e+00
5.170561457011908502e+00
5.334350434063300561e+00
5.567424861715183582e+00
6.013644406550029409e+00
6.222439190466682035e+00
6.264080559860340180e+00
6.289754603094637631e+00
6.734645566030819097e+00
7.231424471331237669e+00
7.700950797902291534e+00
7.724780345370930057e+00
7.827783807887644940e+00
8.180218557731445017e+00
8.183500819566091877e+00
8.478458400365958880e+00
8.800075932098231135e+00
8.989091638515912308e+00
9.316568023165753942e+00
9.412586290214711937e+00
9.899710140978998041e+00
1.100626174894729559e+01
1.147209497674491452e+01
1.161747066554676877e+01
1.172973440489840513e+01
1.248627230181810788e+01
1.292416764042964950e+01
1.302367981430082722e+01
1.336227201847508894e+01
1.341550272873816496e+01
1.383496885322756320e+01
1.416793231397949526e+01
1.478464313164655763e+01
1.492041434579037684e+01
1.531803894263446608e+01
1.625246145798958608e+01
1.632653785767731947e+01
1.647349767299357381e+01
1.676630272799901888e+01
1.682975660512475358e+01
1.712203523356010848e+01
1.759460321671048177e+01
1.774639174692829258e+01
1.817087244771818177e+01
1.849147416700754931e+01
1.930083049747492652e+01
1.933259713916214650e+01
1.939737977456770324e+01
2.019063424956258501e+01
2.229380208348482029e+01
2.230658886813522557e+01
2.252817906933249148e+01
2.259013105269047372e+01
2.672892298347674611e+01
2.689613105300618656e+01
2.702159124062232465e+01
2.702498648164963768e+01
3.540333270364763507e+01
3.596674437553460280e+01
3.646812082436514402e+01
3.662755897416030137e+01
3.766554032988432255e+01
3.813105684931547046e+01
3.881391107943682073e+01
3.919629568671374642e+01
