-4.436275836780215198e-01
-5.917673672990087647e-02
-4.528190974329594082e-02
-2.807055223895675231e-02
8.380060357777859847e-01
1.318938069054040207e+00
1.430284111636565658e+00
1.465014702997891494e+00
1.468723840618106236e+00
1.490957068463072854e+00
1.580725279737121181e+00
1.595182152608284554e+00
1.683949657798593513e+00
1.756236043360914545e+00
1.819793911408651876e+00
1.861457055642165459e+00
1.870148216051337409e+00
1.888349467127311110e+00
1.993852938408447351e+00
2.035139852688261808e+00
2.044522760939579076e+00
2.219939100516048036e+00
2.313041409054321207e+00
2.407800787025371925e+00
2.664351564640071945e+00
2.697536400125121414e+00
2.719776851140549123e+00
2.968526253884240074e+00
3.062117040545641711e+00
3.215910508705116300e+00
3.218063346175771056e+00
3.443731958210452859e+00
3.573111109383529715e+00
3.890135601749635796e+00
3.953849706298912636e+00
4.230629149429195657e+00
4.353256585591986472e+00
4.608721764220530481e+00
4.783799211923510875e+00
5.043452151056853516e+00
5.142141956422440430e+00
5.210411596025788405e+00
5.315394058769302710e+00
5.322042831469885549e+00
5.610373802163274526e+00
5.626766407093865219e+00
5.741332606634108160e+00
5.804356941126208369e+00
5.814257459039803955e+00
5.977037284474641332e+00
6.330439921522041935e+00
6.571068375842698650e+00
6.659770709266198629e+00
6.672176061825706661e+00
6.778108032482220935e+00
6.787137806174263766e+00
6.840831689202709676e+00
6.862804142622751513e+00
6.937581747266118093e+00
7.111768978250067264e+00
7.175900062013127467e+00
7.309014324790997996e+00
7.379857247941860265e+00
7.549768559366571985e+00
7.673195299221831078e+00
7.734772181518987821e+00
7.756085327019036413e+00
7.787612978313701362e+00
8.038832807068448716e+00
8.298483807298776327e+00
8.327914372758643324e+00
8.410617004714934453e+00
8.441551308853130209e+00
8.508575444808608168e+00
8.543475147737014552e+00
8.628111670580070225e+00
8.767597515853474022e+00
8.771002228935984135e+00
8.814523174851830234e+00
8.857872272730059393e+00
8.859028851967918783e+00
9.264026964554885168e+00
9.462039177682576963e+00
9.569153086872422165e+00
9.591756872440001302e+00
9.681126122512814902e+00
9.852525696490214813e+00
9.867329588090184345e+00
1.046896575598564105e+01
1.058389309280852508e+01
1.160353476316592136e+01
1.211630096192728168e+01
1.224809115740081289e+01
1.240838039391120518e+01
1.255734952129628290e+01
1.281104144868792538e+01
1.380465099160424280e+01
1.405330964577383845e+01
1.441260531618069507e+01
1.444001928669072221e+01
1.449515681184580984e+01
1.451464825615832765e+01
1.463653247869863527e+01
1.497033670296029229e+01
1.533167110917788989e+01
1.562189031455540622e+01
1.566430943259229558e+01
1.583976698060928001e+01
1.584182723046808228e+01
1.603171837327489868e+01
1.634315296997491984e+01
1.648910094577627206e+01
1.665144303056044350e+01
2.035285439440866284e+01
2.086884771615337542e+01
2.163822220054133894e+01
2.185314672993342455e+01
2.231011481368932792e+01
2.236520764491132596e+01
2.310476078646996001e+01
