-2.500916421733729786e-02
-1.180268137285994320e-02
-1.149883324263099166e-02
1.227691049629558773e+00
1.330173507837349778e+00
1.484160469754220335e+00
1.507456781667460888e+00
1.520532453838247200e+00
1.845678199636169081e+00
1.969927471366741401e+00
2.134357499258789037e+00
2.140148500811864363e+00
2.985577997591972732e+00
3.783882819388916907e+00
4.830836616228596725e+00
4.885962912313900119e+00
5.043064588904398349e+00
5.442999878459591656e+00
5.536905289646365524e+00
5.614492868389920233e+00
5.867245252932885791e+00
6.078035869746088338e+00
7.479824444988603105e+00
7.648732288926138878e+00
7.896730698436976503e+00
8.737787306100752716e+00
8.848552575818173338e+00
1.019180289501499637e+01
1.053546958211154561e+01
1.092059357533070418e+01
1.149773933455311337e+01
1.253553980466183404e+01
1.371289357365408357e+01
1.455848303668281574e+01
1.709481102154202858e+01
2.014107839624061569e+01
2.054671552781458033e+01
2.059311166772616986e+01
2.305792261625800066e+01
2.362070167083142636e+01
2.607252992841909389e+01
2.637416948808257544e+01
