2.153739999999999988e+00 3.682300000000000018e-01 -3.953999999999999876e-02 3.133900000000000019e-01 2.373029999999999973e+00 -2.330599999999999894e-01 -2.778999999999999873e-02 -2.151200000000000057e-01 2.468960000000000043e+00
2.153739999999999988e+00 3.682300000000000018e-01 3.953999999999999876e-02 3.133900000000000019e-01 2.373029999999999973e+00 2.330599999999999894e-01 2.778999999999999873e-02 2.151200000000000057e-01 2.468960000000000043e+00
2.153739999999999988e+00 -3.682300000000000018e-01 -3.953999999999999876e-02 -3.133900000000000019e-01 2.373029999999999973e+00 2.330599999999999894e-01 -2.778999999999999873e-02 2.151200000000000057e-01 2.468960000000000043e+00
2.153739999999999988e+00 -3.682300000000000018e-01 3.953999999999999876e-02 -3.133900000000000019e-01 2.373029999999999973e+00 -2.330599999999999894e-01 2.778999999999999873e-02 -2.151200000000000057e-01 2.468960000000000043e+00
4.591260000000000119e+00 0.000000000000000000e+00 3.029000000000000095e-02 0.000000000000000000e+00 4.356819999999999915e+00 0.000000000000000000e+00 -5.167999999999999677e-02 0.000000000000000000e+00 3.675460000000000171e+00
4.591260000000000119e+00 0.000000000000000000e+00 -3.029000000000000095e-02 0.000000000000000000e+00 4.356819999999999915e+00 0.000000000000000000e+00 5.167999999999999677e-02 0.000000000000000000e+00 3.675460000000000171e+00
4.591260000000000119e+00 0.000000000000000000e+00 -3.029000000000000095e-02 0.000000000000000000e+00 4.356819999999999915e+00 0.000000000000000000e+00 5.167999999999999677e-02 0.000000000000000000e+00 3.675460000000000171e+00
4.591260000000000119e+00 0.000000000000000000e+00 3.029000000000000095e-02 0.000000000000000000e+00 4.356819999999999915e+00 0.000000000000000000e+00 -5.167999999999999677e-02 0.000000000000000000e+00 3.675460000000000171e+00
2.499680000000000124e+00 0.000000000000000000e+00 -5.143999999999999961e-02 0.000000000000000000e+00 2.456780000000000186e+00 0.000000000000000000e+00 4.728000000000000258e-02 -0.000000000000000000e+00 2.711329999999999796e+00
2.499680000000000124e+00 0.000000000000000000e+00 -5.143999999999999961e-02 0.000000000000000000e+00 2.456780000000000186e+00 0.000000000000000000e+00 4.728000000000000258e-02 -0.000000000000000000e+00 2.711329999999999796e+00
2.499680000000000124e+00 -0.000000000000000000e+00 5.143999999999999961e-02 0.000000000000000000e+00 2.456780000000000186e+00 0.000000000000000000e+00 -4.728000000000000258e-02 -0.000000000000000000e+00 2.711329999999999796e+00
2.499680000000000124e+00 -0.000000000000000000e+00 5.143999999999999961e-02 0.000000000000000000e+00 2.456780000000000186e+00 0.000000000000000000e+00 -4.728000000000000258e-02 0.000000000000000000e+00 2.711329999999999796e+00
-2.053960000000000008e+00 2.342899999999999983e-01 -1.281799999999999884e-01 2.470499999999999918e-01 -2.812590000000000146e+00 -4.288399999999999990e-01 -1.173300000000000037e-01 -4.362800000000000011e-01 -2.092880000000000074e+00
-2.053960000000000008e+00 -2.342899999999999983e-01 -1.281799999999999884e-01 -2.470499999999999918e-01 -2.812590000000000146e+00 4.288399999999999990e-01 -1.173300000000000037e-01 4.362800000000000011e-01 -2.092880000000000074e+00
-2.975560000000000205e+00 0.000000000000000000e+00 -3.518000000000000016e-01 0.000000000000000000e+00 -1.796510000000000051e+00 0.000000000000000000e+00 -3.557699999999999751e-01 -0.000000000000000000e+00 -2.084360000000000213e+00
-2.161189999999999944e+00 0.000000000000000000e+00 -1.483299999999999896e-01 0.000000000000000000e+00 -1.764930000000000110e+00 0.000000000000000000e+00 -2.269400000000000028e-01 -0.000000000000000000e+00 -2.585640000000000160e+00
-2.053960000000000008e+00 -2.342899999999999983e-01 1.281799999999999884e-01 -2.470499999999999918e-01 -2.812590000000000146e+00 -4.288399999999999990e-01 1.173300000000000037e-01 -4.362800000000000011e-01 -2.092880000000000074e+00
-2.975560000000000205e+00 0.000000000000000000e+00 3.518000000000000016e-01 0.000000000000000000e+00 -1.796510000000000051e+00 0.000000000000000000e+00 3.557699999999999751e-01 0.000000000000000000e+00 -2.084360000000000213e+00
-2.053960000000000008e+00 2.342899999999999983e-01 1.281799999999999884e-01 2.470499999999999918e-01 -2.812590000000000146e+00 4.288399999999999990e-01 1.173300000000000037e-01 4.362800000000000011e-01 -2.092880000000000074e+00
-2.161189999999999944e+00 0.000000000000000000e+00 -1.483299999999999896e-01 0.000000000000000000e+00 -1.764930000000000110e+00 0.000000000000000000e+00 -2.269400000000000028e-01 -0.000000000000000000e+00 -2.585640000000000160e+00
-2.053960000000000008e+00 2.342899999999999983e-01 1.281799999999999884e-01 2.470499999999999918e-01 -2.812590000000000146e+00 4.288399999999999990e-01 1.173300000000000037e-01 4.362800000000000011e-01 -2.092880000000000074e+00
-2.161189999999999944e+00 0.000000000000000000e+00 1.483299999999999896e-01 0.000000000000000000e+00 -1.764930000000000110e+00 0.000000000000000000e+00 2.269400000000000028e-01 -0.000000000000000000e+00 -2.585640000000000160e+00
-2.161189999999999944e+00 0.000000000000000000e+00 1.483299999999999896e-01 0.000000000000000000e+00 -1.764930000000000110e+00 0.000000000000000000e+00 2.269400000000000028e-01 -0.000000000000000000e+00 -2.585640000000000160e+00
-2.053960000000000008e+00 2.342899999999999983e-01 -1.281799999999999884e-01 2.470499999999999918e-01 -2.812590000000000146e+00 -4.288399999999999990e-01 -1.173300000000000037e-01 -4.362800000000000011e-01 -2.092880000000000074e+00
-2.053960000000000008e+00 -2.342899999999999983e-01 1.281799999999999884e-01 -2.470499999999999918e-01 -2.812590000000000146e+00 -4.288399999999999990e-01 1.173300000000000037e-01 -4.362800000000000011e-01 -2.092880000000000074e+00
-2.053960000000000008e+00 -2.342899999999999983e-01 -1.281799999999999884e-01 -2.470499999999999918e-01 -2.812590000000000146e+00 4.288399999999999990e-01 -1.173300000000000037e-01 4.362800000000000011e-01 -2.092880000000000074e+00
-2.975560000000000205e+00 0.000000000000000000e+00 -3.518000000000000016e-01 0.000000000000000000e+00 -1.796510000000000051e+00 0.000000000000000000e+00 -3.557699999999999751e-01 0.000000000000000000e+00 -2.084360000000000213e+00
-2.975560000000000205e+00 0.000000000000000000e+00 3.518000000000000016e-01 0.000000000000000000e+00 -1.796510000000000051e+00 0.000000000000000000e+00 3.557699999999999751e-01 -0.000000000000000000e+00 -2.084360000000000213e+00
