1.453149999999999942e+00 1.567999999999999949e-02 4.232000000000000345e-02 7.500000000000000156e-04 1.577369999999999939e+00 3.384000000000000202e-02 3.534000000000000336e-02 5.093000000000000305e-02 1.146079999999999988e+00
1.453149999999999942e+00 1.567999999999999949e-02 4.232000000000000345e-02 7.500000000000000156e-04 1.577369999999999939e+00 3.384000000000000202e-02 3.534000000000000336e-02 5.093000000000000305e-02 1.146079999999999988e+00
1.434439999999999937e+00 -1.299200000000000077e-01 -1.085000000000000027e-02 -1.317899999999999905e-01 1.271589999999999998e+00 -8.319999999999999271e-03 -1.447999999999999982e-02 -4.012000000000000288e-02 1.321709999999999940e+00
1.434439999999999937e+00 -1.299200000000000077e-01 -1.085000000000000027e-02 -1.317899999999999905e-01 1.271589999999999998e+00 -8.319999999999999271e-03 -1.447999999999999982e-02 -4.012000000000000288e-02 1.321709999999999940e+00
1.151639999999999997e+00 -1.412000000000000061e-02 -3.022000000000000033e-02 5.400000000000000069e-04 9.070099999999999829e-01 -6.137999999999999706e-02 -3.939000000000000140e-02 -8.028000000000000413e-02 1.005370000000000097e+00
1.151639999999999997e+00 -1.412000000000000061e-02 -3.022000000000000033e-02 5.400000000000000069e-04 9.070099999999999829e-01 -6.137999999999999706e-02 -3.939000000000000140e-02 -8.028000000000000413e-02 1.005370000000000097e+00
8.901299999999999768e-01 -8.370000000000000703e-03 5.879999999999999810e-03 8.300000000000000086e-03 1.043230000000000102e+00 1.384999999999999946e-02 1.481000000000000025e-02 7.094000000000000306e-02 1.096370000000000067e+00
8.901299999999999768e-01 -8.370000000000000703e-03 5.879999999999999810e-03 8.300000000000000086e-03 1.043230000000000102e+00 1.384999999999999946e-02 1.481000000000000025e-02 7.094000000000000306e-02 1.096370000000000067e+00
2.676070000000000171e+00 5.371999999999999692e-02 -9.786000000000000254e-02 1.545499999999999929e-01 2.603330000000000144e+00 -3.565000000000000113e-02 9.740000000000000394e-03 4.211000000000000160e-02 2.826560000000000183e+00
2.676070000000000171e+00 5.371999999999999692e-02 -9.786000000000000254e-02 1.545499999999999929e-01 2.603330000000000144e+00 -3.565000000000000113e-02 9.740000000000000394e-03 4.211000000000000160e-02 2.826560000000000183e+00
-2.140499999999999847e+00 9.680999999999999328e-02 -4.165599999999999858e-01 1.091400000000000009e-01 -1.671839999999999993e+00 9.789000000000000479e-02 -3.806399999999999784e-01 5.813999999999999724e-02 -1.846479999999999899e+00
-2.140499999999999847e+00 9.680999999999999328e-02 -4.165599999999999858e-01 1.091400000000000009e-01 -1.671839999999999993e+00 9.789000000000000479e-02 -3.806399999999999784e-01 5.813999999999999724e-02 -1.846479999999999899e+00
-1.782529999999999948e+00 -3.048500000000000099e-01 6.131999999999999951e-02 -4.052499999999999991e-01 -2.105669999999999931e+00 2.503999999999999976e-02 -3.069999999999999812e-03 -4.655999999999999722e-02 -1.665569999999999995e+00
-1.782529999999999948e+00 -3.048500000000000099e-01 6.131999999999999951e-02 -4.052499999999999991e-01 -2.105669999999999931e+00 2.503999999999999976e-02 -3.069999999999999812e-03 -4.655999999999999722e-02 -1.665569999999999995e+00
-1.873259999999999925e+00 3.971000000000000085e-01 2.744099999999999873e-01 3.679100000000000148e-01 -1.920849999999999946e+00 -3.019600000000000062e-01 2.295099999999999918e-01 -3.313599999999999879e-01 -1.716660000000000075e+00
-1.873259999999999925e+00 3.971000000000000085e-01 2.744099999999999873e-01 3.679100000000000148e-01 -1.920849999999999946e+00 -3.019600000000000062e-01 2.295099999999999918e-01 -3.313599999999999879e-01 -1.716660000000000075e+00
-1.809150000000000036e+00 -1.060399999999999954e-01 1.715700000000000003e-01 -1.041500000000000065e-01 -1.704169999999999963e+00 2.366999999999999937e-01 1.481800000000000062e-01 2.762100000000000111e-01 -2.167390000000000150e+00
-1.809150000000000036e+00 -1.060399999999999954e-01 1.715700000000000003e-01 -1.041500000000000065e-01 -1.704169999999999963e+00 2.366999999999999937e-01 1.481800000000000062e-01 2.762100000000000111e-01 -2.167390000000000150e+00
