1.222150000000000070e+00 -1.660699999999999954e-01 0.000000000000000000e+00 1.660699999999999954e-01 1.222150000000000070e+00 0.000000000000000000e+00 -0.000000000000000000e+00 0.000000000000000000e+00 4.981599999999999917e-01
1.222150000000000070e+00 -1.660699999999999954e-01 0.000000000000000000e+00 1.660699999999999954e-01 1.222150000000000070e+00 0.000000000000000000e+00 -0.000000000000000000e+00 0.000000000000000000e+00 4.981599999999999917e-01
1.222150000000000070e+00 1.660699999999999954e-01 0.000000000000000000e+00 -1.660699999999999954e-01 1.222150000000000070e+00 0.000000000000000000e+00 0.000000000000000000e+00 0.000000000000000000e+00 4.981599999999999917e-01
1.222150000000000070e+00 1.660699999999999954e-01 0.000000000000000000e+00 -1.660699999999999954e-01 1.222150000000000070e+00 0.000000000000000000e+00 0.000000000000000000e+00 0.000000000000000000e+00 4.981599999999999917e-01
1.182709999999999928e+00 0.000000000000000000e+00 0.000000000000000000e+00 0.000000000000000000e+00 1.182709999999999928e+00 0.000000000000000000e+00 -0.000000000000000000e+00 0.000000000000000000e+00 1.544869999999999965e+00
1.182709999999999928e+00 0.000000000000000000e+00 -0.000000000000000000e+00 0.000000000000000000e+00 1.182709999999999928e+00 0.000000000000000000e+00 -0.000000000000000000e+00 0.000000000000000000e+00 1.544869999999999965e+00
1.182709999999999928e+00 0.000000000000000000e+00 0.000000000000000000e+00 0.000000000000000000e+00 1.182709999999999928e+00 0.000000000000000000e+00 0.000000000000000000e+00 0.000000000000000000e+00 1.544869999999999965e+00
1.182709999999999928e+00 0.000000000000000000e+00 0.000000000000000000e+00 0.000000000000000000e+00 1.182709999999999928e+00 0.000000000000000000e+00 0.000000000000000000e+00 0.000000000000000000e+00 1.544869999999999965e+00
2.346950000000000092e+00 0.000000000000000000e+00 0.000000000000000000e+00 0.000000000000000000e+00 2.346950000000000092e+00 0.000000000000000000e+00 0.000000000000000000e+00 0.000000000000000000e+00 5.999600000000000488e-01
2.346950000000000092e+00 0.000000000000000000e+00 0.000000000000000000e+00 0.000000000000000000e+00 2.346950000000000092e+00 -0.000000000000000000e+00 0.000000000000000000e+00 0.000000000000000000e+00 5.999600000000000488e-01
2.346950000000000092e+00 0.000000000000000000e+00 -0.000000000000000000e+00 0.000000000000000000e+00 2.346950000000000092e+00 -0.000000000000000000e+00 -0.000000000000000000e+00 0.000000000000000000e+00 5.999600000000000488e-01
2.346950000000000092e+00 0.000000000000000000e+00 -0.000000000000000000e+00 0.000000000000000000e+00 2.346950000000000092e+00 0.000000000000000000e+00 0.000000000000000000e+00 0.000000000000000000e+00 5.999600000000000488e-01
-1.170290000000000052e+00 7.164500000000000313e-01 2.528400000000000092e-01 7.164500000000000313e-01 -1.997579999999999911e+00 -4.379299999999999859e-01 5.328699999999999548e-01 -9.229500000000000481e-01 -8.810000000000000053e-01
-1.170290000000000052e+00 7.164500000000000313e-01 2.528400000000000092e-01 7.164500000000000313e-01 -1.997579999999999911e+00 -4.379299999999999859e-01 5.328699999999999548e-01 -9.229500000000000481e-01 -8.810000000000000053e-01
-1.170290000000000052e+00 -7.164500000000000313e-01 2.528400000000000092e-01 -7.164500000000000313e-01 -1.997579999999999911e+00 4.379299999999999859e-01 5.328699999999999548e-01 9.229500000000000481e-01 -8.810000000000000053e-01
-1.170290000000000052e+00 7.164500000000000313e-01 -2.528400000000000092e-01 7.164500000000000313e-01 -1.997579999999999911e+00 4.379299999999999859e-01 -5.328699999999999548e-01 9.229500000000000481e-01 -8.810000000000000053e-01
-1.170290000000000052e+00 -7.164500000000000313e-01 -2.528400000000000092e-01 -7.164500000000000313e-01 -1.997579999999999911e+00 -4.379299999999999859e-01 -5.328699999999999548e-01 -9.229500000000000481e-01 -8.810000000000000053e-01
-1.170290000000000052e+00 -7.164500000000000313e-01 2.528400000000000092e-01 -7.164500000000000313e-01 -1.997579999999999911e+00 4.379299999999999859e-01 5.328699999999999548e-01 9.229500000000000481e-01 -8.810000000000000053e-01
-1.170290000000000052e+00 7.164500000000000313e-01 -2.528400000000000092e-01 7.164500000000000313e-01 -1.997579999999999911e+00 4.379299999999999859e-01 -5.328699999999999548e-01 9.229500000000000481e-01 -8.810000000000000053e-01
-1.170290000000000052e+00 -7.164500000000000313e-01 -2.528400000000000092e-01 -7.164500000000000313e-01 -1.997579999999999911e+00 -4.379299999999999859e-01 -5.328699999999999548e-01 -9.229500000000000481e-01 -8.810000000000000053e-01
-2.411220000000000141e+00 -0.000000000000000000e+00 -5.056699999999999529e-01 -0.000000000000000000e+00 -7.566500000000000448e-01 0.000000000000000000e+00 -1.065730000000000066e+00 0.000000000000000000e+00 -8.810000000000000053e-01
-2.411220000000000141e+00 -0.000000000000000000e+00 -5.056699999999999529e-01 -0.000000000000000000e+00 -7.566500000000000448e-01 0.000000000000000000e+00 -1.065730000000000066e+00 0.000000000000000000e+00 -8.810000000000000053e-01
-2.411220000000000141e+00 -0.000000000000000000e+00 5.056699999999999529e-01 -0.000000000000000000e+00 -7.566500000000000448e-01 0.000000000000000000e+00 1.065730000000000066e+00 -0.000000000000000000e+00 -8.810000000000000053e-01
-2.411220000000000141e+00 -0.000000000000000000e+00 5.056699999999999529e-01 -0.000000000000000000e+00 -7.566500000000000448e-01 0.000000000000000000e+00 1.065730000000000066e+00 -0.000000000000000000e+00 -8.810000000000000053e-01
