-2.525557370222781053e-02
-2.361151859565640762e-02
-2.287866189592306990e-02
3.500239338643404974e-01
1.466782104850643975e+00
2.957793546943779717e+00
2.965529479802413437e+00
2.971985200841748664e+00
3.025537905369506841e+00
3.089812249867555760e+00
3.442260971694005800e+00
3.787647775031115049e+00
5.696867129393342388e+00
5.958034751439267751e+00
6.633060178469734502e+00
7.425565331848895667e+00
7.464361923708962010e+00
7.489502636372566080e+00
8.909821541007964640e+00
9.045332203762271206e+00
9.166893672057589981e+00
1.184495325808815380e+01
1.201656372481139456e+01
1.216489384388976269e+01
1.742956122674255326e+01
1.746875727796696154e+01
1.758737169738089889e+01
1.769244144994237899e+01
1.771698436365371521e+01
2.468701587088482796e+01
