1.250110000000000054e+00 -9.316000000000000669e-02 -4.816999999999999754e-02 -4.816999999999999754e-02 1.250110000000000054e+00 -9.316000000000000669e-02 -9.316000000000000669e-02 -4.816999999999999754e-02 1.250110000000000054e+00
1.250110000000000054e+00 9.316000000000000669e-02 4.816999999999999754e-02 4.816999999999999754e-02 1.250110000000000054e+00 -9.316000000000000669e-02 9.316000000000000669e-02 -4.816999999999999754e-02 1.250110000000000054e+00
1.250110000000000054e+00 9.316000000000000669e-02 -4.816999999999999754e-02 4.816999999999999754e-02 1.250110000000000054e+00 9.316000000000000669e-02 -9.316000000000000669e-02 4.816999999999999754e-02 1.250110000000000054e+00
1.250110000000000054e+00 -9.316000000000000669e-02 4.816999999999999754e-02 -4.816999999999999754e-02 1.250110000000000054e+00 9.316000000000000669e-02 9.316000000000000669e-02 4.816999999999999754e-02 1.250110000000000054e+00
2.275160000000000071e+00 -6.305699999999999639e-01 -2.362299999999999955e-01 -2.362299999999999955e-01 2.275160000000000071e+00 -6.305699999999999639e-01 -6.305699999999999639e-01 -2.362299999999999955e-01 2.275160000000000071e+00
2.275160000000000071e+00 6.305699999999999639e-01 2.362299999999999955e-01 2.362299999999999955e-01 2.275160000000000071e+00 -6.305699999999999639e-01 6.305699999999999639e-01 -2.362299999999999955e-01 2.275160000000000071e+00
2.275160000000000071e+00 6.305699999999999639e-01 -2.362299999999999955e-01 2.362299999999999955e-01 2.275160000000000071e+00 6.305699999999999639e-01 -6.305699999999999639e-01 2.362299999999999955e-01 2.275160000000000071e+00
2.275160000000000071e+00 -6.305699999999999639e-01 2.362299999999999955e-01 -2.362299999999999955e-01 2.275160000000000071e+00 6.305699999999999639e-01 6.305699999999999639e-01 2.362299999999999955e-01 2.275160000000000071e+00
-1.314079999999999915e+00 1.211400000000000032e+00 0.000000000000000000e+00 1.573400000000000076e-01 -4.382769999999999833e+00 0.000000000000000000e+00 0.000000000000000000e+00 -0.000000000000000000e+00 -1.353690000000000060e+00
-1.314079999999999915e+00 -1.211400000000000032e+00 0.000000000000000000e+00 -1.573400000000000076e-01 -4.382769999999999833e+00 0.000000000000000000e+00 0.000000000000000000e+00 0.000000000000000000e+00 -1.353690000000000060e+00
-4.382769999999999833e+00 -0.000000000000000000e+00 1.573400000000000076e-01 -0.000000000000000000e+00 -1.353690000000000060e+00 -0.000000000000000000e+00 1.211400000000000032e+00 0.000000000000000000e+00 -1.314079999999999915e+00
-4.382769999999999833e+00 -0.000000000000000000e+00 -1.573400000000000076e-01 -0.000000000000000000e+00 -1.353690000000000060e+00 -0.000000000000000000e+00 -1.211400000000000032e+00 -0.000000000000000000e+00 -1.314079999999999915e+00
-1.353690000000000060e+00 -0.000000000000000000e+00 0.000000000000000000e+00 -0.000000000000000000e+00 -1.314079999999999915e+00 1.211400000000000032e+00 0.000000000000000000e+00 1.573400000000000076e-01 -4.382769999999999833e+00
-1.353690000000000060e+00 -0.000000000000000000e+00 0.000000000000000000e+00 -0.000000000000000000e+00 -1.314079999999999915e+00 -1.211400000000000032e+00 0.000000000000000000e+00 -1.573400000000000076e-01 -4.382769999999999833e+00
