-5.589168669876425077e-02
-3.294155241506405152e-02
-3.294151518954976238e-02
2.261661058533527946e+00
2.437941215354445745e+00
2.437941217921298698e+00
2.517787037050279952e+00
2.577360618315345686e+00
2.577360621567729826e+00
2.616344217292686292e+00
2.616344219509732394e+00
2.717771931319291845e+00
2.717771931472482194e+00
2.745971471388816365e+00
2.923581261197867764e+00
2.923581261782388641e+00
3.138252703141101385e+00
3.138252704056805342e+00
3.184464835747365719e+00
3.223270659055034848e+00
3.442429592010266326e+00
3.501958117602100184e+00
3.501958121024906223e+00
3.628029477322813001e+00
3.628029478337813085e+00
4.048197608296228545e+00
4.435928336352658263e+00
4.533877591607843982e+00
4.612955069296924115e+00
4.612955069400730856e+00
4.640774651100691095e+00
4.640774651872668244e+00
4.770654191246679332e+00
5.009419045099421375e+00
5.009419046426904387e+00
5.169146492605667831e+00
5.169146492912181756e+00
5.490330880807325009e+00
5.490330880819258574e+00
5.537544666481024613e+00
5.661173345944312985e+00
5.683808742116378099e+00
5.683808742432850281e+00
5.702221700890433453e+00
5.702221702054660391e+00
5.752284982520382783e+00
5.900989042155261544e+00
6.005938036106050149e+00
6.192275480187574566e+00
6.192275481214446486e+00
6.669696005328357380e+00
6.669696006040554792e+00
6.844281735137664135e+00
7.284182400103936139e+00
7.284182400190920781e+00
7.750783633279398011e+00
8.345175075554941202e+00
8.345175075688196387e+00
9.728307439023565095e+00
9.728307439283099711e+00
1.006744657115412345e+01
1.006744657116932373e+01
1.094068270744389615e+01
1.123085349355207363e+01
1.242450075858526404e+01
1.278281510395226306e+01
