-3.800986408457630167e-02
-3.552591809790461852e-02
-3.552589768551679683e-02
2.813610159761584573e+00
2.947627181204301117e+00
2.947627181524308693e+00
3.032917079907361035e+00
3.226295494710033296e+00
3.226295494735851310e+00
3.968640707119246880e+00
3.968640707495072029e+00
3.968767376058388585e+00
4.185591499109708735e+00
4.185591499389111902e+00
4.711125044151803998e+00
4.763794260590043628e+00
4.896922019789524683e+00
4.896922020361555106e+00
5.109697448509186835e+00
5.270835065257394092e+00
5.270835065293435484e+00
6.359975509798940330e+00
6.359975510433037549e+00
7.206701232203270635e+00
7.455302509079057671e+00
7.455302509650042708e+00
7.955133459983952271e+00
8.340702895074537437e+00
8.340702895519068960e+00
8.578697846791683901e+00
1.098384831898029823e+01
1.098384831927676153e+01
1.157544015586921837e+01
1.157544015618480771e+01
1.225922777296948674e+01
1.231260302931012518e+01
1.476467107458860184e+01
1.476467107465842865e+01
1.605398284005739384e+01
1.605398284071948822e+01
1.667502140011657019e+01
1.796865209380385764e+01
1.796865209391656037e+01
2.309991549031226299e+01
2.338229578538919995e+01
