-2.469315090704861382e-02
-1.662859315608200203e-02
-7.952842749950509577e-03
2.661741544175663332e+00
2.691334078990405665e+00
3.240293887207072121e+00
3.268368779073165253e+00
3.532140012563100839e+00
3.660697418376808621e+00
4.738153999784475268e+00
5.212443272441646513e+00
5.379406144191495542e+00
5.397310399484332777e+00
5.780380798233203166e+00
5.821597184671493785e+00
6.231210837689959980e+00
6.707580900729177564e+00
6.720797772646124990e+00
7.759062198468055449e+00
8.901099027968932376e+00
9.338004027936147367e+00
1.585935959201520440e+01
1.586009084324523499e+01
1.634165910388618315e+01
1.670817323774864605e+01
2.102612410523621023e+01
2.195703989701080872e+01
2.661766284963985640e+01
2.681929198824182237e+01
3.378880498636198126e+01
3.485091527359209351e+01
3.584126711881408056e+01
3.626935773859599976e+01
