3.427109999999999879e+00 0.000000000000000000e+00 6.482999999999999874e-02 -0.000000000000000000e+00 2.679489999999999927e+00 0.000000000000000000e+00 -1.750000000000000167e-02 0.000000000000000000e+00 2.616760000000000197e+00
3.427109999999999879e+00 0.000000000000000000e+00 6.482999999999999874e-02 -0.000000000000000000e+00 2.679489999999999927e+00 0.000000000000000000e+00 -1.750000000000000167e-02 0.000000000000000000e+00 2.616760000000000197e+00
5.161400000000000432e+00 0.000000000000000000e+00 4.608999999999999903e-02 0.000000000000000000e+00 5.735249999999999737e+00 0.000000000000000000e+00 3.150499999999999967e-01 0.000000000000000000e+00 7.179039999999999644e+00
5.161400000000000432e+00 0.000000000000000000e+00 4.608999999999999903e-02 0.000000000000000000e+00 5.735249999999999737e+00 0.000000000000000000e+00 3.150499999999999967e-01 0.000000000000000000e+00 7.179039999999999644e+00
-1.921429999999999971e+00 3.415099999999999802e-01 7.108600000000000474e-01 3.139799999999999813e-01 -1.895799999999999930e+00 7.886199999999999877e-01 8.515099999999999891e-01 1.052959999999999896e+00 -3.211650000000000116e+00
-1.921429999999999971e+00 -3.415099999999999802e-01 7.108600000000000474e-01 -3.139799999999999813e-01 -1.895799999999999930e+00 -7.886199999999999877e-01 8.515099999999999891e-01 -1.052959999999999896e+00 -3.211650000000000116e+00
-1.921429999999999971e+00 3.415099999999999802e-01 7.108600000000000474e-01 3.139799999999999813e-01 -1.895799999999999930e+00 7.886199999999999877e-01 8.515099999999999891e-01 1.052959999999999896e+00 -3.211650000000000116e+00
-1.921429999999999971e+00 -3.415099999999999802e-01 7.108600000000000474e-01 -3.139799999999999813e-01 -1.895799999999999930e+00 -7.886199999999999877e-01 8.515099999999999891e-01 -1.052959999999999896e+00 -3.211650000000000116e+00
-2.372819999999999929e+00 1.218120000000000092e+00 -7.663200000000000012e-01 1.418509999999999938e+00 -2.311570000000000125e+00 6.079999999999999849e-01 -1.000289999999999901e+00 5.440300000000000136e-01 -1.686250000000000027e+00
-2.372819999999999929e+00 -1.218120000000000092e+00 -7.663200000000000012e-01 -1.418509999999999938e+00 -2.311570000000000125e+00 -6.079999999999999849e-01 -1.000289999999999901e+00 -5.440300000000000136e-01 -1.686250000000000027e+00
-2.372819999999999929e+00 1.218120000000000092e+00 -7.663200000000000012e-01 1.418509999999999938e+00 -2.311570000000000125e+00 6.079999999999999849e-01 -1.000289999999999901e+00 5.440300000000000136e-01 -1.686250000000000027e+00
-2.372819999999999929e+00 -1.218120000000000092e+00 -7.663200000000000012e-01 -1.418509999999999938e+00 -2.311570000000000125e+00 -6.079999999999999849e-01 -1.000289999999999901e+00 -5.440300000000000136e-01 -1.686250000000000027e+00
