-4.301479772044086020e-02
-2.147610990573750947e-02
-1.857141026311766654e-02
1.388557457328452038e+00
1.614120234984044888e+00
1.702618460884161689e+00
2.043610527281910727e+00
2.220141856004025804e+00
2.279649096136254549e+00
2.429419562441157421e+00
2.432123369049555173e+00
2.737922689302429546e+00
2.765636533202808778e+00
2.870624673607902633e+00
2.904794507354639066e+00
2.909831531560932660e+00
2.960628855382909652e+00
3.082353642292241958e+00
3.261540029362254511e+00
3.461114425274458117e+00
3.507120992488984790e+00
3.595063191933679736e+00
3.763812153988594922e+00
3.776709853519359505e+00
4.015688858802561434e+00
4.046592359842767550e+00
4.214607294050103370e+00
4.438797298175762407e+00
4.558473738140227383e+00
4.720937742383291891e+00
4.776743329379133485e+00
4.918652805641583470e+00
5.251920212624770379e+00
5.320215250507577487e+00
5.634147348503476316e+00
5.768727697679685740e+00
5.793924597224849649e+00
6.060811125241424513e+00
6.189238940876126804e+00
6.349110983416569987e+00
6.473185487828141405e+00
6.969905501083776045e+00
7.417822371663022274e+00
7.528601141819944331e+00
8.784450097969235927e+00
8.956603902424996377e+00
9.476125472796434579e+00
9.866699833806086062e+00
1.102607557865000132e+01
1.126361490587471970e+01
1.166714479643647984e+01
1.233708541082679666e+01
1.267558236609267830e+01
1.337834031440708848e+01
1.359622863770725587e+01
1.395354823112416653e+01
1.614385748150750288e+01
1.617856596071673536e+01
1.665731231843529514e+01
1.674339177936388268e+01
