-1.463661294736427476e-01
-8.726789688625322117e-02
-6.168557314874310166e-02
1.812872533503717687e+00
2.036521376917056259e+00
2.234266137718112333e+00
3.131147214722212357e+00
3.318286349156926995e+00
3.438715062062272398e+00
3.498317231621824508e+00
3.579469011535705736e+00
3.664071705004282364e+00
4.595800450865390907e+00
4.996915923686234606e+00
5.056284177536777058e+00
5.144977529291637985e+00
5.191664827290869866e+00
5.551577936154162174e+00
5.768613739322118406e+00
6.516837979549177540e+00
6.691385584908564610e+00
6.886560583661483825e+00
8.068074516438421995e+00
8.373206103086111796e+00
1.022617422240788798e+01
1.040424375620101749e+01
1.089928641178572022e+01
1.098712449524372303e+01
1.126393025730298803e+01
1.150107254963367431e+01
1.160454158711450567e+01
1.171203458868015268e+01
1.233792542893334598e+01
1.243240467329223975e+01
2.682512011988649192e+01
2.689300354411800242e+01
2.714576303155773473e+01
2.754408417715451307e+01
2.856696363638715397e+01
2.858518441160947177e+01
2.890663419169446868e+01
2.963496410028865924e+01
