-2.121422701611815897e-01
-1.692643000633018424e-01
-7.652372278046394583e-02
7.407044075520171633e-01
1.143861007583034661e+00
1.546857475256363079e+00
1.954400449273562490e+00
2.260410039849641617e+00
2.868282584632800170e+00
2.905141902183765890e+00
2.940836605593813768e+00
3.320348599768267128e+00
4.022105780174222822e+00
4.040408808676125396e+00
4.192942249872333882e+00
4.212362004912219682e+00
4.227939505256449237e+00
4.749017009502389364e+00
4.829938003918059941e+00
4.866252575811242487e+00
5.009878288432578763e+00
5.253018734145500801e+00
5.552820850489316840e+00
5.633061503175666118e+00
5.753354486526888856e+00
5.816950665199030368e+00
5.923503154739719889e+00
6.333581020229297032e+00
6.508262986795612548e+00
6.738616475383606641e+00
6.950922230683751479e+00
7.039978100469724609e+00
7.163652715657882197e+00
7.496978945609515499e+00
7.817586437449172365e+00
7.829429864881357837e+00
7.845957706565711121e+00
7.909793997084531902e+00
8.035183503605521693e+00
8.579622564822546593e+00
8.974905492425394371e+00
9.105143682015038209e+00
9.336975776096652524e+00
9.349063099368249752e+00
9.361646016175788176e+00
9.366613119366046902e+00
9.874036455905903509e+00
1.015609377087234577e+01
1.029658849512101249e+01
1.035605209785576619e+01
1.093402456603015871e+01
1.097962307721205555e+01
1.110734209081098101e+01
1.118823877303530168e+01
1.120071078884727989e+01
1.131969331045137217e+01
1.141195935273926310e+01
1.150154582260888780e+01
1.165893600753908999e+01
1.171971286154148473e+01
1.192147346324358459e+01
1.238670756487895730e+01
1.253207408005226853e+01
1.253274587747365665e+01
1.855366541923670454e+01
1.859131417636077188e+01
2.130852361283411511e+01
2.139416749467931211e+01
2.239342415147507381e+01
2.250663267177742100e+01
2.289108998486516455e+01
2.357959776168265975e+01
2.404469086758360064e+01
2.420591850142402635e+01
2.423030454632332820e+01
2.453450523634334957e+01
2.464908964820603288e+01
2.880829427345205573e+01
2.891347463326505363e+01
2.909289737170346513e+01
3.025959978844146292e+01
3.141291722644652751e+01
3.177646729757084287e+01
3.204050302050827526e+01
