-5.357111647147182187e-02
-5.357111647147182187e-02
-5.357111647147182187e-02
3.349981223827978472e+00
3.349981223827978472e+00
3.349981223827978472e+00
3.371503878093572659e+00
3.371503878093572659e+00
3.552681564677588888e+00
3.552681564677588888e+00
3.552681564677588888e+00
3.797401150787206525e+00
4.483241650859342009e+00
4.871661975137437040e+00
4.871661975137437040e+00
4.871661975137437040e+00
5.333332729166632369e+00
5.333332729166632369e+00
5.512091962222691599e+00
5.512091962222691599e+00
5.512091962222691599e+00
5.969917210481230363e+00
5.969917210481230363e+00
5.969917210481230363e+00
6.424963595227602298e+00
6.424963595227602298e+00
6.424963595227602298e+00
6.798105206599850625e+00
6.798105206599850625e+00
6.869436621732528003e+00
6.869436621732528003e+00
6.869436621732528003e+00
7.077839091135089689e+00
7.077839091135089689e+00
7.309779189551487200e+00
7.309779189551487200e+00
7.309779189551487200e+00
7.613145985727582499e+00
7.613145985727582499e+00
7.613145985727582499e+00
7.758555819223059480e+00
7.758555819223059480e+00
7.939181431356761465e+00
7.939181431356761465e+00
7.939181431356761465e+00
8.207529683162894329e+00
8.207529683162894329e+00
8.207529683162894329e+00
8.577272521029048136e+00
8.635201647906088240e+00
8.635201647906088240e+00
8.635201647906088240e+00
8.734551305018477763e+00
8.734551305018477763e+00
8.734551305018477763e+00
8.898099763432639975e+00
8.898099763432639975e+00
8.930751384961961747e+00
8.966324157646766935e+00
8.966324157646766935e+00
8.966324157646766935e+00
9.551487329206901578e+00
9.551487329206901578e+00
9.551487329206901578e+00
1.032006807148092342e+01
1.032006807148092342e+01
1.032006807148092342e+01
1.043129167457223438e+01
1.053189289729059119e+01
1.053189289729059119e+01
1.053189289729059119e+01
1.065143680448792729e+01
1.065143680448792729e+01
1.087908654253655527e+01
1.087908654253655527e+01
1.087908654253655527e+01
1.110090203542036491e+01
1.118462797772013495e+01
1.118462797772013495e+01
1.129353199844937805e+01
1.129353199844937805e+01
1.129353199844937805e+01
1.147922871973548631e+01
1.147922871973548631e+01
1.147922871973548631e+01
1.204048699181224968e+01
1.204048699181224968e+01
1.204048699181224968e+01
1.217984260982053968e+01
1.217984260982053968e+01
1.233604458487403477e+01
1.240983948324876707e+01
1.240983948324876707e+01
1.240983948324876707e+01
1.249644125341290923e+01
1.249644125341290923e+01
1.249644125341290923e+01
1.280921195858667971e+01
1.280921195858667971e+01
1.280921195858667971e+01
1.293220058613382406e+01
1.293220058613382406e+01
1.293220058613382406e+01
1.293259127166709810e+01
1.293259127166709810e+01
1.326811392022242231e+01
1.333986405477956971e+01
1.333986405477956971e+01
1.333986405477956971e+01
1.346975645659564158e+01
1.346975645659564158e+01
1.346975645659564158e+01
1.362156896249473981e+01
1.362156896249473981e+01
1.362156896249473981e+01
1.371053806383980067e+01
1.371053806383980067e+01
1.371053806383980067e+01
1.412109970930026392e+01
1.431993048167483273e+01
1.431993048167483273e+01
1.468434584855586955e+01
1.468434584855586955e+01
1.468434584855586955e+01
1.557949203279747508e+01
1.637239866360454599e+01
1.637239866360454599e+01
1.637239866360454599e+01
1.647599581208978137e+01
1.694938730456059872e+01
1.694938730456059872e+01
1.694938730456059872e+01
1.735878956033513276e+01
1.740656180869731884e+01
1.740656180869731884e+01
1.750454575246098798e+01
1.750454575246098798e+01
1.750454575246098798e+01
1.792456551774686702e+01
1.792456551774686702e+01
1.792456551774686702e+01
1.886866113427235092e+01
1.886866113427235092e+01
1.886866113427235092e+01
1.888304181004744819e+01
1.888304181004744819e+01
1.914758595750388537e+01
1.914758595750388537e+01
1.914758595750388537e+01
1.964706629499681867e+01
1.964706629499681867e+01
1.964706629499681867e+01
2.029094798179720271e+01
2.029094798179720271e+01
2.029094798179720271e+01
2.033550439502300478e+01
2.079468999528485540e+01
2.079468999528485540e+01
2.083336285864574577e+01
2.083336285864574577e+01
2.083336285864574577e+01
2.110815136386888824e+01
2.131828604742885958e+01
2.131828604742885958e+01
2.131828604742885958e+01
2.225185590012662118e+01
2.225185590012662118e+01
2.225185590012662118e+01
