-1.324889551031074864e-02
-8.372482385164864080e-03
-6.062222758325512550e-03
1.872819095451618177e+00
2.149475528278962599e+00
2.669523359785526129e+00
3.020482142684783433e+00
3.115772858994208416e+00
3.209301115560715623e+00
3.303818882495892950e+00
3.337031682591205861e+00
3.654062488093261507e+00
3.791524678754684352e+00
4.143455215440699391e+00
5.212156390077328894e+00
5.486669681915375740e+00
5.827638542082532958e+00
6.800763622563483324e+00
7.002132000458940908e+00
7.197173300409090757e+00
7.639092640096478704e+00
1.035062281594125011e+01
1.054367847974092953e+01
1.115867654659845698e+01
1.228344277338679191e+01
1.241746977695762588e+01
1.290800601951506899e+01
1.660892290257653769e+01
1.669399245275785404e+01
2.326124850270194599e+01
