-1.519635070178997072e-01
-6.483444665511288452e-02
-5.152911874641531026e-02
1.581263096095989473e+00
1.899138568138630134e+00
2.288072608264890562e+00
2.491552109457108699e+00
2.685458164337750198e+00
2.721305633505929578e+00
3.198001265935566995e+00
3.241337702537066878e+00
3.412227313779442106e+00
3.738616450823275539e+00
4.663440199518038121e+00
4.800993389184810667e+00
4.982981318333520093e+00
5.095083321318357505e+00
5.322271777563289064e+00
5.474353103037064905e+00
5.566271246303339026e+00
5.667836380481571901e+00
6.032917915284903287e+00
6.079059754660290693e+00
6.160929880155070038e+00
6.440544517157158921e+00
6.584720141625071577e+00
6.928597174139279780e+00
7.172386516788710864e+00
7.218025389818759407e+00
7.261569228679377375e+00
7.302859873470178620e+00
7.509432806141306926e+00
7.548216258351230223e+00
8.091654234185652328e+00
9.091174204932501723e+00
9.688914836074717485e+00
9.722859182215632501e+00
9.826048139478274379e+00
1.009487875990063621e+01
1.034625282799301438e+01
1.038193895262130617e+01
1.079598864990793849e+01
1.100040601937903162e+01
1.100214941088007592e+01
1.419723237831161100e+01
1.505876203353320264e+01
1.666118378536368994e+01
1.667637310786380667e+01
2.085201269503944843e+01
2.093297406315133102e+01
2.578854761956651132e+01
2.639781102183974681e+01
2.797022604399930046e+01
2.801160680716119700e+01
2.848489352670515729e+01
2.880706494239733217e+01
2.946302203259054409e+01
2.946543748048533473e+01
2.972646199230349850e+01
2.978551923863362916e+01
