-8.529410425111456640e-01
-7.831633929136371242e-01
-6.870434855232964155e-01
-3.530505671996576611e-01
-6.225224855376711164e-02
-5.184881310116944142e-02
5.019916204479911714e-01
1.468234691730174291e+00
1.601440567114496449e+00
1.610119399299319021e+00
1.610655006511326093e+00
1.671902054547454552e+00
1.791879714154942960e+00
2.123606842143809015e+00
2.142131718639169069e+00
2.331990748266381974e+00
2.352523185858111709e+00
2.384392216058423664e+00
2.418936241408607302e+00
2.492072396620932828e+00
2.494432927540847000e+00
2.543152386311131163e+00
2.558811042261620372e+00
2.692872312234651844e+00
2.752148486183112919e+00
2.790209209002077806e+00
2.823684899205292087e+00
2.870726951488072221e+00
2.942661195244875572e+00
3.223104931583828936e+00
3.744151065328427563e+00
3.805013390252391492e+00
4.540533448836161057e+00
4.606820259137532680e+00
4.677652327824290523e+00
4.745525292314855648e+00
4.749669714832811529e+00
4.781825185010426971e+00
4.784196787340587953e+00
4.800767771929819183e+00
4.900097090874832695e+00
5.181743316684067402e+00
5.185039459830561803e+00
5.288705569418664432e+00
5.297229473979770731e+00
5.415280334387131411e+00
5.467107379592977878e+00
5.508070814722700881e+00
5.864309277314762703e+00
6.058530704717109749e+00
6.188863958756889438e+00
6.294150284192458145e+00
6.430391838760683321e+00
6.454600498869003999e+00
6.470640385618721346e+00
6.509447995029993272e+00
6.635782968120642167e+00
6.785737049134750620e+00
6.804271055741386576e+00
7.009652637613364767e+00
7.066049943214384399e+00
7.086882657417151954e+00
7.093565612581588020e+00
7.185981408269854320e+00
7.221153474341893919e+00
7.233464868235691902e+00
7.242796987352330795e+00
7.445559643169881170e+00
7.486932128716007107e+00
7.502537777312420886e+00
7.545933010569335408e+00
7.925233485519528109e+00
8.194142285803927450e+00
8.437435362715378417e+00
8.472172289324621630e+00
8.581163260304514040e+00
8.666843548835990063e+00
8.703561788141680466e+00
8.818954898399242737e+00
8.844617182218797780e+00
8.992906471213853337e+00
9.048819011340651031e+00
9.055778216144650727e+00
9.077909577650572714e+00
9.115911040592706627e+00
9.126233927530019940e+00
9.290552696153227430e+00
9.321447993740028082e+00
9.538687598406816903e+00
9.589500873351020971e+00
9.662725743805419043e+00
9.734102727010846223e+00
9.752568179715535024e+00
9.777700251081538951e+00
9.794487219859956184e+00
1.005951539588264687e+01
1.010423460733172085e+01
1.052187839694034821e+01
1.053838687845535560e+01
1.054223268572649275e+01
1.056049582169322143e+01
1.058600637634419783e+01
1.058981779824374492e+01
1.061483231144044126e+01
1.075836888194488417e+01
1.077576888207983075e+01
1.079401639798643231e+01
1.080417757166180692e+01
1.097969107033526726e+01
1.098122880191465534e+01
1.100153148429799188e+01
1.102158114791158283e+01
1.108682614637751129e+01
1.110027197864989290e+01
1.112904838699158461e+01
1.114497649167552140e+01
1.117774158763745973e+01
1.141026301186786718e+01
1.160337425062210137e+01
1.160639931244828382e+01
1.183720190754555013e+01
1.213846262918002239e+01
1.221390821973048801e+01
1.222565237523135195e+01
1.232419108907355465e+01
1.239887103731626006e+01
1.253067005391172195e+01
1.253809463196063057e+01
1.586935635115677812e+01
1.593395716700656983e+01
1.595185456302808724e+01
1.601085484913282286e+01
1.967218757535622942e+01
1.969895857653393989e+01
2.017843229787685999e+01
2.020161661847883039e+01
2.133692742641264317e+01
2.144464338710252349e+01
2.166930084243605847e+01
2.167287449786022080e+01
2.189431928606139621e+01
2.251673364411454870e+01
2.253020610203111218e+01
2.283106810904824968e+01
2.324099890280105996e+01
2.364360695833019221e+01
2.368176750160342081e+01
2.374352966599532522e+01
2.377694740710001042e+01
2.403230209530497774e+01
2.404498392596676126e+01
2.405669636504563869e+01
2.405938274353687589e+01
2.832439761054063254e+01
2.832633371970329605e+01
2.843517671828328730e+01
2.848035752935696507e+01
2.861141429569674344e+01
2.862518969369460820e+01
2.882108486854719231e+01
2.975352037994831988e+01
3.052227927268866381e+01
3.053377095938200725e+01
3.072424379866817645e+01
3.080688442540076011e+01
3.107370673093250346e+01
3.108734523885885181e+01
3.108851479244384919e+01
