-3.071563255174386900e-02
-8.913470698331210293e-03
-8.913470695903690302e-03
4.433296421007965726e+00
4.433296421007968391e+00
5.653616291367843161e+00
7.185642808814074023e+00
7.388307767346330657e+00
7.388307767346331545e+00
8.193494157936589417e+00
8.193494157936591193e+00
1.098013545657952861e+01
1.264223494912728185e+01
1.292238741576730554e+01
1.340775603210879119e+01
1.340775603210879652e+01
1.488652805246058186e+01
1.607036149668343583e+01
1.607036149668343938e+01
1.624885033202784967e+01
1.851497558189032588e+01
1.880217938930912425e+01
1.880217938930913135e+01
1.930967050439432597e+01
