1.172409999999999952e+00 0.000000000000000000e+00 1.300300000000000067e-01 0.000000000000000000e+00 1.143319999999999892e+00 -0.000000000000000000e+00 9.576999999999999402e-02 -0.000000000000000000e+00 1.181289999999999951e+00
1.172409999999999952e+00 0.000000000000000000e+00 1.300300000000000067e-01 0.000000000000000000e+00 1.143319999999999892e+00 -0.000000000000000000e+00 9.576999999999999402e-02 -0.000000000000000000e+00 1.181289999999999951e+00
8.862200000000000077e-01 0.000000000000000000e+00 -1.440999999999999920e-02 0.000000000000000000e+00 1.047649999999999970e+00 -0.000000000000000000e+00 -3.200000000000000262e-04 -0.000000000000000000e+00 8.977300000000000280e-01
8.862200000000000077e-01 0.000000000000000000e+00 -1.440999999999999920e-02 0.000000000000000000e+00 1.047649999999999970e+00 -0.000000000000000000e+00 -3.200000000000000262e-04 -0.000000000000000000e+00 8.977300000000000280e-01
1.619119999999999893e+00 0.000000000000000000e+00 -4.670599999999999752e-01 0.000000000000000000e+00 1.307350000000000012e+00 -0.000000000000000000e+00 -4.040599999999999747e-01 -0.000000000000000000e+00 1.970310000000000006e+00
1.619119999999999893e+00 0.000000000000000000e+00 -4.670599999999999752e-01 0.000000000000000000e+00 1.307350000000000012e+00 -0.000000000000000000e+00 -4.040599999999999747e-01 -0.000000000000000000e+00 1.970310000000000006e+00
-1.838880000000000070e+00 2.223299999999999998e-01 1.757299999999999973e-01 2.070899999999999963e-01 -1.749160000000000048e+00 1.748899999999999899e-01 1.543100000000000027e-01 2.211500000000000132e-01 -2.024659999999999904e+00
-1.838880000000000070e+00 -2.223299999999999998e-01 1.757299999999999973e-01 -2.070899999999999963e-01 -1.749160000000000048e+00 -1.748899999999999899e-01 1.543100000000000027e-01 -2.211500000000000132e-01 -2.024659999999999904e+00
-1.838880000000000070e+00 -2.223299999999999998e-01 1.757299999999999973e-01 -2.070899999999999963e-01 -1.749160000000000048e+00 -1.748899999999999899e-01 1.543100000000000027e-01 -2.211500000000000132e-01 -2.024659999999999904e+00
-1.838880000000000070e+00 2.223299999999999998e-01 1.757299999999999973e-01 2.070899999999999963e-01 -1.749160000000000048e+00 1.748899999999999899e-01 1.543100000000000027e-01 2.211500000000000132e-01 -2.024659999999999904e+00
