-8.324712056787728076e-02
-4.222613443119362098e-02
-4.222613443005208272e-02
1.705291119929620791e+00
1.990409326931155576e+00
1.990409326931171785e+00
2.482892746718518673e+00
2.683716456559828600e+00
2.834853805618787970e+00
2.834853805618813727e+00
3.128571294555844595e+00
3.202228298702453735e+00
3.202228298702457288e+00
3.506798182876197600e+00
3.506798182876217140e+00
3.679063463814195689e+00
3.725672983062825683e+00
4.017735878310523034e+00
4.495413964229096671e+00
4.780786440585165664e+00
4.780786440585170993e+00
4.783110056985051983e+00
4.789176991397530614e+00
4.789176991397533278e+00
5.174720830800044524e+00
5.873500095236920515e+00
5.873500095236923180e+00
6.017760295118071312e+00
6.084523666563160127e+00
6.465193610329048823e+00
6.693463161241278492e+00
6.785231827514101255e+00
7.085925375205910370e+00
7.270143297569771512e+00
7.270143297569786611e+00
8.279127154564370983e+00
8.279127154564372759e+00
8.421596093462143884e+00
8.451345141481171552e+00
8.796779448187120209e+00
8.911891831938879349e+00
8.911891831938893560e+00
9.735399114465089099e+00
9.735399114465097981e+00
1.025291861927900250e+01
1.162260445943355691e+01
1.162260445943358178e+01
1.189821263960405062e+01
1.225583899081925487e+01
1.288473260651409369e+01
1.368298231962342548e+01
1.412523013229496982e+01
1.412523013229497337e+01
1.419003942414898312e+01
1.460423393996454067e+01
1.481911598929782414e+01
1.481911598929783302e+01
1.486871677143172477e+01
2.090265367138552577e+01
2.090265367138553998e+01
2.124102877964164549e+01
2.124102877964164904e+01
2.142556090576097105e+01
2.227038924011459642e+01
2.227038924011460352e+01
2.236541587246851392e+01
2.248857560803600464e+01
2.280812118308238823e+01
2.285206944760392389e+01
2.286198018790330266e+01
2.491662040397972433e+01
2.491662040397974209e+01
