-8.344348617365764109e-02
-8.344348617310994032e-02
-8.204775763772381714e-02
2.051488240767220361e+00
2.336640963809517579e+00
2.572151621693700818e+00
2.572151621693706147e+00
3.056388259561332088e+00
3.056388259561334309e+00
3.537518933487352690e+00
3.564246056591393597e+00
3.564246056591398482e+00
4.291521206022452795e+00
4.308649107965274894e+00
4.308649107965281999e+00
4.466555915500692642e+00
4.466555915500701524e+00
4.918808853640552314e+00
5.222525249185793861e+00
5.222525249185797414e+00
5.289400841876856774e+00
5.559323004672881652e+00
5.575986893351719154e+00
5.575986893351720042e+00
6.821637165872804331e+00
6.821637165872805220e+00
6.911343253340477055e+00
7.072334186932696554e+00
7.117094599651971443e+00
7.428319376764338067e+00
7.428319376764338955e+00
7.570558181820761234e+00
8.303800884518802050e+00
8.303800884518807379e+00
9.962820946265015465e+00
9.962820946265020794e+00
1.003950441409008043e+01
1.003950441409008398e+01
1.094422993447256331e+01
1.094422993447256509e+01
1.111757181412005480e+01
1.236154896021832883e+01
1.358700987390395909e+01
1.582505496500855635e+01
1.584600528952443810e+01
1.650430262981550200e+01
1.706631516091907486e+01
1.706631516091908551e+01
1.729621645837565680e+01
1.729621645837566390e+01
2.116899263931538044e+01
2.162627353941418562e+01
2.413314553349359670e+01
2.424457412607102214e+01
