-2.645649029104078787e-02
-1.831348053198425183e-02
-4.849707146667463740e-03
5.256052498034596177e+00
6.345978926906969519e+00
6.813160971460757942e+00
7.006009563870374990e+00
7.334461885047419472e+00
8.283017178973906880e+00
8.757153399860792220e+00
9.217936624479827756e+00
9.230085603452577558e+00
9.547362087859067259e+00
9.800934307512131127e+00
9.937507515714127493e+00
1.039332972367325958e+01
1.045863769980659619e+01
1.136480946788274693e+01
1.168221218978469267e+01
1.175404181356337574e+01
1.231336934852697240e+01
1.308044257290530510e+01
1.370048193679423676e+01
1.413070670475781831e+01
1.417983302611041552e+01
1.451816115712285615e+01
1.459190845730948283e+01
1.660443407374114955e+01
1.702664506808602596e+01
1.818091689561589064e+01
1.948190505963280472e+01
2.053132060623837418e+01
2.060714397844555990e+01
