1.427210000000000090e+00 -3.325600000000000223e-01 0.000000000000000000e+00 2.376999999999999946e-02 9.317900000000000071e-01 0.000000000000000000e+00 0.000000000000000000e+00 0.000000000000000000e+00 1.247889999999999944e+00
1.427210000000000090e+00 3.325600000000000223e-01 0.000000000000000000e+00 -2.376999999999999946e-02 9.317900000000000071e-01 0.000000000000000000e+00 0.000000000000000000e+00 0.000000000000000000e+00 1.247889999999999944e+00
9.559800000000000519e-01 6.790000000000000029e-03 0.000000000000000000e+00 -1.012099999999999944e-01 1.222590000000000066e+00 0.000000000000000000e+00 0.000000000000000000e+00 0.000000000000000000e+00 9.908099999999999685e-01
9.559800000000000519e-01 -6.790000000000000029e-03 -0.000000000000000000e+00 1.012099999999999944e-01 1.222590000000000066e+00 0.000000000000000000e+00 0.000000000000000000e+00 0.000000000000000000e+00 9.908099999999999685e-01
9.559800000000000519e-01 6.790000000000000029e-03 0.000000000000000000e+00 -1.012099999999999944e-01 1.222590000000000066e+00 0.000000000000000000e+00 0.000000000000000000e+00 0.000000000000000000e+00 9.908099999999999685e-01
9.559800000000000519e-01 -6.790000000000000029e-03 -0.000000000000000000e+00 1.012099999999999944e-01 1.222590000000000066e+00 0.000000000000000000e+00 0.000000000000000000e+00 0.000000000000000000e+00 9.908099999999999685e-01
2.065599999999999936e-01 1.572990000000000110e+00 0.000000000000000000e+00 1.612570000000000059e+00 8.935300000000000464e-01 0.000000000000000000e+00 0.000000000000000000e+00 0.000000000000000000e+00 -1.107390000000000096e+00
2.065599999999999936e-01 -1.572990000000000110e+00 0.000000000000000000e+00 -1.612570000000000059e+00 8.935300000000000464e-01 0.000000000000000000e+00 0.000000000000000000e+00 0.000000000000000000e+00 -1.107390000000000096e+00
-1.772869999999999946e+00 6.426199999999999690e-01 0.000000000000000000e+00 8.292599999999999971e-01 -2.135250000000000092e+00 0.000000000000000000e+00 0.000000000000000000e+00 0.000000000000000000e+00 -1.061050000000000049e+00
-1.772869999999999946e+00 6.426199999999999690e-01 0.000000000000000000e+00 8.292599999999999971e-01 -2.135250000000000092e+00 0.000000000000000000e+00 0.000000000000000000e+00 0.000000000000000000e+00 -1.061050000000000049e+00
-1.772869999999999946e+00 -6.426199999999999690e-01 0.000000000000000000e+00 -8.292599999999999971e-01 -2.135250000000000092e+00 0.000000000000000000e+00 0.000000000000000000e+00 0.000000000000000000e+00 -1.061050000000000049e+00
-1.772869999999999946e+00 -6.426199999999999690e-01 0.000000000000000000e+00 -8.292599999999999971e-01 -2.135250000000000092e+00 0.000000000000000000e+00 0.000000000000000000e+00 0.000000000000000000e+00 -1.061050000000000049e+00
