-5.116231522332715526e-02
-5.116231522307054108e-02
-5.077833399159555061e-02
2.690696977465393047e+00
2.692577425652184164e+00
3.404285514187310735e+00
3.404285514187312511e+00
5.602967130332118018e+00
5.964606737973541684e+00
5.964606737973544348e+00
6.233577792913881588e+00
6.233577792913883364e+00
6.958353638860849344e+00
6.958353638860850232e+00
6.989120317933650739e+00
7.462632113619275920e+00
7.462632113619276808e+00
9.447096660848025351e+00
9.447096660848030680e+00
9.493105069161750009e+00
1.023491819872809394e+01
1.031906889265854232e+01
1.031906889265854943e+01
1.128272313203013155e+01
