-5.433405672320078261e-02
-5.197247146326601508e-02
-4.230067564472227148e-02
5.978569076292420403e-01
7.562768348957940034e-01
8.674606325361399195e-01
9.315537467049337383e-01
1.053536031657199556e+00
1.134361542895385710e+00
1.182018265510309307e+00
1.249477214678202941e+00
1.316317381940996789e+00
1.384770768033467769e+00
1.563001976966120088e+00
1.702270025583485280e+00
1.726646003093859516e+00
1.803724931911736995e+00
2.001718903842395036e+00
2.010844976620524971e+00
2.049129263858187944e+00
2.116328114919801440e+00
2.171953678143252020e+00
2.234431464601230655e+00
2.752408866792868114e+00
3.477179891808877876e+00
3.526345587148258964e+00
3.644840668671265771e+00
3.750247245182642519e+00
3.854417984598971891e+00
3.871941890059818814e+00
3.906041807251939613e+00
3.981725731388338740e+00
4.100183727590752447e+00
4.154026191539961665e+00
4.222870469242455904e+00
4.396425354762662607e+00
4.465274661205064000e+00
4.557456779827977478e+00
5.135985669761939931e+00
5.192494169471930654e+00
5.668772309768668194e+00
5.749527693645800852e+00
5.915375313536749502e+00
5.928831512195299247e+00
6.396502997732432583e+00
6.405696948810487790e+00
6.440480191724837766e+00
6.708007811563728495e+00
6.806168466912937198e+00
6.941795682674619883e+00
7.225541889713186450e+00
7.292051343757804283e+00
7.605170004674451256e+00
7.760652962219094064e+00
7.823679236778563251e+00
7.965231415345068733e+00
7.989690344437636149e+00
8.076713112399128036e+00
8.304556580576713642e+00
8.350032377182737164e+00
8.472872848095857279e+00
8.667320277917506033e+00
8.905907348496278075e+00
9.018182571893296640e+00
9.328508299830149397e+00
9.423166866823487808e+00
9.531500537690799746e+00
9.588043512625503695e+00
9.741900779622014284e+00
9.771425939953697792e+00
9.835621058174211839e+00
1.013164848383519434e+01
1.025276084769365958e+01
1.040043542357722650e+01
1.051274340978604904e+01
1.065291880190588891e+01
1.071601922357364955e+01
1.088716051135464724e+01
1.129414640422196747e+01
1.131824575629986995e+01
1.133006297422922515e+01
1.141929030194083516e+01
1.156616098798559911e+01
1.168088070309769044e+01
1.216651877079059929e+01
1.239566811430509397e+01
1.262620176458462851e+01
1.273679559386897076e+01
1.331089538686259743e+01
1.346010988068076664e+01
1.385432188885475568e+01
1.424844689782012708e+01
1.477822167921431529e+01
1.505803184350464896e+01
1.506995560710117132e+01
1.540168929046421198e+01
1.558042563603446595e+01
1.566438744413582285e+01
1.695151364922908499e+01
1.698979908651070403e+01
1.720881925060519535e+01
1.749479159635804137e+01
1.825317260094803373e+01
1.845626980188575317e+01
1.858254043450464366e+01
1.918999736842087245e+01
1.951691440776435726e+01
1.968619602665786772e+01
1.985491767799604901e+01
1.991044251140591825e+01
2.457613557905310842e+01
2.464463422329493625e+01
2.686017224442166551e+01
2.695003172539876601e+01
2.732330549183242496e+01
2.752679906927065900e+01
2.762110662156749896e+01
