2.678830000000000044e+00 -0.000000000000000000e+00 -0.000000000000000000e+00 -0.000000000000000000e+00 2.678830000000000044e+00 0.000000000000000000e+00 -0.000000000000000000e+00 0.000000000000000000e+00 2.870260000000000034e+00
2.678830000000000044e+00 -0.000000000000000000e+00 -0.000000000000000000e+00 -0.000000000000000000e+00 2.678830000000000044e+00 0.000000000000000000e+00 -0.000000000000000000e+00 0.000000000000000000e+00 2.870260000000000034e+00
9.960900000000000309e-01 -0.000000000000000000e+00 -4.985399999999999832e-01 -0.000000000000000000e+00 1.206799999999999956e-01 0.000000000000000000e+00 -2.933000000000000052e-01 0.000000000000000000e+00 7.346399999999999597e-01
1.206799999999999956e-01 -0.000000000000000000e+00 -0.000000000000000000e+00 -0.000000000000000000e+00 9.960900000000000309e-01 4.985399999999999832e-01 -0.000000000000000000e+00 2.933000000000000052e-01 7.346399999999999597e-01
9.960900000000000309e-01 -0.000000000000000000e+00 4.985399999999999832e-01 -0.000000000000000000e+00 1.206799999999999956e-01 0.000000000000000000e+00 2.933000000000000052e-01 0.000000000000000000e+00 7.346399999999999597e-01
1.206799999999999956e-01 -0.000000000000000000e+00 -0.000000000000000000e+00 -0.000000000000000000e+00 9.960900000000000309e-01 -4.985399999999999832e-01 -0.000000000000000000e+00 -2.933000000000000052e-01 7.346399999999999597e-01
-1.687140000000000084e+00 0.000000000000000000e+00 0.000000000000000000e+00 0.000000000000000000e+00 -2.108460000000000001e+00 -0.000000000000000000e+00 0.000000000000000000e+00 -0.000000000000000000e+00 -2.169770000000000199e+00
-2.108460000000000001e+00 0.000000000000000000e+00 0.000000000000000000e+00 0.000000000000000000e+00 -1.687140000000000084e+00 -0.000000000000000000e+00 0.000000000000000000e+00 -0.000000000000000000e+00 -2.169770000000000199e+00
-1.687140000000000084e+00 0.000000000000000000e+00 0.000000000000000000e+00 0.000000000000000000e+00 -2.108460000000000001e+00 -0.000000000000000000e+00 0.000000000000000000e+00 -0.000000000000000000e+00 -2.169770000000000199e+00
-2.108460000000000001e+00 0.000000000000000000e+00 0.000000000000000000e+00 0.000000000000000000e+00 -1.687140000000000084e+00 -0.000000000000000000e+00 0.000000000000000000e+00 -0.000000000000000000e+00 -2.169770000000000199e+00
