2.842820000000000125e+00 0.000000000000000000e+00 2.607999999999999902e-02 0.000000000000000000e+00 2.805530000000000079e+00 -0.000000000000000000e+00 4.139999999999999583e-03 -0.000000000000000000e+00 2.556029999999999802e+00
2.842820000000000125e+00 0.000000000000000000e+00 2.607999999999999902e-02 0.000000000000000000e+00 2.805530000000000079e+00 -0.000000000000000000e+00 4.139999999999999583e-03 -0.000000000000000000e+00 2.556029999999999802e+00
2.525310000000000166e+00 0.000000000000000000e+00 -1.228800000000000031e-01 0.000000000000000000e+00 2.447589999999999932e+00 -0.000000000000000000e+00 -6.029999999999999943e-02 -0.000000000000000000e+00 2.334499999999999797e+00
2.620019999999999794e+00 0.000000000000000000e+00 7.243399999999999839e-01 0.000000000000000000e+00 2.839960000000000040e+00 -0.000000000000000000e+00 5.768499999999999739e-01 -0.000000000000000000e+00 5.284699999999999953e-01
2.620019999999999794e+00 0.000000000000000000e+00 7.243399999999999839e-01 0.000000000000000000e+00 2.839960000000000040e+00 -0.000000000000000000e+00 5.768499999999999739e-01 -0.000000000000000000e+00 5.284699999999999953e-01
-2.044540000000000024e+00 -3.417299999999999782e-01 -7.691000000000000614e-02 -3.631699999999999928e-01 -2.558840000000000003e+00 -1.186500000000000055e-01 -5.025999999999999912e-02 -8.312999999999999556e-02 -1.393170000000000019e+00
-2.044540000000000024e+00 3.417299999999999782e-01 -7.691000000000000614e-02 3.631699999999999928e-01 -2.558840000000000003e+00 1.186500000000000055e-01 -5.025999999999999912e-02 8.312999999999999556e-02 -1.393170000000000019e+00
-2.044540000000000024e+00 -3.417299999999999782e-01 -7.691000000000000614e-02 -3.631699999999999928e-01 -2.558840000000000003e+00 -1.186500000000000055e-01 -5.025999999999999912e-02 -8.312999999999999556e-02 -1.393170000000000019e+00
-2.044540000000000024e+00 3.417299999999999782e-01 -7.691000000000000614e-02 3.631699999999999928e-01 -2.558840000000000003e+00 1.186500000000000055e-01 -5.025999999999999912e-02 8.312999999999999556e-02 -1.393170000000000019e+00
-2.636400000000000077e+00 -0.000000000000000000e+00 -5.351799999999999891e-01 -0.000000000000000000e+00 -1.751600000000000046e+00 0.000000000000000000e+00 -4.503099999999999881e-01 0.000000000000000000e+00 -1.465410000000000101e+00
-2.636400000000000077e+00 -0.000000000000000000e+00 -5.351799999999999891e-01 -0.000000000000000000e+00 -1.751600000000000046e+00 0.000000000000000000e+00 -4.503099999999999881e-01 0.000000000000000000e+00 -1.465410000000000101e+00
