-4.812333381459620030e-02
-4.812327081272840812e-02
-1.613335191416615660e-02
1.197941512482286974e+00
1.197941523772103167e+00
1.271860965096777152e+00
1.316532905997216396e+00
1.316532910113092703e+00
1.438650170550328955e+00
1.438650172309227759e+00
2.141696313360180071e+00
2.461693757376607561e+00
2.518081468292937775e+00
2.653896593612453003e+00
2.932291908027680805e+00
2.939125658970463295e+00
2.939125660847552002e+00
2.957726279219903276e+00
2.957726280390622797e+00
3.215360737637985356e+00
3.215360739026265069e+00
3.517259664931301710e+00
3.655465970038213275e+00
3.655465971848834261e+00
3.659236653758867863e+00
3.659236655917567749e+00
3.867087516004048098e+00
3.867087517857255019e+00
4.014334319124384542e+00
4.014334319866652123e+00
4.316589504044275216e+00
4.316589504804380084e+00
4.486458943540193367e+00
4.917855567104562731e+00
5.040382034332769656e+00
5.148153277985242582e+00
5.148153279345945244e+00
5.161188110200259693e+00
5.288452864064688619e+00
5.288452864410161602e+00
5.410844837001775431e+00
5.410844837826747522e+00
5.999236617602412558e+00
5.999236618346674099e+00
6.486052310666248211e+00
6.665355875985221168e+00
7.135662113530892192e+00
7.253608062545534807e+00
7.983279057246785548e+00
8.498703792455732042e+00
8.559878622159969197e+00
8.559878622847019614e+00
8.659006278038415161e+00
8.889587414790051767e+00
8.889587415969270268e+00
9.002734249629668284e+00
9.002734250426417617e+00
9.059475957396324830e+00
9.059475958812116758e+00
9.697544664661124969e+00
9.697544665521045104e+00
9.724837521059491507e+00
9.724837521465003576e+00
9.943128323610180175e+00
1.047729769170598324e+01
1.058001499075505514e+01
1.223222496247480962e+01
1.223222496314518537e+01
1.224606611052418437e+01
1.224606611129749822e+01
1.274135735051546447e+01
1.274135735090728261e+01
1.275258203873181095e+01
1.275258203905520915e+01
1.472461303801935983e+01
1.548674277518276554e+01
1.551466051531234491e+01
1.732755048499184269e+01
1.905103027479211164e+01
1.905103027528864956e+01
1.916568726422281799e+01
1.916568726444945625e+01
1.924615465399578440e+01
1.924615465441839390e+01
1.936100850569625109e+01
1.936100850612174185e+01
2.211179013376123237e+01
2.339057179885931959e+01
2.348868684534925677e+01
2.368758373842528187e+01
