-2.327031174695514543e-02
-1.955473104307545174e-02
-1.312982955010763390e-02
3.196846899987790813e+00
5.097655145737281401e+00
5.266570077946953532e+00
5.293682399692814400e+00
5.528429415662934332e+00
6.608266614219234114e+00
6.625408667303793742e+00
7.143359499742809149e+00
7.507525192352585641e+00
8.951261352972528229e+00
9.217391071343762121e+00
9.274459051660974396e+00
9.405694307689348221e+00
9.745461189685890702e+00
1.015204936726779650e+01
1.024894605114331902e+01
1.047736018854611117e+01
1.124004983504589994e+01
1.127893812649915439e+01
1.170796917601148657e+01
1.214165838651527629e+01
1.370666658923663306e+01
1.408523102584591413e+01
1.429308067343605693e+01
1.440850909629140553e+01
1.583075493087814145e+01
1.615977137202167668e+01
1.686636406608624483e+01
1.782649139277775774e+01
1.857315390132093569e+01
1.883765945420036303e+01
2.109524687739857995e+01
2.210721004635288267e+01
