1.420860000000000012e+00 1.735399999999999998e-01 1.502000000000000036e-02 1.337999999999999953e-02 1.475970000000000004e+00 6.099000000000000254e-02 5.596999999999999892e-02 -1.341999999999999964e-02 1.222290000000000099e+00
1.420860000000000012e+00 -1.735399999999999998e-01 1.502000000000000036e-02 -1.337999999999999953e-02 1.475970000000000004e+00 -6.099000000000000254e-02 5.596999999999999892e-02 1.341999999999999964e-02 1.222290000000000099e+00
1.420860000000000012e+00 1.735399999999999998e-01 -1.502000000000000036e-02 1.337999999999999953e-02 1.475970000000000004e+00 -6.099000000000000254e-02 -5.596999999999999892e-02 1.341999999999999964e-02 1.222290000000000099e+00
1.420860000000000012e+00 -1.735399999999999998e-01 -1.502000000000000036e-02 -1.337999999999999953e-02 1.475970000000000004e+00 6.099000000000000254e-02 -5.596999999999999892e-02 -1.341999999999999964e-02 1.222290000000000099e+00
2.445510000000000073e+00 0.000000000000000000e+00 0.000000000000000000e+00 0.000000000000000000e+00 3.118139999999999912e+00 1.074500000000000038e-01 -0.000000000000000000e+00 -1.290499999999999980e-01 4.670460000000000278e+00
2.445510000000000073e+00 0.000000000000000000e+00 -0.000000000000000000e+00 0.000000000000000000e+00 3.118139999999999912e+00 -1.074500000000000038e-01 0.000000000000000000e+00 1.290499999999999980e-01 4.670460000000000278e+00
-1.535660000000000025e+00 -0.000000000000000000e+00 -0.000000000000000000e+00 -0.000000000000000000e+00 -2.682360000000000078e+00 -1.054400000000000059e-01 0.000000000000000000e+00 2.718999999999999889e-02 -1.764760000000000106e+00
-1.535660000000000025e+00 -0.000000000000000000e+00 0.000000000000000000e+00 -0.000000000000000000e+00 -2.682360000000000078e+00 1.054400000000000059e-01 -0.000000000000000000e+00 -2.718999999999999889e-02 -1.764760000000000106e+00
-1.875780000000000003e+00 -8.561000000000000554e-02 4.499999999999999877e-04 -6.968000000000000582e-02 -1.693859999999999921e+00 -3.247099999999999986e-01 2.496999999999999914e-02 -4.655500000000000194e-01 -2.675139999999999851e+00
-1.875780000000000003e+00 -8.561000000000000554e-02 -4.499999999999999877e-04 -6.968000000000000582e-02 -1.693859999999999921e+00 3.247099999999999986e-01 -2.496999999999999914e-02 4.655500000000000194e-01 -2.675139999999999851e+00
-1.875780000000000003e+00 8.561000000000000554e-02 -4.499999999999999877e-04 6.968000000000000582e-02 -1.693859999999999921e+00 -3.247099999999999986e-01 -2.496999999999999914e-02 -4.655500000000000194e-01 -2.675139999999999851e+00
-1.875780000000000003e+00 8.561000000000000554e-02 4.499999999999999877e-04 6.968000000000000582e-02 -1.693859999999999921e+00 3.247099999999999986e-01 2.496999999999999914e-02 4.655500000000000194e-01 -2.675139999999999851e+00
