-7.619325728662844181e-03
-7.618879744325838220e-03
-3.395089663655067539e-03
3.893298922352291136e+00
4.508916607131755683e+00
4.508916607342104754e+00
5.775472224251541498e+00
5.775472225478246457e+00
5.971466035168983666e+00
6.771253323289730730e+00
7.443585535362758243e+00
7.443585535424357857e+00
7.520746627121386751e+00
7.520746627641338833e+00
7.890010290675192550e+00
7.890010291290166400e+00
8.974641938453510548e+00
1.126910198177570699e+01
1.140333774454709648e+01
1.140333774468865791e+01
1.284488775209422684e+01
1.391587068766374102e+01
1.524577726987946313e+01
1.555817275097984265e+01
1.555817275102430486e+01
1.563694543059333952e+01
1.563694543063879294e+01
1.630154067820904373e+01
1.648843823542737042e+01
1.648843823577703915e+01
1.663606523498158296e+01
1.663606523526919645e+01
1.725345378152517029e+01
1.759374270174587096e+01
1.759374270177796618e+01
1.760387437714308945e+01
1.760387437732190818e+01
1.778086080166820082e+01
1.840641972369281021e+01
