1.037269999999999914e+00 -1.689400000000000068e-01 0.000000000000000000e+00 -1.305499999999999994e-01 1.212320000000000064e+00 -0.000000000000000000e+00 0.000000000000000000e+00 0.000000000000000000e+00 1.218779999999999974e+00
1.037269999999999914e+00 -1.689400000000000068e-01 0.000000000000000000e+00 -1.305499999999999994e-01 1.212320000000000064e+00 -0.000000000000000000e+00 0.000000000000000000e+00 0.000000000000000000e+00 1.218779999999999974e+00
1.037269999999999914e+00 1.689400000000000068e-01 0.000000000000000000e+00 1.305499999999999994e-01 1.212320000000000064e+00 0.000000000000000000e+00 0.000000000000000000e+00 0.000000000000000000e+00 1.218779999999999974e+00
1.399289999999999923e+00 -2.268999999999999836e-02 0.000000000000000000e+00 -2.421999999999999847e-02 1.107879999999999976e+00 0.000000000000000000e+00 0.000000000000000000e+00 0.000000000000000000e+00 1.040620000000000100e+00
1.037269999999999914e+00 1.689400000000000068e-01 0.000000000000000000e+00 1.305499999999999994e-01 1.212320000000000064e+00 0.000000000000000000e+00 0.000000000000000000e+00 0.000000000000000000e+00 1.218779999999999974e+00
1.399289999999999923e+00 2.268999999999999836e-02 0.000000000000000000e+00 2.421999999999999847e-02 1.107879999999999976e+00 0.000000000000000000e+00 0.000000000000000000e+00 0.000000000000000000e+00 1.040620000000000100e+00
3.916009999999999991e+00 2.121200000000000030e-01 0.000000000000000000e+00 3.441000000000000308e-02 4.139120000000000132e+00 0.000000000000000000e+00 0.000000000000000000e+00 0.000000000000000000e+00 4.136969999999999814e+00
3.916009999999999991e+00 -2.121200000000000030e-01 0.000000000000000000e+00 -3.441000000000000308e-02 4.139120000000000132e+00 0.000000000000000000e+00 0.000000000000000000e+00 0.000000000000000000e+00 4.136969999999999814e+00
6.858899999999999997e-01 1.180539999999999923e+00 0.000000000000000000e+00 9.946099999999999941e-01 2.733929999999999971e+00 0.000000000000000000e+00 0.000000000000000000e+00 0.000000000000000000e+00 3.026539999999999786e+00
6.858899999999999997e-01 1.180539999999999923e+00 0.000000000000000000e+00 9.946099999999999941e-01 2.733929999999999971e+00 0.000000000000000000e+00 0.000000000000000000e+00 0.000000000000000000e+00 3.026539999999999786e+00
6.858899999999999997e-01 -1.180539999999999923e+00 0.000000000000000000e+00 -9.946099999999999941e-01 2.733929999999999971e+00 0.000000000000000000e+00 0.000000000000000000e+00 0.000000000000000000e+00 3.026539999999999786e+00
6.858899999999999997e-01 -1.180539999999999923e+00 0.000000000000000000e+00 -9.946099999999999941e-01 2.733929999999999971e+00 0.000000000000000000e+00 0.000000000000000000e+00 0.000000000000000000e+00 3.026539999999999786e+00
-1.409159999999999968e+00 4.123399999999999843e-01 -4.372500000000000275e-01 4.411800000000000166e-01 -1.808629999999999960e+00 6.887999999999999678e-01 -5.500699999999999479e-01 6.977600000000000469e-01 -2.690859999999999808e+00
-1.409159999999999968e+00 -4.123399999999999843e-01 4.372500000000000275e-01 -4.411800000000000166e-01 -1.808629999999999960e+00 6.887999999999999678e-01 5.500699999999999479e-01 6.977600000000000469e-01 -2.690859999999999808e+00
-1.562489999999999934e+00 1.024750000000000050e+00 0.000000000000000000e+00 9.720499999999999696e-01 -2.952500000000000124e+00 0.000000000000000000e+00 0.000000000000000000e+00 0.000000000000000000e+00 -1.452399999999999913e+00
-1.409159999999999968e+00 4.123399999999999843e-01 4.372500000000000275e-01 4.411800000000000166e-01 -1.808629999999999960e+00 -6.887999999999999678e-01 5.500699999999999479e-01 -6.977600000000000469e-01 -2.690859999999999808e+00
-1.409159999999999968e+00 4.123399999999999843e-01 4.372500000000000275e-01 4.411800000000000166e-01 -1.808629999999999960e+00 -6.887999999999999678e-01 5.500699999999999479e-01 -6.977600000000000469e-01 -2.690859999999999808e+00
-1.409159999999999968e+00 -4.123399999999999843e-01 -4.372500000000000275e-01 -4.411800000000000166e-01 -1.808629999999999960e+00 -6.887999999999999678e-01 -5.500699999999999479e-01 -6.977600000000000469e-01 -2.690859999999999808e+00
-1.409159999999999968e+00 -4.123399999999999843e-01 -4.372500000000000275e-01 -4.411800000000000166e-01 -1.808629999999999960e+00 -6.887999999999999678e-01 -5.500699999999999479e-01 -6.977600000000000469e-01 -2.690859999999999808e+00
-1.409159999999999968e+00 4.123399999999999843e-01 -4.372500000000000275e-01 4.411800000000000166e-01 -1.808629999999999960e+00 6.887999999999999678e-01 -5.500699999999999479e-01 6.977600000000000469e-01 -2.690859999999999808e+00
-1.409159999999999968e+00 -4.123399999999999843e-01 4.372500000000000275e-01 -4.411800000000000166e-01 -1.808629999999999960e+00 6.887999999999999678e-01 5.500699999999999479e-01 6.977600000000000469e-01 -2.690859999999999808e+00
-1.562489999999999934e+00 -1.024750000000000050e+00 0.000000000000000000e+00 -9.720499999999999696e-01 -2.952500000000000124e+00 0.000000000000000000e+00 0.000000000000000000e+00 0.000000000000000000e+00 -1.452399999999999913e+00
-1.562489999999999934e+00 -1.024750000000000050e+00 0.000000000000000000e+00 -9.720499999999999696e-01 -2.952500000000000124e+00 0.000000000000000000e+00 0.000000000000000000e+00 0.000000000000000000e+00 -1.452399999999999913e+00
-1.562489999999999934e+00 1.024750000000000050e+00 0.000000000000000000e+00 9.720499999999999696e-01 -2.952500000000000124e+00 0.000000000000000000e+00 0.000000000000000000e+00 0.000000000000000000e+00 -1.452399999999999913e+00
