1.173170000000000046e+00 0.000000000000000000e+00 -0.000000000000000000e+00 0.000000000000000000e+00 1.173170000000000046e+00 0.000000000000000000e+00 -0.000000000000000000e+00 0.000000000000000000e+00 1.271330000000000071e+00
1.173170000000000046e+00 0.000000000000000000e+00 -0.000000000000000000e+00 0.000000000000000000e+00 1.173170000000000046e+00 0.000000000000000000e+00 -0.000000000000000000e+00 0.000000000000000000e+00 1.271330000000000071e+00
5.700249999999999595e+00 0.000000000000000000e+00 -0.000000000000000000e+00 0.000000000000000000e+00 5.700249999999999595e+00 0.000000000000000000e+00 -0.000000000000000000e+00 0.000000000000000000e+00 4.237390000000000434e+00
3.540550000000000086e+00 0.000000000000000000e+00 -0.000000000000000000e+00 0.000000000000000000e+00 3.540550000000000086e+00 0.000000000000000000e+00 -0.000000000000000000e+00 0.000000000000000000e+00 5.703399999999999581e-01
3.540550000000000086e+00 0.000000000000000000e+00 -0.000000000000000000e+00 0.000000000000000000e+00 3.540550000000000086e+00 0.000000000000000000e+00 -0.000000000000000000e+00 0.000000000000000000e+00 5.703399999999999581e-01
-3.073960000000000026e+00 9.572699999999999543e-01 -6.888999999999999568e-01 9.572699999999999543e-01 -1.968599999999999905e+00 3.977299999999999724e-01 -3.528100000000000125e-01 2.036900000000000099e-01 -1.320119999999999960e+00
-1.415920000000000067e+00 -0.000000000000000000e+00 0.000000000000000000e+00 -0.000000000000000000e+00 -3.626630000000000020e+00 -7.954700000000000104e-01 0.000000000000000000e+00 -4.073899999999999744e-01 -1.320119999999999960e+00
-3.073960000000000026e+00 -9.572699999999999543e-01 6.888999999999999568e-01 -9.572699999999999543e-01 -1.968599999999999905e+00 3.977299999999999724e-01 3.528100000000000125e-01 2.036900000000000099e-01 -1.320119999999999960e+00
-3.073960000000000026e+00 9.572699999999999543e-01 -6.888999999999999568e-01 9.572699999999999543e-01 -1.968599999999999905e+00 3.977299999999999724e-01 -3.528100000000000125e-01 2.036900000000000099e-01 -1.320119999999999960e+00
-1.415920000000000067e+00 -0.000000000000000000e+00 0.000000000000000000e+00 -0.000000000000000000e+00 -3.626630000000000020e+00 -7.954700000000000104e-01 0.000000000000000000e+00 -4.073899999999999744e-01 -1.320119999999999960e+00
-3.073960000000000026e+00 -9.572699999999999543e-01 6.888999999999999568e-01 -9.572699999999999543e-01 -1.968599999999999905e+00 3.977299999999999724e-01 3.528100000000000125e-01 2.036900000000000099e-01 -1.320119999999999960e+00
