-3.874544896496465857e-02
-2.956421756266196244e-02
-1.463541839684542531e-02
1.465619958202319717e+00
2.106337298645246658e+00
2.156808213664852758e+00
2.257906300493262464e+00
2.447680794786918579e+00
2.619966705307464228e+00
2.726298830198411682e+00
2.868857282922931073e+00
2.955709687964380272e+00
3.015852320589677227e+00
3.158380489930196600e+00
3.198559751232787463e+00
3.302154623765746866e+00
3.449536758938495762e+00
3.513450810812100755e+00
3.704250461267102779e+00
4.091721610171891399e+00
4.225820360180497559e+00
4.388796959219511962e+00
4.687850422242975768e+00
5.315803383153022033e+00
6.272349325311719070e+00
6.612219302476913363e+00
7.026566659422915251e+00
7.734372197526397485e+00
8.784808453291544694e+00
9.014568781438240919e+00
9.038546209246963059e+00
9.273504133043408260e+00
9.639076974159223710e+00
9.647509267442636371e+00
9.786924980939231133e+00
9.914586520446087903e+00
1.120200571058370365e+01
1.120452020075523691e+01
1.219033893533491941e+01
1.225354921216622728e+01
1.365026743490305172e+01
1.396665561292416236e+01
