-3.126351103123256037e-01
-2.868416981542258257e-02
-2.868416489981885642e-02
1.517688021300820589e+00
1.517688274976122909e+00
1.781940481609865623e+00
1.781940776232476153e+00
2.945146853723935809e+00
2.945147261173878928e+00
3.136865749438442208e+00
3.136866205307456301e+00
3.614744375471106608e+00
3.914697510664138402e+00
3.914697919380242475e+00
3.929654526800034020e+00
4.463435717023378047e+00
4.463436109098012139e+00
4.536848146015028505e+00
4.780036861782552826e+00
4.985878067101119804e+00
4.985878267667593455e+00
5.344728271858167901e+00
5.439761189611176384e+00
5.439761538891203507e+00
5.930600070819140868e+00
6.056986833401571957e+00
6.056987163598747337e+00
6.196257128299309080e+00
6.319157040302131989e+00
6.319157143163952384e+00
6.594211605643240048e+00
6.701397540811916187e+00
6.701397675112259478e+00
6.775893749166968405e+00
6.898065163507808073e+00
6.926954114183232036e+00
6.926954337946800599e+00
7.130234133603187807e+00
7.130234407086487813e+00
7.220245695265501418e+00
7.414625324316799215e+00
7.649679012873677131e+00
7.649679365829655353e+00
7.695890884101722840e+00
8.002599558893347620e+00
8.002600046234974229e+00
8.244784751586909266e+00
8.338869036026407500e+00
8.461438943820372316e+00
8.461439310188309193e+00
8.529204628803320531e+00
8.589898305567999159e+00
8.797696601952127438e+00
8.797697005466828202e+00
9.154782586167733882e+00
9.154783323487235336e+00
9.179634627805182134e+00
9.341796540280675742e+00
9.432309155238710829e+00
9.432309627021369991e+00
9.619581690489457770e+00
9.729824828844556350e+00
1.005798647841604598e+01
1.005798742293904446e+01
1.029347662357087145e+01
1.029347730361319613e+01
1.048063008602059298e+01
1.048063037226292060e+01
1.068916488786659080e+01
1.076767676892281145e+01
1.076767737258133195e+01
1.079380391706278886e+01
1.086730734818887889e+01
1.133005904662460317e+01
1.133005966445013968e+01
1.135646692418024806e+01
1.154172305160715695e+01
1.165687007734065794e+01
1.165687046337909649e+01
1.187598715896914392e+01
1.187598774839381477e+01
1.201442112629651504e+01
1.201784256844796595e+01
1.201784302610081490e+01
1.212325909151495473e+01
1.212325950394529883e+01
1.234568074267271776e+01
1.234568122867264073e+01
1.251489656369560244e+01
1.251489708307663129e+01
1.263941921134036939e+01
1.263942035854492829e+01
1.268870312522126831e+01
1.290683834252215334e+01
1.290683849747876799e+01
1.309185956997706235e+01
1.309186006646878297e+01
1.317023059782933281e+01
1.320362147291416477e+01
1.320362181372974675e+01
1.330546568144084141e+01
1.330546635785457887e+01
1.352246845069346115e+01
1.352246926415438466e+01
1.379401765259128609e+01
1.379401845003840776e+01
1.382776927056566052e+01
1.392773883299080317e+01
1.403645981008031818e+01
1.422678695278733763e+01
1.422678758539678157e+01
1.454055807044557724e+01
1.463845900359733854e+01
1.481624311355614942e+01
1.481624358601059122e+01
1.563580288952249475e+01
1.567158533780166074e+01
1.567158562494554985e+01
1.569086852280650568e+01
1.649639360587640624e+01
1.654514777812516257e+01
1.654514814076924267e+01
1.670681450785876265e+01
1.670681489692155353e+01
1.687495084437285087e+01
1.687495117029972391e+01
1.747926071091108824e+01
1.747926113999101361e+01
1.765579386490451697e+01
1.765579426137493257e+01
1.780695153584689194e+01
1.780695190087287116e+01
1.815323334835973412e+01
1.836917156542450158e+01
1.836917208259534107e+01
1.861360832831721623e+01
1.899594006623520670e+01
1.899594090852043138e+01
1.917673149939790989e+01
1.917673233374236830e+01
2.049455871688873287e+01
2.220283707096910675e+01
2.326833189122073620e+01
2.359278470210755074e+01
2.451967709820013042e+01
2.523164011712278665e+01
2.603716658931996619e+01
2.635069849169088130e+01
2.644293758265143879e+01
2.692958371382669469e+01
