1.151089999999999947e+00 0.000000000000000000e+00 0.000000000000000000e+00 0.000000000000000000e+00 8.969399999999999595e-01 -1.767000000000000168e-02 0.000000000000000000e+00 8.898000000000000353e-02 1.049709999999999921e+00
9.272799999999999931e-01 7.618999999999999384e-02 -5.571000000000000257e-02 -4.891999999999999821e-02 1.073739999999999917e+00 -9.690000000000000696e-03 7.484000000000000374e-02 4.365999999999999742e-02 1.011500000000000066e+00
9.272799999999999931e-01 7.618999999999999384e-02 5.571000000000000257e-02 -4.891999999999999821e-02 1.073739999999999917e+00 9.690000000000000696e-03 -7.484000000000000374e-02 -4.365999999999999742e-02 1.011500000000000066e+00
1.151089999999999947e+00 0.000000000000000000e+00 0.000000000000000000e+00 0.000000000000000000e+00 8.969399999999999595e-01 1.767000000000000168e-02 0.000000000000000000e+00 -8.898000000000000353e-02 1.049709999999999921e+00
9.272799999999999931e-01 -7.618999999999999384e-02 -5.571000000000000257e-02 4.891999999999999821e-02 1.073739999999999917e+00 9.690000000000000696e-03 7.484000000000000374e-02 -4.365999999999999742e-02 1.011500000000000066e+00
9.272799999999999931e-01 -7.618999999999999384e-02 5.571000000000000257e-02 4.891999999999999821e-02 1.073739999999999917e+00 -9.690000000000000696e-03 -7.484000000000000374e-02 4.365999999999999742e-02 1.011500000000000066e+00
2.863109999999999822e+00 0.000000000000000000e+00 0.000000000000000000e+00 0.000000000000000000e+00 2.625760000000000094e+00 -4.910000000000000302e-03 0.000000000000000000e+00 -2.132999999999999827e-02 2.830670000000000019e+00
2.863109999999999822e+00 0.000000000000000000e+00 0.000000000000000000e+00 0.000000000000000000e+00 2.625760000000000094e+00 4.910000000000000302e-03 0.000000000000000000e+00 2.132999999999999827e-02 2.830670000000000019e+00
-1.164509999999999934e+00 0.000000000000000000e+00 0.000000000000000000e+00 0.000000000000000000e+00 -1.905610000000000026e+00 2.604799999999999893e-01 0.000000000000000000e+00 2.716299999999999826e-01 -1.269949999999999912e+00
-1.143569999999999975e+00 0.000000000000000000e+00 0.000000000000000000e+00 0.000000000000000000e+00 -1.058769999999999989e+00 -5.299999999999999807e-04 0.000000000000000000e+00 1.034000000000000023e-02 -2.091229999999999922e+00
-1.780340000000000034e+00 -3.888199999999999990e-01 2.526499999999999857e-01 -3.059000000000000052e-01 -1.352899999999999991e+00 1.285600000000000076e-01 2.737899999999999778e-01 1.267099999999999893e-01 -1.271099999999999897e+00
-1.780340000000000034e+00 -3.888199999999999990e-01 -2.526499999999999857e-01 -3.059000000000000052e-01 -1.352899999999999991e+00 -1.285600000000000076e-01 -2.737899999999999778e-01 -1.267099999999999893e-01 -1.271099999999999897e+00
-1.143569999999999975e+00 0.000000000000000000e+00 0.000000000000000000e+00 0.000000000000000000e+00 -1.058769999999999989e+00 5.299999999999999807e-04 0.000000000000000000e+00 -1.034000000000000023e-02 -2.091229999999999922e+00
-1.164509999999999934e+00 0.000000000000000000e+00 0.000000000000000000e+00 0.000000000000000000e+00 -1.905610000000000026e+00 -2.604799999999999893e-01 0.000000000000000000e+00 -2.716299999999999826e-01 -1.269949999999999912e+00
-1.780340000000000034e+00 3.888199999999999990e-01 2.526499999999999857e-01 3.059000000000000052e-01 -1.352899999999999991e+00 -1.285600000000000076e-01 2.737899999999999778e-01 -1.267099999999999893e-01 -1.271099999999999897e+00
-1.780340000000000034e+00 3.888199999999999990e-01 -2.526499999999999857e-01 3.059000000000000052e-01 -1.352899999999999991e+00 1.285600000000000076e-01 -2.737899999999999778e-01 1.267099999999999893e-01 -1.271099999999999897e+00
