1.273120000000000029e+00 1.088599999999999984e-01 7.767999999999999905e-02 1.358699999999999908e-01 1.295660000000000034e+00 3.817000000000000254e-02 7.611999999999999322e-02 7.729999999999999892e-03 1.182220000000000049e+00
1.273120000000000029e+00 -1.088599999999999984e-01 7.767999999999999905e-02 -1.358699999999999908e-01 1.295660000000000034e+00 -3.817000000000000254e-02 7.611999999999999322e-02 -7.729999999999999892e-03 1.182220000000000049e+00
1.273120000000000029e+00 1.088599999999999984e-01 7.767999999999999905e-02 1.358699999999999908e-01 1.295660000000000034e+00 3.817000000000000254e-02 7.611999999999999322e-02 7.729999999999999892e-03 1.182220000000000049e+00
1.273120000000000029e+00 -1.088599999999999984e-01 7.767999999999999905e-02 -1.358699999999999908e-01 1.295660000000000034e+00 -3.817000000000000254e-02 7.611999999999999322e-02 -7.729999999999999892e-03 1.182220000000000049e+00
1.975910000000000055e+00 -1.183099999999999985e-01 3.287999999999999950e-02 -2.125599999999999989e-01 1.955419999999999936e+00 1.182700000000000001e-01 3.257999999999999785e-02 2.366199999999999970e-01 1.827250000000000041e+00
1.975910000000000055e+00 1.183099999999999985e-01 3.287999999999999950e-02 2.125599999999999989e-01 1.955419999999999936e+00 -1.182700000000000001e-01 3.257999999999999785e-02 -2.366199999999999970e-01 1.827250000000000041e+00
1.872009999999999952e+00 0.000000000000000000e+00 -3.998000000000000165e-02 0.000000000000000000e+00 1.319099999999999939e+00 0.000000000000000000e+00 -5.820000000000000173e-02 0.000000000000000000e+00 2.334950000000000081e+00
1.872009999999999952e+00 0.000000000000000000e+00 -3.998000000000000165e-02 0.000000000000000000e+00 1.319099999999999939e+00 0.000000000000000000e+00 -5.820000000000000173e-02 0.000000000000000000e+00 2.334950000000000081e+00
1.975910000000000055e+00 -1.183099999999999985e-01 3.287999999999999950e-02 -2.125599999999999989e-01 1.955419999999999936e+00 1.182700000000000001e-01 3.257999999999999785e-02 2.366199999999999970e-01 1.827250000000000041e+00
1.975910000000000055e+00 1.183099999999999985e-01 3.287999999999999950e-02 2.125599999999999989e-01 1.955419999999999936e+00 -1.182700000000000001e-01 3.257999999999999785e-02 -2.366199999999999970e-01 1.827250000000000041e+00
-1.794450000000000101e+00 2.076300000000000090e-01 1.141000000000000000e-02 2.657100000000000017e-01 -2.303020000000000067e+00 3.677500000000000213e-01 1.421000000000000041e-02 3.406699999999999728e-01 -2.143949999999999800e+00
-1.794450000000000101e+00 -2.076300000000000090e-01 1.141000000000000000e-02 -2.657100000000000017e-01 -2.303020000000000067e+00 -3.677500000000000213e-01 1.421000000000000041e-02 -3.406699999999999728e-01 -2.143949999999999800e+00
-1.794450000000000101e+00 2.076300000000000090e-01 1.141000000000000000e-02 2.657100000000000017e-01 -2.303020000000000067e+00 3.677500000000000213e-01 1.421000000000000041e-02 3.406699999999999728e-01 -2.143949999999999800e+00
-1.794450000000000101e+00 -2.076300000000000090e-01 1.141000000000000000e-02 -2.657100000000000017e-01 -2.303020000000000067e+00 -3.677500000000000213e-01 1.421000000000000041e-02 -3.406699999999999728e-01 -2.143949999999999800e+00
-2.390579999999999927e+00 -3.060899999999999732e-01 -1.019800000000000012e-01 -2.459699999999999942e-01 -1.607609999999999983e+00 -1.004300000000000054e-01 -9.381000000000000449e-02 -3.484999999999999903e-02 -2.033009999999999984e+00
-2.390579999999999927e+00 3.060899999999999732e-01 -1.019800000000000012e-01 2.459699999999999942e-01 -1.607609999999999983e+00 1.004300000000000054e-01 -9.381000000000000449e-02 3.484999999999999903e-02 -2.033009999999999984e+00
-2.390579999999999927e+00 3.060899999999999732e-01 -1.019800000000000012e-01 2.459699999999999942e-01 -1.607609999999999983e+00 1.004300000000000054e-01 -9.381000000000000449e-02 3.484999999999999903e-02 -2.033009999999999984e+00
-2.390579999999999927e+00 -3.060899999999999732e-01 -1.019800000000000012e-01 -2.459699999999999942e-01 -1.607609999999999983e+00 -1.004300000000000054e-01 -9.381000000000000449e-02 -3.484999999999999903e-02 -2.033009999999999984e+00
