-5.660350742596433060e-02
-1.672745908578086513e-02
-1.461804817841519562e-02
1.956690987834755591e+00
2.106041259081346428e+00
2.133414277317924768e+00
3.082469456349847814e+00
3.085152835455093889e+00
3.190605161078208685e+00
3.360063095742340078e+00
3.447396292831973241e+00
3.544826643520892162e+00
3.590244111549587558e+00
3.948992141951190415e+00
4.080771413002193704e+00
4.367704988183698234e+00
4.427992202174871217e+00
4.447223256772100619e+00
4.680929813585548160e+00
4.735533511651934369e+00
4.971379182987983647e+00
5.129846611606604156e+00
5.182254241548551299e+00
5.332873468188568999e+00
5.629368150891938427e+00
5.640607676533582193e+00
5.903575234230062918e+00
5.923891437782084601e+00
5.958267818383911063e+00
6.164344058191919551e+00
6.204236481187631824e+00
6.237316747129912464e+00
6.348365353112470189e+00
6.805930629330205761e+00
6.923835184882725535e+00
6.957241379269595072e+00
7.039711680777492653e+00
7.271151417785187476e+00
7.294046486509373928e+00
7.483057853689082606e+00
7.708549151056401705e+00
7.831106092469860336e+00
7.860015770259936474e+00
7.881026784600475565e+00
8.215645145016992501e+00
8.295801782796164758e+00
8.397652158806806710e+00
8.421529771288057020e+00
8.632858733968525655e+00
8.664783304522726937e+00
8.683630037025872994e+00
9.067449132163952541e+00
9.142260044039588252e+00
9.203996999821200120e+00
9.232274419331536919e+00
9.460509984916928516e+00
9.559246239268009759e+00
9.728427252355235311e+00
1.063615661295912318e+01
1.086354268248476274e+01
1.112950553161025091e+01
1.181090494578737626e+01
1.355981008314218883e+01
1.357657465133922337e+01
1.443677941182956381e+01
1.472678321135422763e+01
1.476260730801382337e+01
1.476761445908600123e+01
1.477301106377283624e+01
1.650180216836179525e+01
1.653364298409993438e+01
1.661259835425923725e+01
