8.055299999999999683e-01 -0.000000000000000000e+00 -0.000000000000000000e+00 -0.000000000000000000e+00 8.055299999999999683e-01 0.000000000000000000e+00 -0.000000000000000000e+00 0.000000000000000000e+00 1.273819999999999952e+00
8.055299999999999683e-01 -0.000000000000000000e+00 -0.000000000000000000e+00 -0.000000000000000000e+00 8.055299999999999683e-01 0.000000000000000000e+00 -0.000000000000000000e+00 0.000000000000000000e+00 1.273819999999999952e+00
2.643949999999999800e+00 -1.049100000000000033e-01 3.453100000000000058e-01 -1.049100000000000033e-01 2.522810000000000219e+00 -1.993600000000000094e-01 3.393200000000000105e-01 -1.959100000000000008e-01 2.368269999999999875e+00
2.462239999999999984e+00 -0.000000000000000000e+00 -0.000000000000000000e+00 -0.000000000000000000e+00 2.704530000000000101e+00 3.987299999999999733e-01 -0.000000000000000000e+00 3.918099999999999916e-01 2.368269999999999875e+00
2.643949999999999800e+00 1.049100000000000033e-01 -3.453100000000000058e-01 1.049100000000000033e-01 2.522810000000000219e+00 -1.993600000000000094e-01 -3.393200000000000105e-01 -1.959100000000000008e-01 2.368269999999999875e+00
2.643949999999999800e+00 -1.049100000000000033e-01 3.453100000000000058e-01 -1.049100000000000033e-01 2.522810000000000219e+00 -1.993600000000000094e-01 3.393200000000000105e-01 -1.959100000000000008e-01 2.368269999999999875e+00
2.462239999999999984e+00 -0.000000000000000000e+00 -0.000000000000000000e+00 -0.000000000000000000e+00 2.704530000000000101e+00 3.987299999999999733e-01 -0.000000000000000000e+00 3.918099999999999916e-01 2.368269999999999875e+00
2.643949999999999800e+00 1.049100000000000033e-01 -3.453100000000000058e-01 1.049100000000000033e-01 2.522810000000000219e+00 -1.993600000000000094e-01 -3.393200000000000105e-01 -1.959100000000000008e-01 2.368269999999999875e+00
6.363679999999999559e+00 5.476999999999999924e-02 -0.000000000000000000e+00 -5.476999999999999924e-02 6.363679999999999559e+00 0.000000000000000000e+00 -0.000000000000000000e+00 0.000000000000000000e+00 5.678770000000000095e+00
6.363679999999999559e+00 -5.476999999999999924e-02 -0.000000000000000000e+00 5.476999999999999924e-02 6.363679999999999559e+00 0.000000000000000000e+00 -0.000000000000000000e+00 0.000000000000000000e+00 5.678770000000000095e+00
-3.067559999999999842e+00 -1.525100000000000067e-01 -1.016110000000000069e+00 -7.582999999999999463e-02 -1.905559999999999921e+00 -1.034800000000000025e-01 -9.925100000000000033e-01 -1.174800000000000011e-01 -2.342900000000000205e+00
-2.294939999999999980e+00 5.219099999999999850e-01 5.976799999999999891e-01 5.985899999999999554e-01 -2.678179999999999783e+00 -8.282399999999999762e-01 5.979999999999999760e-01 -8.007999999999999563e-01 -2.342900000000000205e+00
-2.097179999999999822e+00 -4.844200000000000172e-01 4.184399999999999786e-01 -4.077399999999999913e-01 -2.875939999999999941e+00 9.317199999999999926e-01 3.945100000000000273e-01 9.182799999999999851e-01 -2.342900000000000205e+00
-3.067559999999999842e+00 1.525100000000000067e-01 1.016110000000000069e+00 7.582999999999999463e-02 -1.905559999999999921e+00 -1.034800000000000025e-01 9.925100000000000033e-01 -1.174800000000000011e-01 -2.342900000000000205e+00
-2.097179999999999822e+00 4.844200000000000172e-01 -4.184399999999999786e-01 4.077399999999999913e-01 -2.875939999999999941e+00 9.317199999999999926e-01 -3.945100000000000273e-01 9.182799999999999851e-01 -2.342900000000000205e+00
-2.294939999999999980e+00 -5.219099999999999850e-01 -5.976799999999999891e-01 -5.985899999999999554e-01 -2.678179999999999783e+00 -8.282399999999999762e-01 -5.979999999999999760e-01 -8.007999999999999563e-01 -2.342900000000000205e+00
-3.067559999999999842e+00 -1.525100000000000067e-01 -1.016110000000000069e+00 -7.582999999999999463e-02 -1.905559999999999921e+00 -1.034800000000000025e-01 -9.925100000000000033e-01 -1.174800000000000011e-01 -2.342900000000000205e+00
-2.294939999999999980e+00 5.219099999999999850e-01 5.976799999999999891e-01 5.985899999999999554e-01 -2.678179999999999783e+00 -8.282399999999999762e-01 5.979999999999999760e-01 -8.007999999999999563e-01 -2.342900000000000205e+00
-2.097179999999999822e+00 -4.844200000000000172e-01 4.184399999999999786e-01 -4.077399999999999913e-01 -2.875939999999999941e+00 9.317199999999999926e-01 3.945100000000000273e-01 9.182799999999999851e-01 -2.342900000000000205e+00
-3.067559999999999842e+00 1.525100000000000067e-01 1.016110000000000069e+00 7.582999999999999463e-02 -1.905559999999999921e+00 -1.034800000000000025e-01 9.925100000000000033e-01 -1.174800000000000011e-01 -2.342900000000000205e+00
-2.294939999999999980e+00 -5.219099999999999850e-01 -5.976799999999999891e-01 -5.985899999999999554e-01 -2.678179999999999783e+00 -8.282399999999999762e-01 -5.979999999999999760e-01 -8.007999999999999563e-01 -2.342900000000000205e+00
-2.097179999999999822e+00 4.844200000000000172e-01 -4.184399999999999786e-01 4.077399999999999913e-01 -2.875939999999999941e+00 9.317199999999999926e-01 -3.945100000000000273e-01 9.182799999999999851e-01 -2.342900000000000205e+00
