2.557139999999999969e+00 0.000000000000000000e+00 -0.000000000000000000e+00 0.000000000000000000e+00 2.627530000000000143e+00 7.352000000000000202e-02 -0.000000000000000000e+00 3.429999999999999716e-02 2.199489999999999945e+00
2.609929999999999861e+00 3.048000000000000015e-02 -6.367000000000000437e-02 3.048000000000000015e-02 2.574739999999999807e+00 -3.676000000000000101e-02 -2.970000000000000070e-02 -1.714999999999999858e-02 2.199489999999999945e+00
2.609929999999999861e+00 -3.048000000000000015e-02 6.367000000000000437e-02 -3.048000000000000015e-02 2.574739999999999807e+00 -3.676000000000000101e-02 2.970000000000000070e-02 -1.714999999999999858e-02 2.199489999999999945e+00
2.557139999999999969e+00 0.000000000000000000e+00 -0.000000000000000000e+00 0.000000000000000000e+00 2.627530000000000143e+00 7.352000000000000202e-02 -0.000000000000000000e+00 3.429999999999999716e-02 2.199489999999999945e+00
2.609929999999999861e+00 3.048000000000000015e-02 -6.367000000000000437e-02 3.048000000000000015e-02 2.574739999999999807e+00 -3.676000000000000101e-02 -2.970000000000000070e-02 -1.714999999999999858e-02 2.199489999999999945e+00
2.609929999999999861e+00 -3.048000000000000015e-02 6.367000000000000437e-02 -3.048000000000000015e-02 2.574739999999999807e+00 -3.676000000000000101e-02 2.970000000000000070e-02 -1.714999999999999858e-02 2.199489999999999945e+00
2.660309999999999953e+00 6.029999999999999770e-03 -0.000000000000000000e+00 -6.029999999999999770e-03 2.660309999999999953e+00 0.000000000000000000e+00 -0.000000000000000000e+00 0.000000000000000000e+00 5.710100000000000176e-01
2.660309999999999953e+00 6.029999999999999770e-03 -0.000000000000000000e+00 -6.029999999999999770e-03 2.660309999999999953e+00 0.000000000000000000e+00 -0.000000000000000000e+00 0.000000000000000000e+00 5.710100000000000176e-01
2.660309999999999953e+00 -6.029999999999999770e-03 -0.000000000000000000e+00 6.029999999999999770e-03 2.660309999999999953e+00 0.000000000000000000e+00 -0.000000000000000000e+00 0.000000000000000000e+00 5.710100000000000176e-01
2.660309999999999953e+00 -6.029999999999999770e-03 -0.000000000000000000e+00 6.029999999999999770e-03 2.660309999999999953e+00 0.000000000000000000e+00 -0.000000000000000000e+00 0.000000000000000000e+00 5.710100000000000176e-01
-1.988760000000000083e+00 3.413200000000000123e-01 -9.005000000000000504e-02 3.372999999999999887e-01 -2.377110000000000056e+00 1.449799999999999978e-01 -6.589000000000000412e-02 1.185200000000000004e-01 -1.290079999999999893e+00
-1.986169999999999991e+00 -3.357999999999999874e-01 -8.053000000000000436e-02 -3.398300000000000209e-01 -2.379700000000000149e+00 -1.504800000000000026e-01 -6.969999999999999807e-02 -1.163200000000000067e-01 -1.290079999999999893e+00
-2.573869999999999880e+00 5.199999999999999544e-04 1.705800000000000094e-01 -3.510000000000000099e-03 -1.792000000000000037e+00 5.490000000000000088e-03 1.355800000000000061e-01 -2.200000000000000133e-03 -1.290079999999999893e+00
-2.573869999999999880e+00 -5.199999999999999544e-04 -1.705800000000000094e-01 3.510000000000000099e-03 -1.792000000000000037e+00 5.490000000000000088e-03 -1.355800000000000061e-01 -2.200000000000000133e-03 -1.290079999999999893e+00
-1.988760000000000083e+00 -3.413200000000000123e-01 9.005000000000000504e-02 -3.372999999999999887e-01 -2.377110000000000056e+00 1.449799999999999978e-01 6.589000000000000412e-02 1.185200000000000004e-01 -1.290079999999999893e+00
-1.986169999999999991e+00 3.357999999999999874e-01 8.053000000000000436e-02 3.398300000000000209e-01 -2.379700000000000149e+00 -1.504800000000000026e-01 6.969999999999999807e-02 -1.163200000000000067e-01 -1.290079999999999893e+00
-1.986169999999999991e+00 -3.357999999999999874e-01 -8.053000000000000436e-02 -3.398300000000000209e-01 -2.379700000000000149e+00 -1.504800000000000026e-01 -6.969999999999999807e-02 -1.163200000000000067e-01 -1.290079999999999893e+00
-1.988760000000000083e+00 3.413200000000000123e-01 -9.005000000000000504e-02 3.372999999999999887e-01 -2.377110000000000056e+00 1.449799999999999978e-01 -6.589000000000000412e-02 1.185200000000000004e-01 -1.290079999999999893e+00
-2.573869999999999880e+00 5.199999999999999544e-04 1.705800000000000094e-01 -3.510000000000000099e-03 -1.792000000000000037e+00 5.490000000000000088e-03 1.355800000000000061e-01 -2.200000000000000133e-03 -1.290079999999999893e+00
-1.988760000000000083e+00 -3.413200000000000123e-01 9.005000000000000504e-02 -3.372999999999999887e-01 -2.377110000000000056e+00 1.449799999999999978e-01 6.589000000000000412e-02 1.185200000000000004e-01 -1.290079999999999893e+00
-1.986169999999999991e+00 3.357999999999999874e-01 8.053000000000000436e-02 3.398300000000000209e-01 -2.379700000000000149e+00 -1.504800000000000026e-01 6.969999999999999807e-02 -1.163200000000000067e-01 -1.290079999999999893e+00
-2.573869999999999880e+00 -5.199999999999999544e-04 -1.705800000000000094e-01 3.510000000000000099e-03 -1.792000000000000037e+00 5.490000000000000088e-03 -1.355800000000000061e-01 -2.200000000000000133e-03 -1.290079999999999893e+00
