-2.075725138989520380e-02
-1.896491037826324860e-02
-4.286365320747350001e-03
1.184546346156106988e+00
1.642078644730091241e+00
1.696378229199967391e+00
1.815001741704017846e+00
2.385663280699356292e+00
2.455814498786103695e+00
2.558158318880802806e+00
3.002748858805336596e+00
3.040230466509127094e+00
3.069351453406686581e+00
3.218467907540529360e+00
4.067051435189664055e+00
4.599261559756855355e+00
4.604003141606313854e+00
4.760816723497244496e+00
4.820247070421274316e+00
4.951782690784870766e+00
5.385456904195066841e+00
5.510186160970897973e+00
6.354170639645118968e+00
7.228589407065726391e+00
7.690755269376700731e+00
8.205092507782811850e+00
8.352854098408196037e+00
8.811886819186087294e+00
9.198848562984652588e+00
9.203487121846135821e+00
1.000497525774582286e+01
1.002713092366446368e+01
1.649894110039807060e+01
1.755537508377697264e+01
1.777854713024323630e+01
1.830578856103722885e+01
