-1.900462424418294383e-01
-1.839142239236144782e-01
-1.264047032165843965e-01
2.815633281632725193e+00
3.012128481834254856e+00
3.170488962498508645e+00
3.513196433368187765e+00
3.645504878243413405e+00
3.758241907389838765e+00
4.200127341269543457e+00
4.283166350531653954e+00
4.532111824920831644e+00
4.572999212023460380e+00
4.969570044167368472e+00
5.047241017342681602e+00
5.163492366805659373e+00
5.323517262955946627e+00
5.373143868128287259e+00
5.620551640031454355e+00
5.891789447328237728e+00
5.946237819625934229e+00
6.224420864932214137e+00
6.267011660994043609e+00
6.603798397925880082e+00
6.613548833148970907e+00
6.900171881595367651e+00
7.089283968067605635e+00
7.138314335409567946e+00
7.566852295401009343e+00
7.678536067351489081e+00
7.843872123414802111e+00
8.023544228705725700e+00
8.466497717114899402e+00
8.535939136179331754e+00
8.633087010177424858e+00
8.691371492405345123e+00
9.046162044586571582e+00
9.348155002542711145e+00
9.404197706253180300e+00
9.690743251279975823e+00
1.008972871658065529e+01
1.012930150090529580e+01
1.031457967646658069e+01
1.033501523147053547e+01
1.085015897203408208e+01
1.106829103910521184e+01
1.137984102156389277e+01
1.153897255303429503e+01
1.183222869563367929e+01
1.186853176168891899e+01
1.213082520883753723e+01
1.283241679515964329e+01
1.285484488260355462e+01
1.324172894176360593e+01
1.357313401690224097e+01
1.371967927320452496e+01
1.410043460693978901e+01
1.473449961152575760e+01
1.521053924849015182e+01
1.603261992562863369e+01
1.664811111071851357e+01
1.756618457336224992e+01
1.778834464589398578e+01
1.815805255494839088e+01
1.883455971935017459e+01
1.999122680902206284e+01
2.003189851544500044e+01
2.046176038019937948e+01
2.156252186165963991e+01
2.161346888522476561e+01
2.168043851359128382e+01
2.216375970820884334e+01
2.219787524514976340e+01
2.240621856294935199e+01
2.649211127628790052e+01
2.658818406153961433e+01
2.668285103601892416e+01
2.781150496310207387e+01
2.781708289241620946e+01
2.788588580966996489e+01
2.790743403431388003e+01
2.834481432990566319e+01
2.865740264810446547e+01
2.909301368997740056e+01
2.922019582996116682e+01
2.925989491304684620e+01
2.928985584764646788e+01
2.936817668964068417e+01
3.082338159124421750e+01
3.220796147338208471e+01
