2.572070000000000078e+00 0.000000000000000000e+00 -9.589999999999999566e-03 0.000000000000000000e+00 2.427070000000000061e+00 0.000000000000000000e+00 6.648999999999999355e-02 -0.000000000000000000e+00 2.417499999999999982e+00
2.572070000000000078e+00 0.000000000000000000e+00 -9.589999999999999566e-03 0.000000000000000000e+00 2.427070000000000061e+00 0.000000000000000000e+00 6.648999999999999355e-02 -0.000000000000000000e+00 2.417499999999999982e+00
2.572070000000000078e+00 0.000000000000000000e+00 9.589999999999999566e-03 0.000000000000000000e+00 2.427070000000000061e+00 0.000000000000000000e+00 -6.648999999999999355e-02 0.000000000000000000e+00 2.417499999999999982e+00
2.572070000000000078e+00 0.000000000000000000e+00 9.589999999999999566e-03 0.000000000000000000e+00 2.427070000000000061e+00 0.000000000000000000e+00 -6.648999999999999355e-02 0.000000000000000000e+00 2.417499999999999982e+00
3.175650000000000084e+00 -0.000000000000000000e+00 2.551399999999999779e-01 0.000000000000000000e+00 3.515670000000000073e+00 0.000000000000000000e+00 1.218700000000000061e-01 -0.000000000000000000e+00 3.191720000000000113e+00
3.175650000000000084e+00 0.000000000000000000e+00 2.551399999999999779e-01 0.000000000000000000e+00 3.515670000000000073e+00 0.000000000000000000e+00 1.218700000000000061e-01 0.000000000000000000e+00 3.191720000000000113e+00
3.175650000000000084e+00 -0.000000000000000000e+00 -2.551399999999999779e-01 0.000000000000000000e+00 3.515670000000000073e+00 0.000000000000000000e+00 -1.218700000000000061e-01 -0.000000000000000000e+00 3.191720000000000113e+00
3.175650000000000084e+00 -0.000000000000000000e+00 -2.551399999999999779e-01 0.000000000000000000e+00 3.515670000000000073e+00 0.000000000000000000e+00 -1.218700000000000061e-01 -0.000000000000000000e+00 3.191720000000000113e+00
3.105220000000000091e+00 0.000000000000000000e+00 8.698000000000000176e-02 0.000000000000000000e+00 3.447169999999999845e+00 0.000000000000000000e+00 -3.079999999999999839e-03 0.000000000000000000e+00 3.432230000000000114e+00
3.105220000000000091e+00 0.000000000000000000e+00 8.698000000000000176e-02 0.000000000000000000e+00 3.447169999999999845e+00 0.000000000000000000e+00 -3.079999999999999839e-03 0.000000000000000000e+00 3.432230000000000114e+00
3.105220000000000091e+00 0.000000000000000000e+00 -8.698000000000000176e-02 0.000000000000000000e+00 3.447169999999999845e+00 0.000000000000000000e+00 3.079999999999999839e-03 0.000000000000000000e+00 3.432230000000000114e+00
3.105220000000000091e+00 -0.000000000000000000e+00 -8.698000000000000176e-02 0.000000000000000000e+00 3.447169999999999845e+00 0.000000000000000000e+00 3.079999999999999839e-03 0.000000000000000000e+00 3.432230000000000114e+00
-2.550839999999999996e+00 0.000000000000000000e+00 1.145000000000000046e-01 0.000000000000000000e+00 -2.447239999999999860e+00 0.000000000000000000e+00 5.822999999999999704e-02 0.000000000000000000e+00 -2.007600000000000051e+00
-2.550839999999999996e+00 -0.000000000000000000e+00 1.145000000000000046e-01 0.000000000000000000e+00 -2.447239999999999860e+00 0.000000000000000000e+00 5.822999999999999704e-02 0.000000000000000000e+00 -2.007600000000000051e+00
-2.550839999999999996e+00 0.000000000000000000e+00 -1.145000000000000046e-01 0.000000000000000000e+00 -2.447239999999999860e+00 0.000000000000000000e+00 -5.822999999999999704e-02 -0.000000000000000000e+00 -2.007600000000000051e+00
-2.550839999999999996e+00 0.000000000000000000e+00 -1.145000000000000046e-01 0.000000000000000000e+00 -2.447239999999999860e+00 0.000000000000000000e+00 -5.822999999999999704e-02 -0.000000000000000000e+00 -2.007600000000000051e+00
-2.075600000000000112e+00 0.000000000000000000e+00 -9.370000000000000551e-02 0.000000000000000000e+00 -2.408580000000000165e+00 0.000000000000000000e+00 -6.407999999999999807e-02 0.000000000000000000e+00 -2.308450000000000113e+00
-2.075600000000000112e+00 0.000000000000000000e+00 -9.370000000000000551e-02 0.000000000000000000e+00 -2.408580000000000165e+00 0.000000000000000000e+00 -6.407999999999999807e-02 -0.000000000000000000e+00 -2.308450000000000113e+00
-2.075600000000000112e+00 -0.000000000000000000e+00 9.370000000000000551e-02 0.000000000000000000e+00 -2.408580000000000165e+00 0.000000000000000000e+00 6.407999999999999807e-02 -0.000000000000000000e+00 -2.308450000000000113e+00
-2.075600000000000112e+00 -0.000000000000000000e+00 9.370000000000000551e-02 0.000000000000000000e+00 -2.408580000000000165e+00 0.000000000000000000e+00 6.407999999999999807e-02 0.000000000000000000e+00 -2.308450000000000113e+00
-2.066170000000000062e+00 -0.000000000000000000e+00 2.655799999999999828e-01 0.000000000000000000e+00 -2.157270000000000021e+00 0.000000000000000000e+00 2.777999999999999914e-01 0.000000000000000000e+00 -2.589809999999999945e+00
-2.066170000000000062e+00 -0.000000000000000000e+00 2.655799999999999828e-01 0.000000000000000000e+00 -2.157270000000000021e+00 0.000000000000000000e+00 2.777999999999999914e-01 0.000000000000000000e+00 -2.589809999999999945e+00
-2.066170000000000062e+00 0.000000000000000000e+00 -2.655799999999999828e-01 0.000000000000000000e+00 -2.157270000000000021e+00 0.000000000000000000e+00 -2.777999999999999914e-01 0.000000000000000000e+00 -2.589809999999999945e+00
-2.066170000000000062e+00 -0.000000000000000000e+00 -2.655799999999999828e-01 0.000000000000000000e+00 -2.157270000000000021e+00 0.000000000000000000e+00 -2.777999999999999914e-01 0.000000000000000000e+00 -2.589809999999999945e+00
-2.160330000000000084e+00 -0.000000000000000000e+00 1.474199999999999955e-01 0.000000000000000000e+00 -2.376819999999999933e+00 0.000000000000000000e+00 4.336000000000000271e-02 0.000000000000000000e+00 -2.135590000000000099e+00
-2.160330000000000084e+00 -0.000000000000000000e+00 1.474199999999999955e-01 0.000000000000000000e+00 -2.376819999999999933e+00 0.000000000000000000e+00 4.336000000000000271e-02 -0.000000000000000000e+00 -2.135590000000000099e+00
-2.160330000000000084e+00 0.000000000000000000e+00 -1.474199999999999955e-01 0.000000000000000000e+00 -2.376819999999999933e+00 0.000000000000000000e+00 -4.336000000000000271e-02 0.000000000000000000e+00 -2.135590000000000099e+00
-2.160330000000000084e+00 0.000000000000000000e+00 -1.474199999999999955e-01 0.000000000000000000e+00 -2.376819999999999933e+00 0.000000000000000000e+00 -4.336000000000000271e-02 0.000000000000000000e+00 -2.135590000000000099e+00
