-5.687018701157627032e-02
-5.687018701057858228e-02
-5.687018701030046447e-02
3.809557280010233971e+00
3.809557280010241964e+00
3.809557280010260172e+00
3.976711265045774546e+00
3.976711265045784760e+00
3.976711265045789201e+00
3.997784628122638573e+00
3.997784628122643902e+00
3.997784628122647455e+00
5.884938984128074146e+00
5.884938984128084805e+00
7.712077236067691466e+00
7.712077236067693242e+00
7.712077236067695019e+00
8.898337284985707640e+00
8.898337284985712969e+00
8.898337284985714746e+00
1.008442538305103398e+01
1.008442538305103575e+01
1.023750611968625179e+01
1.023750611968625179e+01
1.023750611968625712e+01
1.089467291225220436e+01
1.098772370711390423e+01
1.098772370711390600e+01
1.098772370711390955e+01
1.320865039724563061e+01
1.320865039724563239e+01
1.320865039724563239e+01
1.462306357580101768e+01
1.462306357580102478e+01
1.663898689659842489e+01
1.663898689659842489e+01
1.663898689659843555e+01
1.714920936419121844e+01
1.714920936419122199e+01
1.714920936419122555e+01
2.045555371139610656e+01
2.066687786541611516e+01
