-5.722357136705118197e-02
-5.635044028221962431e-02
-2.243861829525160487e-02
1.379112272441950227e+00
1.582903752601528158e+00
1.720819252565475077e+00
1.841589528097941963e+00
1.942565368269495218e+00
1.954730636174713432e+00
2.212323927457279016e+00
2.242200555258159866e+00
2.284047941703501117e+00
2.846577919186474848e+00
2.987527370585916220e+00
3.416219840701121946e+00
3.429919882446235579e+00
3.451775398255222616e+00
3.815969339499467150e+00
3.878019236672247239e+00
4.165467044642173100e+00
4.492993890492173570e+00
4.803052581431937362e+00
6.285568613896438173e+00
6.553696598104004067e+00
6.603556155587684273e+00
6.648883718339492432e+00
6.673693707385738527e+00
6.877068132569285730e+00
6.962159198122376047e+00
6.990182515499863136e+00
7.169662865156213094e+00
8.268071256345097098e+00
8.587100354601663099e+00
8.676782969511222632e+00
8.773308611920590749e+00
8.779840875551219170e+00
8.870819781733816356e+00
8.990862322380428040e+00
9.515918584140997893e+00
9.874733307791153436e+00
1.009427302979268504e+01
1.012226975534637674e+01
1.035947098070166916e+01
1.061504060284274154e+01
1.105229591532908628e+01
1.118448921497982340e+01
1.200220871339938000e+01
1.202459674999540162e+01
1.241764228829289607e+01
1.346110883248478807e+01
1.347804166041936647e+01
1.374305206276975433e+01
1.413112875887839337e+01
1.506869549762022409e+01
1.550782621775211823e+01
1.638161445035256492e+01
1.642071566649882541e+01
1.708806677187329015e+01
1.802030640693992325e+01
1.926593187468490953e+01
1.935115490093549795e+01
2.011409945784299680e+01
2.046123647290163206e+01
2.689319584950810338e+01
2.733189049443890895e+01
2.759185214877754433e+01
