3.513279999999999959e+00 0.000000000000000000e+00 -1.325699999999999934e-01 0.000000000000000000e+00 3.660699999999999843e+00 -0.000000000000000000e+00 2.495999999999999955e-02 -0.000000000000000000e+00 3.652909999999999879e+00
3.513279999999999959e+00 0.000000000000000000e+00 -1.325699999999999934e-01 0.000000000000000000e+00 3.660699999999999843e+00 -0.000000000000000000e+00 2.495999999999999955e-02 -0.000000000000000000e+00 3.652909999999999879e+00
2.377730000000000121e+00 1.885100000000000109e-01 2.833600000000000008e-01 2.879499999999999837e-01 9.444200000000000372e-01 2.341499999999999970e-01 3.024200000000000221e-01 2.474000000000000088e-01 1.368829999999999991e+00
2.377730000000000121e+00 -1.885100000000000109e-01 2.833600000000000008e-01 -2.879499999999999837e-01 9.444200000000000372e-01 -2.341499999999999970e-01 3.024200000000000221e-01 -2.474000000000000088e-01 1.368829999999999991e+00
2.377730000000000121e+00 1.885100000000000109e-01 2.833600000000000008e-01 2.879499999999999837e-01 9.444200000000000372e-01 2.341499999999999970e-01 3.024200000000000221e-01 2.474000000000000088e-01 1.368829999999999991e+00
2.377730000000000121e+00 -1.885100000000000109e-01 2.833600000000000008e-01 -2.879499999999999837e-01 9.444200000000000372e-01 -2.341499999999999970e-01 3.024200000000000221e-01 -2.474000000000000088e-01 1.368829999999999991e+00
2.273190000000000044e+00 0.000000000000000000e+00 4.637200000000000211e-01 0.000000000000000000e+00 1.472720000000000029e+00 0.000000000000000000e+00 4.695500000000000229e-01 0.000000000000000000e+00 8.974800000000000555e-01
2.273190000000000044e+00 0.000000000000000000e+00 4.637200000000000211e-01 0.000000000000000000e+00 1.472720000000000029e+00 0.000000000000000000e+00 4.695500000000000229e-01 0.000000000000000000e+00 8.974800000000000555e-01
-4.335849999999999760e+00 -0.000000000000000000e+00 -1.121329999999999938e+00 -0.000000000000000000e+00 -1.323679999999999968e+00 -0.000000000000000000e+00 -1.144179999999999975e+00 -0.000000000000000000e+00 -1.747849999999999904e+00
-2.657129999999999992e+00 1.128799999999999942e-01 -3.074500000000000011e-01 -1.107899999999999996e-01 -2.245789999999999953e+00 6.345300000000000384e-01 -2.392799999999999927e-01 5.846099999999999630e-01 -2.039579999999999949e+00
-2.657129999999999992e+00 -1.128799999999999942e-01 -3.074500000000000011e-01 1.107899999999999996e-01 -2.245789999999999953e+00 -6.345300000000000384e-01 -2.392799999999999927e-01 -5.846099999999999630e-01 -2.039579999999999949e+00
-2.657129999999999992e+00 1.128799999999999942e-01 -3.074500000000000011e-01 -1.107899999999999996e-01 -2.245789999999999953e+00 6.345300000000000384e-01 -2.392799999999999927e-01 5.846099999999999630e-01 -2.039579999999999949e+00
-2.657129999999999992e+00 -1.128799999999999942e-01 -3.074500000000000011e-01 1.107899999999999996e-01 -2.245789999999999953e+00 -6.345300000000000384e-01 -2.392799999999999927e-01 -5.846099999999999630e-01 -2.039579999999999949e+00
-3.059730000000000061e+00 -0.000000000000000000e+00 2.777100000000000124e-01 -0.000000000000000000e+00 -1.868840000000000057e+00 0.000000000000000000e+00 -4.870000000000000023e-02 0.000000000000000000e+00 -2.334970000000000212e+00
-3.059730000000000061e+00 -0.000000000000000000e+00 2.777100000000000124e-01 -0.000000000000000000e+00 -1.868840000000000057e+00 0.000000000000000000e+00 -4.870000000000000023e-02 0.000000000000000000e+00 -2.334970000000000212e+00
