-6.711921033804262027e-02
-6.711921033768591949e-02
-2.785275659945476989e-02
1.954602117055065147e+00
2.370699436081400879e+00
2.370699436081403988e+00
2.781062108353869355e+00
3.073213623791506421e+00
3.217105267307710736e+00
3.217105267307723171e+00
3.489178295348188463e+00
3.812823720960385909e+00
3.812823720960401896e+00
4.366272951665440161e+00
4.372805363402433976e+00
4.500423833634454418e+00
4.526061675486506175e+00
4.526061675486525715e+00
5.334467165579519055e+00
5.588580157375405477e+00
5.588580157375420576e+00
5.799173399212128821e+00
5.799173399212135038e+00
5.862536718625793064e+00
5.901138636675723248e+00
6.452740574994356493e+00
6.452740574994376921e+00
7.042491409618353515e+00
7.228751105734605886e+00
7.535344214805184571e+00
8.196231333795786611e+00
8.568995953258994547e+00
8.627552339106498991e+00
9.299680736938046977e+00
9.299680736938061187e+00
9.938013630732713821e+00
9.938013630732715598e+00
1.038369579932041376e+01
1.078769832051551347e+01
1.078769832051551525e+01
1.211641237300731433e+01
1.273327467176646977e+01
1.293276525289101642e+01
1.293276525289101819e+01
1.316347259252281710e+01
1.328910874458659386e+01
1.345645415417415691e+01
1.373056962922806079e+01
1.401873804904602316e+01
1.401873804904603027e+01
1.570397743502050325e+01
1.570397743502051391e+01
1.644384185630902095e+01
1.659269322268047731e+01
1.659269322268048086e+01
1.681342640255376963e+01
1.839313793988060297e+01
1.890165235086987749e+01
2.411530259586155722e+01
2.411530259586156077e+01
2.592473269304053929e+01
2.599311616159950233e+01
2.634128140230501458e+01
2.653245790986997577e+01
2.653245790986999708e+01
2.804682347663946018e+01
2.804682347663946373e+01
2.811045121653812018e+01
2.843549228588995348e+01
2.858222159361329417e+01
2.887813091140090549e+01
2.887813091140091970e+01
