-4.196452966494441938e-02
-3.321333512310981756e-02
-3.149372508929357967e-02
1.450382608141727703e+00
2.575045572412263173e+00
2.839730413261089659e+00
3.037844434792538628e+00
3.390457859935734231e+00
3.692214674148836639e+00
4.445854889669702104e+00
4.858906759755737603e+00
5.328734455759641442e+00
5.339250509200706318e+00
6.089751210024921591e+00
6.174851714818745840e+00
7.172870039252070562e+00
7.322862104396067551e+00
7.868462175037763018e+00
8.413407633058081814e+00
8.473822018428284863e+00
9.053673862029711472e+00
9.231099571557010108e+00
9.654661091928602445e+00
1.090543158247301925e+01
1.149555261829547703e+01
1.161623101526480539e+01
1.213063885374550210e+01
1.254226403007048773e+01
1.266009924921601915e+01
1.331165658361122262e+01
1.359932590241148631e+01
1.486601873401214391e+01
1.488908613716772145e+01
1.600122423441406383e+01
1.656039027317894963e+01
1.727687243108543669e+01
1.731900741959538337e+01
1.923013468491575750e+01
2.035944083220361733e+01
