-1.559625605768106826e-01
-1.247114819458697149e-01
-1.247114819457257606e-01
1.679407442804057293e+00
1.679407442804059736e+00
3.085408736238282934e+00
3.085408736238285599e+00
3.163079755718840591e+00
4.241501695452333465e+00
4.704083057337799190e+00
4.704083057337801854e+00
4.779772518123025726e+00
4.779772518123026614e+00
5.676077477785828940e+00
5.676077477785829828e+00
5.771665312792594982e+00
6.883102236389116335e+00
6.987286860642203834e+00
1.023637960370385791e+01
1.101213915482962769e+01
1.101213915482962946e+01
1.330319253498977616e+01
1.529311339543571791e+01
1.529311339543571791e+01
