-6.084036718527963822e-02
-6.084036718510810182e-02
-1.516367732002711285e-02
2.307286791401009118e+00
2.392061497952501892e+00
2.392061497952509885e+00
2.509889389959044870e+00
2.534210196493077216e+00
2.534210196493090095e+00
2.658069600237235264e+00
3.285430533822475851e+00
3.330197930272263296e+00
3.330197930272270845e+00
3.483908801049504511e+00
3.483908801049513393e+00
3.966888181733714269e+00
4.337872952314765662e+00
4.337872952314769215e+00
4.485828330378364370e+00
4.863833119305082775e+00
4.867654956779317921e+00
5.306059426886433172e+00
5.306059426886434949e+00
5.466196103694130670e+00
5.466196103694132447e+00
5.897572488431721993e+00
6.017625873222570476e+00
6.514495901303773984e+00
6.514495901303779313e+00
6.671027549069258988e+00
6.671027549069258988e+00
6.922455456731514190e+00
6.927223153672275480e+00
7.397672322695898472e+00
8.088778383287897000e+00
8.714613389187951142e+00
8.714613389187952919e+00
9.531045000767155884e+00
9.563323548282776088e+00
9.754400608612483481e+00
9.819860609745074242e+00
9.819860609745077795e+00
1.025833525456066830e+01
1.064582153587802971e+01
1.163021826223666721e+01
1.163021826223666899e+01
1.687324285739845564e+01
1.699435367241908423e+01
1.757207989594737896e+01
1.757207989594738251e+01
1.853037426996863957e+01
1.853037426996863957e+01
1.948263352180400787e+01
1.978260496039751359e+01
