-2.109254481387870528e-02
-2.109254481284356109e-02
-1.214592375645691912e-02
2.226267334884683535e+00
3.475200253849134224e+00
3.475200253849147103e+00
3.895273296556515774e+00
3.895273296556525544e+00
5.062753833434818773e+00
5.714604915293968190e+00
5.714604915293971743e+00
5.877478706555979926e+00
5.877478706555984367e+00
6.359864337269950596e+00
6.527422791233130184e+00
6.776677658667440873e+00
7.810263536158102760e+00
8.203142061392059148e+00
8.203142061392062701e+00
8.799772329824406825e+00
8.799772329824410377e+00
9.577037836720377229e+00
9.646480167385476534e+00
1.168814786420631080e+01
1.189693661154671922e+01
1.189693661154672633e+01
1.271470617677543657e+01
1.295625932974364325e+01
2.305046608284352061e+01
2.329165293288548000e+01
2.329165293288548355e+01
2.352254975673589499e+01
2.352254975673589499e+01
2.454744000859754394e+01
2.695398346615539253e+01
2.719373949329032669e+01
