1.256850000000000023e+00 0.000000000000000000e+00 0.000000000000000000e+00 0.000000000000000000e+00 1.256850000000000023e+00 0.000000000000000000e+00 0.000000000000000000e+00 0.000000000000000000e+00 1.299730000000000052e+00
6.099359999999999893e+00 0.000000000000000000e+00 -0.000000000000000000e+00 0.000000000000000000e+00 6.099359999999999893e+00 0.000000000000000000e+00 0.000000000000000000e+00 0.000000000000000000e+00 4.823260000000000325e+00
4.125880000000000436e+00 0.000000000000000000e+00 -0.000000000000000000e+00 0.000000000000000000e+00 4.125880000000000436e+00 0.000000000000000000e+00 0.000000000000000000e+00 0.000000000000000000e+00 3.288720000000000088e+00
4.125880000000000436e+00 0.000000000000000000e+00 -0.000000000000000000e+00 0.000000000000000000e+00 4.125880000000000436e+00 0.000000000000000000e+00 0.000000000000000000e+00 0.000000000000000000e+00 3.288720000000000088e+00
-3.253579999999999917e+00 1.455980000000000052e+00 1.312270000000000048e+00 1.455980000000000052e+00 -1.572359999999999980e+00 -7.576399999999999801e-01 9.790200000000000014e-01 -5.652399999999999647e-01 -1.336610000000000076e+00
-3.253579999999999917e+00 1.455980000000000052e+00 1.312270000000000048e+00 1.455980000000000052e+00 -1.572359999999999980e+00 -7.576399999999999801e-01 9.790200000000000014e-01 -5.652399999999999647e-01 -1.336610000000000076e+00
-7.317500000000000115e-01 -0.000000000000000000e+00 0.000000000000000000e+00 -0.000000000000000000e+00 -4.094190000000000218e+00 1.515279999999999960e+00 0.000000000000000000e+00 1.130479999999999929e+00 -1.336610000000000076e+00
-7.317500000000000115e-01 -0.000000000000000000e+00 0.000000000000000000e+00 -0.000000000000000000e+00 -4.094190000000000218e+00 1.515279999999999960e+00 0.000000000000000000e+00 1.130479999999999929e+00 -1.336610000000000076e+00
-3.253579999999999917e+00 -1.455980000000000052e+00 -1.312270000000000048e+00 -1.455980000000000052e+00 -1.572359999999999980e+00 -7.576399999999999801e-01 -9.790200000000000014e-01 -5.652399999999999647e-01 -1.336610000000000076e+00
-3.253579999999999917e+00 -1.455980000000000052e+00 -1.312270000000000048e+00 -1.455980000000000052e+00 -1.572359999999999980e+00 -7.576399999999999801e-01 -9.790200000000000014e-01 -5.652399999999999647e-01 -1.336610000000000076e+00
-5.650699999999999612e-01 -0.000000000000000000e+00 0.000000000000000000e+00 -0.000000000000000000e+00 -5.650699999999999612e-01 0.000000000000000000e+00 0.000000000000000000e+00 0.000000000000000000e+00 -2.340380000000000127e+00
-5.650699999999999612e-01 -0.000000000000000000e+00 0.000000000000000000e+00 -0.000000000000000000e+00 -5.650699999999999612e-01 0.000000000000000000e+00 0.000000000000000000e+00 0.000000000000000000e+00 -2.340380000000000127e+00
