1.218639999999999946e+00 -1.193999999999999923e-02 8.321000000000000618e-02 -6.612999999999999434e-02 1.064130000000000020e+00 1.553700000000000081e-01 1.343499999999999972e-01 -4.599999999999999922e-02 1.345900000000000096e+00
1.134849999999999914e+00 7.534000000000000419e-02 -5.331000000000000322e-02 1.614899999999999947e-01 1.341169999999999973e+00 5.939999999999999968e-03 -1.118799999999999933e-01 -2.599999999999999881e-02 1.232730000000000103e+00
1.321460000000000079e+00 -7.689999999999999614e-02 -2.878000000000000003e-02 -9.227000000000000479e-02 1.147639999999999993e+00 -2.285200000000000009e-01 -2.143000000000000113e-02 -2.387999999999999845e-02 9.212399999999999478e-01
1.321460000000000079e+00 -7.689999999999999614e-02 -2.878000000000000003e-02 -9.227000000000000479e-02 1.147639999999999993e+00 -2.285200000000000009e-01 -2.143000000000000113e-02 -2.387999999999999845e-02 9.212399999999999478e-01
1.218639999999999946e+00 -1.193999999999999923e-02 8.321000000000000618e-02 -6.612999999999999434e-02 1.064130000000000020e+00 1.553700000000000081e-01 1.343499999999999972e-01 -4.599999999999999922e-02 1.345900000000000096e+00
1.134849999999999914e+00 7.534000000000000419e-02 -5.331000000000000322e-02 1.614899999999999947e-01 1.341169999999999973e+00 5.939999999999999968e-03 -1.118799999999999933e-01 -2.599999999999999881e-02 1.232730000000000103e+00
3.009160000000000057e+00 2.789900000000000158e-01 3.305000000000000160e-01 3.533999999999999919e-01 3.219320000000000181e+00 5.797900000000000276e-01 3.955899999999999972e-01 6.311200000000000143e-01 3.463569999999999816e+00
3.009160000000000057e+00 2.789900000000000158e-01 3.305000000000000160e-01 3.533999999999999919e-01 3.219320000000000181e+00 5.797900000000000276e-01 3.955899999999999972e-01 6.311200000000000143e-01 3.463569999999999816e+00
-1.901200000000000001e+00 4.239200000000000190e-01 2.093000000000000138e-01 3.855600000000000138e-01 -1.643590000000000106e+00 -3.020700000000000052e-01 2.180600000000000038e-01 -3.565200000000000036e-01 -1.538429999999999964e+00
-1.901200000000000001e+00 4.239200000000000190e-01 2.093000000000000138e-01 3.855600000000000138e-01 -1.643590000000000106e+00 -3.020700000000000052e-01 2.180600000000000038e-01 -3.565200000000000036e-01 -1.538429999999999964e+00
-1.445589999999999931e+00 1.391400000000000137e-01 -2.214200000000000057e-01 7.241999999999999826e-02 -1.812079999999999913e+00 2.570999999999999952e-01 -3.039899999999999824e-01 4.410000000000000031e-01 -1.917089999999999961e+00
-1.445589999999999931e+00 1.391400000000000137e-01 -2.214200000000000057e-01 7.241999999999999826e-02 -1.812079999999999913e+00 2.570999999999999952e-01 -3.039899999999999824e-01 4.410000000000000031e-01 -1.917089999999999961e+00
-1.883529999999999927e+00 -5.298500000000000432e-01 -1.627899999999999903e-01 -4.577300000000000257e-01 -1.882409999999999917e+00 -1.576599999999999946e-01 -1.113999999999999990e-01 -1.548100000000000032e-01 -1.456199999999999939e+00
-1.883529999999999927e+00 -5.298500000000000432e-01 -1.627899999999999903e-01 -4.577300000000000257e-01 -1.882409999999999917e+00 -1.576599999999999946e-01 -1.113999999999999990e-01 -1.548100000000000032e-01 -1.456199999999999939e+00
-1.453780000000000072e+00 -2.987000000000000210e-01 -1.567300000000000082e-01 -3.567500000000000115e-01 -1.434180000000000010e+00 -3.099399999999999933e-01 -1.993000000000000049e-01 -4.649199999999999999e-01 -2.051719999999999988e+00
-1.453780000000000072e+00 -2.987000000000000210e-01 -1.567300000000000082e-01 -3.567500000000000115e-01 -1.434180000000000010e+00 -3.099399999999999933e-01 -1.993000000000000049e-01 -4.649199999999999999e-01 -2.051719999999999988e+00
