-1.496885910706050593e-01
-1.087263854419583953e-01
-2.541492354763380881e-02
2.024603986565397307e+00
2.366627168319172192e+00
2.793797461444265995e+00
2.982219965804739026e+00
3.229579798957702419e+00
3.363012332702471685e+00
3.381176327153454064e+00
3.462193985406007979e+00
3.701457827710119552e+00
4.438959971975073415e+00
4.471868806044492217e+00
4.942957389985020988e+00
4.989541498518996754e+00
4.997794710580341970e+00
5.168222339691604716e+00
5.397032958967395544e+00
5.878594148744880954e+00
6.070409952509811191e+00
6.505147663647810496e+00
6.769174700165272895e+00
6.784910996853637855e+00
7.135049586519813580e+00
7.233849642170486760e+00
7.628175132615360177e+00
7.654123688980392082e+00
7.817977715803164251e+00
8.070879906745133781e+00
8.076399201904663983e+00
9.195102399795109349e+00
9.872407965112774519e+00
9.902848237653708807e+00
1.040537463133940221e+01
1.050754585789195161e+01
1.150144212282419254e+01
1.162355726447902882e+01
1.190237737563878362e+01
1.279741957599841307e+01
1.281598541707364269e+01
1.299878938030121667e+01
1.399755751212223664e+01
1.438627132828977828e+01
1.442761388113957288e+01
1.477780940831781997e+01
1.516042495825335301e+01
1.542860236624278514e+01
2.126350823390716727e+01
2.135623226918808015e+01
2.188348095484792921e+01
2.240266608745876908e+01
2.248051042129700861e+01
2.296042131838768796e+01
2.377299695166963289e+01
2.426186726617590850e+01
2.484882485639019123e+01
2.529095537191209431e+01
2.561851005295767791e+01
2.569486008633829144e+01
