-2.328433765379584949e-02
-1.805081365156124135e-02
-1.508970774441422899e-02
9.695952119162613014e-01
1.091029164512423044e+00
1.093876497656016467e+00
1.117495726641706488e+00
1.728446532100773370e+00
1.868484611749264390e+00
2.057685974281945551e+00
2.157930497122731328e+00
2.236161453249043696e+00
2.357927002512925529e+00
2.469907338684914411e+00
2.857567300296883772e+00
2.956069455076289376e+00
3.094518314128837932e+00
3.134870376632099109e+00
3.285984268736081848e+00
3.401335254762454685e+00
3.516469373719765201e+00
3.987457618878514243e+00
4.286739983206914850e+00
4.765039754450662635e+00
4.942706311599673441e+00
4.964781783036624319e+00
5.331752804014397995e+00
5.359233383255714855e+00
5.863294309510149738e+00
5.878879492160817399e+00
6.135205190175900825e+00
6.153553418199861014e+00
7.005506205597068714e+00
7.483706791815122550e+00
7.666847110465045745e+00
7.691091618421865839e+00
8.028041795873418707e+00
8.078434838470798240e+00
8.081457830948327370e+00
8.216080607898689436e+00
8.535178656144447373e+00
8.910921415267862855e+00
1.028916308010144220e+01
1.044913016462227162e+01
1.046669349275707184e+01
1.139651908358323951e+01
1.178736363059909920e+01
1.235282899489047992e+01
1.260035320457672192e+01
1.263802623123645397e+01
1.381554601873274457e+01
1.444721935307667415e+01
1.445662090172767655e+01
1.460986245923701432e+01
1.577978499207747554e+01
1.596421014951392969e+01
1.691345162383844070e+01
1.694695407327498771e+01
1.938829933424802121e+01
1.951476671424912723e+01
2.020643079173321155e+01
2.027371693967863564e+01
2.047810811182446855e+01
2.169516561433579938e+01
2.175893943102735406e+01
2.176742882905204723e+01
2.188588527543235074e+01
2.197730229893394238e+01
2.541980202982262682e+01
2.547568029955012037e+01
2.559316361989393229e+01
2.588616420766807735e+01
