-5.855688502088780834e-02
-2.744477362707066492e-02
-2.744466320978384069e-02
2.332415822435808916e+00
2.337450177982744126e+00
2.337450179550537577e+00
2.617360184921097233e+00
2.732690723603155014e+00
2.902209153838468225e+00
2.902209156037239168e+00
2.932766541283041484e+00
3.017033922496727971e+00
3.017033924894970465e+00
3.350690676066178320e+00
3.350690679125062577e+00
3.678382662397609248e+00
3.678382664934726876e+00
3.763130331388031991e+00
4.231468715434274053e+00
4.232599620314656974e+00
4.232599621453168481e+00
4.422571176773069546e+00
4.490277162868606453e+00
4.528889475869300796e+00
4.528889477003177788e+00
5.112430564907159969e+00
5.112430565874751309e+00
5.261350487361072581e+00
5.261350487942797471e+00
5.451983662032655609e+00
5.721571119472497635e+00
5.721571119530858951e+00
6.000815258644122352e+00
6.047946173789483737e+00
6.047946174455645085e+00
7.371231362307320900e+00
7.436266786520315364e+00
7.436266787022338676e+00
7.553996058534261593e+00
7.857882257471207055e+00
8.006471780115681725e+00
8.006471780728604770e+00
8.336979493364085059e+00
8.336979493899105975e+00
9.501002259981333964e+00
1.006609085121703728e+01
1.006609085163976225e+01
1.079749588903614210e+01
1.085306509243734574e+01
1.085306509324543356e+01
1.106777419595163892e+01
1.143755321722998275e+01
1.143755321760609078e+01
1.208441457153708321e+01
1.334015078632983275e+01
1.334015078635602158e+01
1.369922464528091233e+01
1.478956760113357127e+01
1.478956760116599156e+01
1.493765456838352890e+01
1.518369760548206493e+01
1.518369760603706986e+01
1.610980414071239863e+01
1.610980414081020129e+01
2.094036190783165097e+01
2.096309693586157152e+01
