-2.730896812571351542e-02
-1.980719614910048457e-02
-1.558543313044132364e-02
2.291424706785953003e+00
2.390556644200883873e+00
3.388720635296360584e+00
3.449680476040982491e+00
3.457364584118846729e+00
3.697807742009537435e+00
3.816541048174123762e+00
4.038777954321076002e+00
4.374703757253388225e+00
4.650095985548324151e+00
4.744111516175896881e+00
5.162289104634350423e+00
5.357619312797809563e+00
5.376967052324914675e+00
5.511024132422750910e+00
5.659780147442255327e+00
5.899615882104399134e+00
6.122272277228518966e+00
6.226259510898444205e+00
6.600057455163618414e+00
6.765126086829952534e+00
6.818166189341871686e+00
7.335607225135860610e+00
7.539795430270051391e+00
7.672621540785449668e+00
8.056153251705787000e+00
8.476297389321972631e+00
8.569204732276707759e+00
8.636059344383294700e+00
8.796171893515937867e+00
8.864539434975766241e+00
8.904823889058549824e+00
9.544228533923924118e+00
9.598586306940934065e+00
1.044652175941266137e+01
1.083233349270697055e+01
1.122212581966923572e+01
1.192340247581175028e+01
1.239682114678852720e+01
1.263108723470710792e+01
1.315193656796740029e+01
1.375034412692947328e+01
1.377039110058064963e+01
1.435614809231909739e+01
1.451682420414612906e+01
1.468218843193796808e+01
1.468752351885951057e+01
1.522222371516653183e+01
1.556829114536449765e+01
1.601209191883602756e+01
1.616404245175177579e+01
1.625238632719828047e+01
1.738780455046909168e+01
1.746465452784924821e+01
1.824960970906829871e+01
1.847904019721119440e+01
1.856012552731612786e+01
1.886475674885193143e+01
1.914377840725696345e+01
1.947573899508644502e+01
1.980316344154319097e+01
2.066831757064238673e+01
2.081384124368494426e+01
2.092351520020655542e+01
2.158399511279683836e+01
2.175421491024662757e+01
2.186764857291300146e+01
2.247747522248560159e+01
2.271757206550449126e+01
