-1.326762932227823766e-01
-9.157592420535988487e-02
-4.910365536917726814e-02
1.406395366853989470e+00
1.590549867005579987e+00
1.755854553446596134e+00
2.019707266719970473e+00
2.132402684120075609e+00
2.497568746732323763e+00
2.598234479841301958e+00
2.769255123728976642e+00
3.131769515202014187e+00
3.137021695694119483e+00
3.178437492145074206e+00
3.418932299312178014e+00
3.464163568848814823e+00
3.475334065581728193e+00
3.559334146674995036e+00
3.837305306457714948e+00
3.900725906577540147e+00
4.090841561390263337e+00
4.227571725877584896e+00
4.255518409279734016e+00
4.302101266173765204e+00
4.910677504526596238e+00
4.913902869663911765e+00
4.927119347527911586e+00
4.938362188729064961e+00
4.996113808285786995e+00
5.423799684184710479e+00
5.429759283287623362e+00
5.458974414146333665e+00
5.522066485172661743e+00
5.786278474405512462e+00
5.874758714345327704e+00
6.025605353803020314e+00
6.073878936323049871e+00
6.281331337699342043e+00
6.368576263181086716e+00
6.373209429198496423e+00
6.516601312264547197e+00
6.665140885757613987e+00
6.795748266671221671e+00
7.050561741540265714e+00
7.076425843947350636e+00
7.173714334878410703e+00
7.238821974304633144e+00
7.260896152382700919e+00
7.513409804921430180e+00
7.534951895249522913e+00
7.744265304134910544e+00
7.852796153038521076e+00
7.977965242921674971e+00
8.108248950144211875e+00
8.160822578469341337e+00
8.269099494278735918e+00
8.276895161312072702e+00
8.620388955522919616e+00
8.725642880062389750e+00
8.914255774807598343e+00
9.010971779569512563e+00
9.021720667546498262e+00
9.253336398576550437e+00
9.328816666444526007e+00
9.512982637282496157e+00
9.747291435994622333e+00
9.803123728228129607e+00
9.936361348226419921e+00
1.019679737584995749e+01
1.025428477675082028e+01
1.072262004056207374e+01
1.116446850925615308e+01
1.736744677028623229e+01
1.745789686720595668e+01
1.820257797115805332e+01
1.820634532801355832e+01
1.863215038212434749e+01
1.869956319234795217e+01
1.870882666948140027e+01
1.894116891967398431e+01
1.982691729914012058e+01
1.985812379767256175e+01
2.141524825412147592e+01
2.141740579971904523e+01
