-5.394672547986578692e-01
-5.311021841416207340e-02
-4.424534947313672056e-02
-3.583510527401866097e-02
2.138865598863098239e+00
2.759660105882606462e+00
3.121414728933020299e+00
4.785561994165366428e+00
5.147348773883503092e+00
6.056933762226560880e+00
6.501475578666737754e+00
7.545333007893024302e+00
8.300124011121761569e+00
9.316695996972317317e+00
1.110543871263085158e+01
1.462774521243790282e+01
1.522796217489392134e+01
1.607600027992037539e+01
1.640353507631815333e+01
2.039872765640053487e+01
2.558443329448592607e+01
