2.605370000000000186e+00 -0.000000000000000000e+00 -1.620399999999999896e-01 0.000000000000000000e+00 2.519219999999999793e+00 0.000000000000000000e+00 -1.462400000000000089e-01 0.000000000000000000e+00 2.771020000000000039e+00
2.605370000000000186e+00 0.000000000000000000e+00 1.620399999999999896e-01 0.000000000000000000e+00 2.519219999999999793e+00 0.000000000000000000e+00 1.462400000000000089e-01 0.000000000000000000e+00 2.771020000000000039e+00
2.605370000000000186e+00 -0.000000000000000000e+00 -1.620399999999999896e-01 0.000000000000000000e+00 2.519219999999999793e+00 0.000000000000000000e+00 -1.462400000000000089e-01 0.000000000000000000e+00 2.771020000000000039e+00
2.605370000000000186e+00 0.000000000000000000e+00 1.620399999999999896e-01 0.000000000000000000e+00 2.519219999999999793e+00 0.000000000000000000e+00 1.462400000000000089e-01 0.000000000000000000e+00 2.771020000000000039e+00
5.527359999999999829e+00 1.344599999999999962e-01 -1.198199999999999960e-01 1.880499999999999949e-01 5.611749999999999794e+00 2.481899999999999940e-01 2.273399999999999865e-01 -5.107699999999999463e-01 5.629940000000000389e+00
5.527359999999999829e+00 -1.344599999999999962e-01 1.198199999999999960e-01 -1.880499999999999949e-01 5.611749999999999794e+00 2.481899999999999940e-01 -2.273399999999999865e-01 -5.107699999999999463e-01 5.629940000000000389e+00
5.527359999999999829e+00 -1.344599999999999962e-01 -1.198199999999999960e-01 -1.880499999999999949e-01 5.611749999999999794e+00 -2.481899999999999940e-01 2.273399999999999865e-01 5.107699999999999463e-01 5.629940000000000389e+00
5.527359999999999829e+00 1.344599999999999962e-01 1.198199999999999960e-01 1.880499999999999949e-01 5.611749999999999794e+00 -2.481899999999999940e-01 -2.273399999999999865e-01 5.107699999999999463e-01 5.629940000000000389e+00
-1.647790000000000088e+00 -0.000000000000000000e+00 8.326999999999999680e-02 0.000000000000000000e+00 -4.593899999999999650e+00 0.000000000000000000e+00 6.140999999999999931e-02 0.000000000000000000e+00 -1.988639999999999963e+00
-1.647790000000000088e+00 0.000000000000000000e+00 -8.326999999999999680e-02 0.000000000000000000e+00 -4.593899999999999650e+00 0.000000000000000000e+00 -6.140999999999999931e-02 0.000000000000000000e+00 -1.988639999999999963e+00
-1.647790000000000088e+00 -0.000000000000000000e+00 8.326999999999999680e-02 0.000000000000000000e+00 -4.593899999999999650e+00 0.000000000000000000e+00 6.140999999999999931e-02 0.000000000000000000e+00 -1.988639999999999963e+00
-1.647790000000000088e+00 0.000000000000000000e+00 -8.326999999999999680e-02 0.000000000000000000e+00 -4.593899999999999650e+00 0.000000000000000000e+00 -6.140999999999999931e-02 0.000000000000000000e+00 -1.988639999999999963e+00
-3.242469999999999963e+00 9.382000000000000062e-02 1.434050000000000047e+00 9.911999999999999977e-02 -1.768540000000000001e+00 2.821999999999999856e-02 1.406420000000000003e+00 1.276000000000000051e-02 -3.206160000000000121e+00
-3.242469999999999963e+00 -9.382000000000000062e-02 -1.434050000000000047e+00 -9.911999999999999977e-02 -1.768540000000000001e+00 2.821999999999999856e-02 -1.406420000000000003e+00 1.276000000000000051e-02 -3.206160000000000121e+00
-3.242469999999999963e+00 -9.382000000000000062e-02 1.434050000000000047e+00 -9.911999999999999977e-02 -1.768540000000000001e+00 -2.821999999999999856e-02 1.406420000000000003e+00 -1.276000000000000051e-02 -3.206160000000000121e+00
-3.242469999999999963e+00 9.382000000000000062e-02 -1.434050000000000047e+00 9.911999999999999977e-02 -1.768540000000000001e+00 -2.821999999999999856e-02 -1.406420000000000003e+00 -1.276000000000000051e-02 -3.206160000000000121e+00
-3.242469999999999963e+00 9.382000000000000062e-02 1.434050000000000047e+00 9.911999999999999977e-02 -1.768540000000000001e+00 2.821999999999999856e-02 1.406420000000000003e+00 1.276000000000000051e-02 -3.206160000000000121e+00
-3.242469999999999963e+00 -9.382000000000000062e-02 -1.434050000000000047e+00 -9.911999999999999977e-02 -1.768540000000000001e+00 2.821999999999999856e-02 -1.406420000000000003e+00 1.276000000000000051e-02 -3.206160000000000121e+00
-3.242469999999999963e+00 -9.382000000000000062e-02 1.434050000000000047e+00 -9.911999999999999977e-02 -1.768540000000000001e+00 -2.821999999999999856e-02 1.406420000000000003e+00 -1.276000000000000051e-02 -3.206160000000000121e+00
-3.242469999999999963e+00 9.382000000000000062e-02 -1.434050000000000047e+00 9.911999999999999977e-02 -1.768540000000000001e+00 -2.821999999999999856e-02 -1.406420000000000003e+00 -1.276000000000000051e-02 -3.206160000000000121e+00
