1.331129999999999924e+00 0.000000000000000000e+00 1.102500000000000008e-01 0.000000000000000000e+00 1.652830000000000021e+00 -0.000000000000000000e+00 1.258100000000000052e-01 -0.000000000000000000e+00 1.336400000000000032e+00
1.331129999999999924e+00 0.000000000000000000e+00 1.102500000000000008e-01 0.000000000000000000e+00 1.652830000000000021e+00 -0.000000000000000000e+00 1.258100000000000052e-01 -0.000000000000000000e+00 1.336400000000000032e+00
4.554540000000000255e+00 0.000000000000000000e+00 -2.325800000000000090e-01 0.000000000000000000e+00 5.639540000000000219e+00 -0.000000000000000000e+00 -1.198300000000000060e-01 -0.000000000000000000e+00 4.332679999999999865e+00
4.554540000000000255e+00 0.000000000000000000e+00 -2.325800000000000090e-01 0.000000000000000000e+00 5.639540000000000219e+00 -0.000000000000000000e+00 -1.198300000000000060e-01 -0.000000000000000000e+00 4.332679999999999865e+00
6.487840000000000273e+00 -4.551899999999999835e-01 -4.655799999999999939e-01 3.817499999999999782e-01 4.981659999999999755e+00 -4.386200000000000099e-01 -5.029200000000000337e-01 -3.812999999999999723e-02 6.413619999999999877e+00
6.487840000000000273e+00 -4.551899999999999835e-01 -4.655799999999999939e-01 3.817499999999999782e-01 4.981659999999999755e+00 -4.386200000000000099e-01 -5.029200000000000337e-01 -3.812999999999999723e-02 6.413619999999999877e+00
6.487840000000000273e+00 4.551899999999999835e-01 -4.655799999999999939e-01 -3.817499999999999782e-01 4.981659999999999755e+00 4.386200000000000099e-01 -5.029200000000000337e-01 3.812999999999999723e-02 6.413619999999999877e+00
6.487840000000000273e+00 4.551899999999999835e-01 -4.655799999999999939e-01 -3.817499999999999782e-01 4.981659999999999755e+00 4.386200000000000099e-01 -5.029200000000000337e-01 3.812999999999999723e-02 6.413619999999999877e+00
-2.569760000000000044e+00 5.180099999999999705e-01 1.772370000000000001e+00 2.814499999999999780e-01 -1.184409999999999963e+00 -2.777499999999999969e-01 1.691990000000000105e+00 -5.634000000000000119e-01 -2.943940000000000001e+00
-2.569760000000000044e+00 5.180099999999999705e-01 1.772370000000000001e+00 2.814499999999999780e-01 -1.184409999999999963e+00 -2.777499999999999969e-01 1.691990000000000105e+00 -5.634000000000000119e-01 -2.943940000000000001e+00
-2.569760000000000044e+00 -5.180099999999999705e-01 1.772370000000000001e+00 -2.814499999999999780e-01 -1.184409999999999963e+00 2.777499999999999969e-01 1.691990000000000105e+00 5.634000000000000119e-01 -2.943940000000000001e+00
-2.569760000000000044e+00 -5.180099999999999705e-01 1.772370000000000001e+00 -2.814499999999999780e-01 -1.184409999999999963e+00 2.777499999999999969e-01 1.691990000000000105e+00 5.634000000000000119e-01 -2.943940000000000001e+00
-1.384139999999999926e+00 -4.757100000000000217e-01 -2.395400000000000029e-01 -1.173099999999999976e-01 -2.989879999999999871e+00 -1.214749999999999996e+00 -2.292599999999999916e-01 -1.389950000000000019e+00 -2.166049999999999809e+00
-1.384139999999999926e+00 -4.757100000000000217e-01 -2.395400000000000029e-01 -1.173099999999999976e-01 -2.989879999999999871e+00 -1.214749999999999996e+00 -2.292599999999999916e-01 -1.389950000000000019e+00 -2.166049999999999809e+00
-1.384139999999999926e+00 4.757100000000000217e-01 -2.395400000000000029e-01 1.173099999999999976e-01 -2.989879999999999871e+00 1.214749999999999996e+00 -2.292599999999999916e-01 1.389950000000000019e+00 -2.166049999999999809e+00
-1.384139999999999926e+00 4.757100000000000217e-01 -2.395400000000000029e-01 1.173099999999999976e-01 -2.989879999999999871e+00 1.214749999999999996e+00 -2.292599999999999916e-01 1.389950000000000019e+00 -2.166049999999999809e+00
-2.075540000000000163e+00 -2.676200000000000245e-01 -7.538000000000000256e-01 -4.024099999999999899e-01 -2.512919999999999821e+00 6.937200000000000033e-01 -5.987400000000000500e-01 6.459700000000000442e-01 -2.856829999999999981e+00
-2.075540000000000163e+00 -2.676200000000000245e-01 -7.538000000000000256e-01 -4.024099999999999899e-01 -2.512919999999999821e+00 6.937200000000000033e-01 -5.987400000000000500e-01 6.459700000000000442e-01 -2.856829999999999981e+00
-2.075540000000000163e+00 2.676200000000000245e-01 -7.538000000000000256e-01 4.024099999999999899e-01 -2.512919999999999821e+00 -6.937200000000000033e-01 -5.987400000000000500e-01 -6.459700000000000442e-01 -2.856829999999999981e+00
-2.075540000000000163e+00 2.676200000000000245e-01 -7.538000000000000256e-01 4.024099999999999899e-01 -2.512919999999999821e+00 -6.937200000000000033e-01 -5.987400000000000500e-01 -6.459700000000000442e-01 -2.856829999999999981e+00
-3.401229999999999976e+00 -1.593579999999999997e+00 -2.522900000000000142e-01 -1.445619999999999905e+00 -1.940639999999999921e+00 -2.978000000000000091e-01 -3.640599999999999947e-01 -5.000599999999999490e-01 -1.281330000000000080e+00
-3.401229999999999976e+00 -1.593579999999999997e+00 -2.522900000000000142e-01 -1.445619999999999905e+00 -1.940639999999999921e+00 -2.978000000000000091e-01 -3.640599999999999947e-01 -5.000599999999999490e-01 -1.281330000000000080e+00
-3.401229999999999976e+00 1.593579999999999997e+00 -2.522900000000000142e-01 1.445619999999999905e+00 -1.940639999999999921e+00 2.978000000000000091e-01 -3.640599999999999947e-01 5.000599999999999490e-01 -1.281330000000000080e+00
-3.401229999999999976e+00 1.593579999999999997e+00 -2.522900000000000142e-01 1.445619999999999905e+00 -1.940639999999999921e+00 2.978000000000000091e-01 -3.640599999999999947e-01 5.000599999999999490e-01 -1.281330000000000080e+00
