1.333229999999999915e+00 4.049999999999999781e-03 3.820000000000000045e-03 3.690000000000000138e-03 1.197210000000000107e+00 5.097999999999999754e-02 1.910000000000000022e-03 5.126000000000000001e-02 1.212509999999999977e+00
1.333229999999999915e+00 4.049999999999999781e-03 -3.820000000000000045e-03 3.690000000000000138e-03 1.197210000000000107e+00 -5.097999999999999754e-02 -1.910000000000000022e-03 -5.126000000000000001e-02 1.212509999999999977e+00
1.333229999999999915e+00 -4.049999999999999781e-03 -3.820000000000000045e-03 -3.690000000000000138e-03 1.197210000000000107e+00 5.097999999999999754e-02 -1.910000000000000022e-03 5.126000000000000001e-02 1.212509999999999977e+00
1.333229999999999915e+00 -4.049999999999999781e-03 3.820000000000000045e-03 -3.690000000000000138e-03 1.197210000000000107e+00 -5.097999999999999754e-02 1.910000000000000022e-03 -5.126000000000000001e-02 1.212509999999999977e+00
2.525570000000000093e+00 -2.407999999999999863e-01 -6.047999999999999904e-02 -4.744000000000000300e-02 2.630329999999999835e+00 1.531000000000000139e-01 -1.145999999999999970e-02 -8.785999999999999366e-02 2.674389999999999823e+00
2.525570000000000093e+00 -2.407999999999999863e-01 6.047999999999999904e-02 -4.744000000000000300e-02 2.630329999999999835e+00 -1.531000000000000139e-01 1.145999999999999970e-02 8.785999999999999366e-02 2.674389999999999823e+00
2.525570000000000093e+00 2.407999999999999863e-01 6.047999999999999904e-02 4.744000000000000300e-02 2.630329999999999835e+00 1.531000000000000139e-01 1.145999999999999970e-02 -8.785999999999999366e-02 2.674389999999999823e+00
2.525570000000000093e+00 2.407999999999999863e-01 -6.047999999999999904e-02 4.744000000000000300e-02 2.630329999999999835e+00 -1.531000000000000139e-01 -1.145999999999999970e-02 8.785999999999999366e-02 2.674389999999999823e+00
2.896720000000000184e+00 -2.668800000000000061e-01 7.587000000000000688e-02 -6.772000000000000242e-02 2.983729999999999993e+00 -1.390299999999999869e-01 1.742000000000000146e-02 4.707999999999999685e-02 3.021110000000000184e+00
2.896720000000000184e+00 -2.668800000000000061e-01 -7.587000000000000688e-02 -6.772000000000000242e-02 2.983729999999999993e+00 1.390299999999999869e-01 -1.742000000000000146e-02 -4.707999999999999685e-02 3.021110000000000184e+00
2.896720000000000184e+00 2.668800000000000061e-01 -7.587000000000000688e-02 6.772000000000000242e-02 2.983729999999999993e+00 -1.390299999999999869e-01 -1.742000000000000146e-02 4.707999999999999685e-02 3.021110000000000184e+00
2.896720000000000184e+00 2.668800000000000061e-01 7.587000000000000688e-02 6.772000000000000242e-02 2.983729999999999993e+00 1.390299999999999869e-01 1.742000000000000146e-02 -4.707999999999999685e-02 3.021110000000000184e+00
-1.392309999999999937e+00 6.653900000000000370e-01 -3.837999999999999745e-02 4.821300000000000030e-01 -2.477819999999999911e+00 7.638000000000000345e-02 -3.894999999999999851e-02 9.156999999999999862e-02 -1.312259999999999982e+00
-1.392309999999999937e+00 6.653900000000000370e-01 3.837999999999999745e-02 4.821300000000000030e-01 -2.477819999999999911e+00 -7.638000000000000345e-02 3.894999999999999851e-02 -9.156999999999999862e-02 -1.312259999999999982e+00
-1.392309999999999937e+00 -6.653900000000000370e-01 3.837999999999999745e-02 -4.821300000000000030e-01 -2.477819999999999911e+00 7.638000000000000345e-02 3.894999999999999851e-02 9.156999999999999862e-02 -1.312259999999999982e+00
-1.392309999999999937e+00 -6.653900000000000370e-01 -3.837999999999999745e-02 -4.821300000000000030e-01 -2.477819999999999911e+00 -7.638000000000000345e-02 -3.894999999999999851e-02 -9.156999999999999862e-02 -1.312259999999999982e+00
-1.355650000000000022e+00 -1.514999999999999958e-01 -5.069999999999999854e-03 -1.486999999999999988e-01 -1.631159999999999943e+00 -5.068500000000000227e-01 -6.689999999999999766e-03 -4.869499999999999940e-01 -2.076519999999999921e+00
-1.355650000000000022e+00 -1.514999999999999958e-01 5.069999999999999854e-03 -1.486999999999999988e-01 -1.631159999999999943e+00 5.068500000000000227e-01 6.689999999999999766e-03 4.869499999999999940e-01 -2.076519999999999921e+00
-1.355650000000000022e+00 1.514999999999999958e-01 5.069999999999999854e-03 1.486999999999999988e-01 -1.631159999999999943e+00 -5.068500000000000227e-01 6.689999999999999766e-03 -4.869499999999999940e-01 -2.076519999999999921e+00
-1.355650000000000022e+00 1.514999999999999958e-01 -5.069999999999999854e-03 1.486999999999999988e-01 -1.631159999999999943e+00 5.068500000000000227e-01 -6.689999999999999766e-03 4.869499999999999940e-01 -2.076519999999999921e+00
-1.354940000000000033e+00 8.336999999999999966e-02 1.257199999999999984e-01 6.178000000000000158e-02 -1.502429999999999932e+00 4.308699999999999752e-01 1.485400000000000054e-01 4.298299999999999899e-01 -2.209000000000000075e+00
-1.354940000000000033e+00 8.336999999999999966e-02 -1.257199999999999984e-01 6.178000000000000158e-02 -1.502429999999999932e+00 -4.308699999999999752e-01 -1.485400000000000054e-01 -4.298299999999999899e-01 -2.209000000000000075e+00
-1.354940000000000033e+00 -8.336999999999999966e-02 -1.257199999999999984e-01 -6.178000000000000158e-02 -1.502429999999999932e+00 4.308699999999999752e-01 -1.485400000000000054e-01 4.298299999999999899e-01 -2.209000000000000075e+00
-1.354940000000000033e+00 -8.336999999999999966e-02 1.257199999999999984e-01 -6.178000000000000158e-02 -1.502429999999999932e+00 -4.308699999999999752e-01 1.485400000000000054e-01 -4.298299999999999899e-01 -2.209000000000000075e+00
-2.652629999999999821e+00 -8.200000000000000691e-03 -3.160000000000000048e-03 -8.559999999999999901e-03 -1.199850000000000083e+00 -3.495000000000000190e-02 -1.899999999999999996e-03 -4.899999999999999842e-03 -1.310240000000000071e+00
-2.652629999999999821e+00 -8.200000000000000691e-03 3.160000000000000048e-03 -8.559999999999999901e-03 -1.199850000000000083e+00 3.495000000000000190e-02 1.899999999999999996e-03 4.899999999999999842e-03 -1.310240000000000071e+00
-2.652629999999999821e+00 8.200000000000000691e-03 3.160000000000000048e-03 8.559999999999999901e-03 -1.199850000000000083e+00 -3.495000000000000190e-02 1.899999999999999996e-03 -4.899999999999999842e-03 -1.310240000000000071e+00
-2.652629999999999821e+00 8.200000000000000691e-03 -3.160000000000000048e-03 8.559999999999999901e-03 -1.199850000000000083e+00 3.495000000000000190e-02 -1.899999999999999996e-03 4.899999999999999842e-03 -1.310240000000000071e+00
