2.536350000000000104e+00 1.401999999999999913e-01 8.988999999999999768e-02 1.699900000000000022e-01 2.467989999999999906e+00 6.793000000000000427e-02 -4.837999999999999939e-02 1.376199999999999923e-01 2.433969999999999967e+00
2.536350000000000104e+00 -1.401999999999999913e-01 8.988999999999999768e-02 -1.699900000000000022e-01 2.467989999999999906e+00 -6.793000000000000427e-02 -4.837999999999999939e-02 -1.376199999999999923e-01 2.433969999999999967e+00
2.536350000000000104e+00 -1.401999999999999913e-01 8.988999999999999768e-02 -1.699900000000000022e-01 2.467989999999999906e+00 -6.793000000000000427e-02 -4.837999999999999939e-02 -1.376199999999999923e-01 2.433969999999999967e+00
2.536350000000000104e+00 1.401999999999999913e-01 8.988999999999999768e-02 1.699900000000000022e-01 2.467989999999999906e+00 6.793000000000000427e-02 -4.837999999999999939e-02 1.376199999999999923e-01 2.433969999999999967e+00
6.643860000000000099e+00 -3.283200000000000007e-01 4.400399999999999867e-01 1.103699999999999959e-01 6.621839999999999726e+00 1.040399999999999936e-01 -2.485400000000000109e-01 1.374900000000000011e-01 6.638279999999999959e+00
6.643860000000000099e+00 3.283200000000000007e-01 4.400399999999999867e-01 -1.103699999999999959e-01 6.621839999999999726e+00 -1.040399999999999936e-01 -2.485400000000000109e-01 -1.374900000000000011e-01 6.638279999999999959e+00
4.238100000000000200e+00 -3.249099999999999766e-01 -4.952599999999999780e-01 2.858700000000000130e-01 4.338029999999999831e+00 -3.907000000000000056e-02 4.215400000000000258e-01 -1.367500000000000104e-01 4.289390000000000036e+00
4.238100000000000200e+00 3.249099999999999766e-01 -4.952599999999999780e-01 -2.858700000000000130e-01 4.338029999999999831e+00 3.907000000000000056e-02 4.215400000000000258e-01 1.367500000000000104e-01 4.289390000000000036e+00
-2.009469999999999867e+00 -1.437000000000000083e-02 4.008200000000000096e-01 -1.105199999999999932e-01 -1.792799999999999949e+00 -1.496899999999999897e-01 4.558699999999999974e-01 -1.771999999999999964e-01 -4.149510000000000254e+00
-2.009469999999999867e+00 1.437000000000000083e-02 4.008200000000000096e-01 1.105199999999999932e-01 -1.792799999999999949e+00 1.496899999999999897e-01 4.558699999999999974e-01 1.771999999999999964e-01 -4.149510000000000254e+00
-2.009469999999999867e+00 -1.437000000000000083e-02 4.008200000000000096e-01 -1.105199999999999932e-01 -1.792799999999999949e+00 -1.496899999999999897e-01 4.558699999999999974e-01 -1.771999999999999964e-01 -4.149510000000000254e+00
-2.009469999999999867e+00 1.437000000000000083e-02 4.008200000000000096e-01 1.105199999999999932e-01 -1.792799999999999949e+00 1.496899999999999897e-01 4.558699999999999974e-01 1.771999999999999964e-01 -4.149510000000000254e+00
-3.276299999999999990e+00 1.102049999999999974e+00 -2.182800000000000018e-01 1.140679999999999916e+00 -2.766950000000000021e+00 1.925199999999999967e-01 -2.419000000000000039e-01 1.023799999999999988e-01 -1.867930000000000090e+00
-3.276299999999999990e+00 -1.102049999999999974e+00 -2.182800000000000018e-01 -1.140679999999999916e+00 -2.766950000000000021e+00 -1.925199999999999967e-01 -2.419000000000000039e-01 -1.023799999999999988e-01 -1.867930000000000090e+00
-3.276299999999999990e+00 1.102049999999999974e+00 -2.182800000000000018e-01 1.140679999999999916e+00 -2.766950000000000021e+00 1.925199999999999967e-01 -2.419000000000000039e-01 1.023799999999999988e-01 -1.867930000000000090e+00
-3.276299999999999990e+00 -1.102049999999999974e+00 -2.182800000000000018e-01 -1.140679999999999916e+00 -2.766950000000000021e+00 -1.925199999999999967e-01 -2.419000000000000039e-01 -1.023799999999999988e-01 -1.867930000000000090e+00
-2.691559999999999953e+00 1.136470000000000091e+00 -2.448200000000000098e-01 1.134279999999999955e+00 -3.388170000000000126e+00 3.621900000000000119e-01 -2.520899999999999808e-01 3.029399999999999871e-01 -1.880370000000000097e+00
-2.691559999999999953e+00 -1.136470000000000091e+00 -2.448200000000000098e-01 -1.134279999999999955e+00 -3.388170000000000126e+00 -3.621900000000000119e-01 -2.520899999999999808e-01 -3.029399999999999871e-01 -1.880370000000000097e+00
-2.691559999999999953e+00 1.136470000000000091e+00 -2.448200000000000098e-01 1.134279999999999955e+00 -3.388170000000000126e+00 3.621900000000000119e-01 -2.520899999999999808e-01 3.029399999999999871e-01 -1.880370000000000097e+00
-2.691559999999999953e+00 -1.136470000000000091e+00 -2.448200000000000098e-01 -1.134279999999999955e+00 -3.388170000000000126e+00 -3.621900000000000119e-01 -2.520899999999999808e-01 -3.029399999999999871e-01 -1.880370000000000097e+00
