2.374639999999999862e+00 0.000000000000000000e+00 -0.000000000000000000e+00 0.000000000000000000e+00 2.374639999999999862e+00 0.000000000000000000e+00 -0.000000000000000000e+00 -0.000000000000000000e+00 2.374639999999999862e+00
2.374639999999999862e+00 0.000000000000000000e+00 -0.000000000000000000e+00 0.000000000000000000e+00 2.374639999999999862e+00 0.000000000000000000e+00 -0.000000000000000000e+00 -0.000000000000000000e+00 2.374639999999999862e+00
3.057910000000000128e+00 4.254499999999999948e-01 4.254499999999999948e-01 4.254499999999999948e-01 3.057910000000000128e+00 4.254499999999999948e-01 4.254499999999999948e-01 4.254499999999999948e-01 3.057910000000000128e+00
3.057910000000000128e+00 -4.254499999999999948e-01 4.254499999999999948e-01 -4.254499999999999948e-01 3.057910000000000128e+00 -4.254499999999999948e-01 4.254499999999999948e-01 -4.254499999999999948e-01 3.057910000000000128e+00
3.057910000000000128e+00 4.254499999999999948e-01 -4.254499999999999948e-01 4.254499999999999948e-01 3.057910000000000128e+00 -4.254499999999999948e-01 -4.254499999999999948e-01 -4.254499999999999948e-01 3.057910000000000128e+00
3.057910000000000128e+00 -4.254499999999999948e-01 -4.254499999999999948e-01 -4.254499999999999948e-01 3.057910000000000128e+00 4.254499999999999948e-01 -4.254499999999999948e-01 4.254499999999999948e-01 3.057910000000000128e+00
-2.122609999999999886e+00 8.500000000000000611e-02 8.500000000000000611e-02 8.500000000000000611e-02 -2.122609999999999886e+00 -8.500000000000000611e-02 8.500000000000000611e-02 -8.500000000000000611e-02 -2.122609999999999886e+00
-2.122609999999999886e+00 -8.500000000000000611e-02 8.500000000000000611e-02 -8.500000000000000611e-02 -2.122609999999999886e+00 8.500000000000000611e-02 8.500000000000000611e-02 8.500000000000000611e-02 -2.122609999999999886e+00
-2.122609999999999886e+00 -8.500000000000000611e-02 -8.500000000000000611e-02 -8.500000000000000611e-02 -2.122609999999999886e+00 -8.500000000000000611e-02 -8.500000000000000611e-02 -8.500000000000000611e-02 -2.122609999999999886e+00
-2.122609999999999886e+00 8.500000000000000611e-02 8.500000000000000611e-02 8.500000000000000611e-02 -2.122609999999999886e+00 -8.500000000000000611e-02 8.500000000000000611e-02 -8.500000000000000611e-02 -2.122609999999999886e+00
-2.122609999999999886e+00 8.500000000000000611e-02 -8.500000000000000611e-02 8.500000000000000611e-02 -2.122609999999999886e+00 8.500000000000000611e-02 -8.500000000000000611e-02 8.500000000000000611e-02 -2.122609999999999886e+00
-2.122609999999999886e+00 -8.500000000000000611e-02 8.500000000000000611e-02 -8.500000000000000611e-02 -2.122609999999999886e+00 8.500000000000000611e-02 8.500000000000000611e-02 8.500000000000000611e-02 -2.122609999999999886e+00
-2.122609999999999886e+00 8.500000000000000611e-02 -8.500000000000000611e-02 8.500000000000000611e-02 -2.122609999999999886e+00 8.500000000000000611e-02 -8.500000000000000611e-02 8.500000000000000611e-02 -2.122609999999999886e+00
-2.122609999999999886e+00 -8.500000000000000611e-02 -8.500000000000000611e-02 -8.500000000000000611e-02 -2.122609999999999886e+00 -8.500000000000000611e-02 -8.500000000000000611e-02 -8.500000000000000611e-02 -2.122609999999999886e+00
