1.296980000000000022e+00 9.038000000000000200e-02 0.000000000000000000e+00 8.510000000000000203e-03 1.304799999999999960e+00 0.000000000000000000e+00 0.000000000000000000e+00 0.000000000000000000e+00 1.518990000000000062e+00
1.296980000000000022e+00 9.038000000000000200e-02 0.000000000000000000e+00 8.510000000000000203e-03 1.304799999999999960e+00 0.000000000000000000e+00 0.000000000000000000e+00 0.000000000000000000e+00 1.518990000000000062e+00
1.296980000000000022e+00 -9.038000000000000200e-02 0.000000000000000000e+00 -8.510000000000000203e-03 1.304799999999999960e+00 0.000000000000000000e+00 0.000000000000000000e+00 0.000000000000000000e+00 1.518990000000000062e+00
1.296980000000000022e+00 -9.038000000000000200e-02 0.000000000000000000e+00 -8.510000000000000203e-03 1.304799999999999960e+00 0.000000000000000000e+00 0.000000000000000000e+00 0.000000000000000000e+00 1.518990000000000062e+00
9.852499999999999591e-01 0.000000000000000000e+00 1.264599999999999891e-01 0.000000000000000000e+00 1.176840000000000108e+00 0.000000000000000000e+00 8.499999999999999526e-04 0.000000000000000000e+00 8.182399999999999674e-01
9.852499999999999591e-01 0.000000000000000000e+00 -1.264599999999999891e-01 0.000000000000000000e+00 1.176840000000000108e+00 0.000000000000000000e+00 -8.499999999999999526e-04 0.000000000000000000e+00 8.182399999999999674e-01
9.852499999999999591e-01 0.000000000000000000e+00 -1.264599999999999891e-01 0.000000000000000000e+00 1.176840000000000108e+00 0.000000000000000000e+00 -8.499999999999999526e-04 0.000000000000000000e+00 8.182399999999999674e-01
1.152789999999999981e+00 0.000000000000000000e+00 0.000000000000000000e+00 0.000000000000000000e+00 7.430999999999999828e-01 0.000000000000000000e+00 0.000000000000000000e+00 0.000000000000000000e+00 7.879199999999999537e-01
9.852499999999999591e-01 0.000000000000000000e+00 1.264599999999999891e-01 0.000000000000000000e+00 1.176840000000000108e+00 0.000000000000000000e+00 8.499999999999999526e-04 0.000000000000000000e+00 8.182399999999999674e-01
1.152789999999999981e+00 0.000000000000000000e+00 0.000000000000000000e+00 0.000000000000000000e+00 7.430999999999999828e-01 0.000000000000000000e+00 0.000000000000000000e+00 0.000000000000000000e+00 7.879199999999999537e-01
2.451729999999999965e+00 0.000000000000000000e+00 0.000000000000000000e+00 0.000000000000000000e+00 2.389889999999999848e+00 0.000000000000000000e+00 0.000000000000000000e+00 0.000000000000000000e+00 2.191469999999999807e+00
2.451729999999999965e+00 0.000000000000000000e+00 0.000000000000000000e+00 0.000000000000000000e+00 2.389889999999999848e+00 0.000000000000000000e+00 0.000000000000000000e+00 0.000000000000000000e+00 2.191469999999999807e+00
-2.042250000000000121e+00 -2.477999999999999925e-01 -9.464000000000000190e-02 -2.446599999999999886e-01 -2.024070000000000036e+00 -1.370000000000000107e-01 -2.731399999999999939e-01 -2.833700000000000108e-01 -1.913459999999999939e+00
-2.042250000000000121e+00 2.477999999999999925e-01 -9.464000000000000190e-02 2.446599999999999886e-01 -2.024070000000000036e+00 1.370000000000000107e-01 -2.731399999999999939e-01 2.833700000000000108e-01 -1.913459999999999939e+00
-2.042250000000000121e+00 2.477999999999999925e-01 -9.464000000000000190e-02 2.446599999999999886e-01 -2.024070000000000036e+00 1.370000000000000107e-01 -2.731399999999999939e-01 2.833700000000000108e-01 -1.913459999999999939e+00
-2.042250000000000121e+00 2.477999999999999925e-01 9.464000000000000190e-02 2.446599999999999886e-01 -2.024070000000000036e+00 -1.370000000000000107e-01 2.731399999999999939e-01 -2.833700000000000108e-01 -1.913459999999999939e+00
-2.042250000000000121e+00 -2.477999999999999925e-01 -9.464000000000000190e-02 -2.446599999999999886e-01 -2.024070000000000036e+00 -1.370000000000000107e-01 -2.731399999999999939e-01 -2.833700000000000108e-01 -1.913459999999999939e+00
-2.042250000000000121e+00 -2.477999999999999925e-01 9.464000000000000190e-02 -2.446599999999999886e-01 -2.024070000000000036e+00 1.370000000000000107e-01 2.731399999999999939e-01 2.833700000000000108e-01 -1.913459999999999939e+00
-2.042250000000000121e+00 2.477999999999999925e-01 9.464000000000000190e-02 2.446599999999999886e-01 -2.024070000000000036e+00 -1.370000000000000107e-01 2.731399999999999939e-01 -2.833700000000000108e-01 -1.913459999999999939e+00
-2.042250000000000121e+00 -2.477999999999999925e-01 9.464000000000000190e-02 -2.446599999999999886e-01 -2.024070000000000036e+00 1.370000000000000107e-01 2.731399999999999939e-01 2.833700000000000108e-01 -1.913459999999999939e+00
