-1.365092177912771987e-01
-3.200819379985168217e-02
-2.348715147613961163e-02
3.115953830761322152e+00
3.238559411313415737e+00
3.454511923569991261e+00
3.798325111271297683e+00
4.245152435851704986e+00
4.888262313251225066e+00
4.909913534205374575e+00
5.400753737750068950e+00
5.493969341820004182e+00
5.758249224858541737e+00
6.250539790473622404e+00
6.291458853984615018e+00
6.341224077920729840e+00
7.078836943049045871e+00
7.225443302968012738e+00
7.904748803123062828e+00
7.939419703276984208e+00
7.966884380773089802e+00
8.461501314519123795e+00
8.531821953252885393e+00
9.031811217776203549e+00
9.290215915269607549e+00
9.354634232118998582e+00
1.010318211207957972e+01
1.036626476728431712e+01
1.075691641280419120e+01
1.109078186986795345e+01
1.111269096552921276e+01
1.126223193067659523e+01
1.126471776976434036e+01
1.142779532061420511e+01
1.310172707913848278e+01
1.366238907204825104e+01
1.388559995480217424e+01
1.424784616993947850e+01
1.440693743480471767e+01
1.512428348044640103e+01
1.602705017168850077e+01
1.627767001830611449e+01
1.652436963556673533e+01
1.658022517327444945e+01
1.847767983149532611e+01
1.941739672848696330e+01
2.148216302238667552e+01
2.188543141319339824e+01
2.569197968249731545e+01
2.573015735490392686e+01
2.645349529782329512e+01
2.802897732148835175e+01
2.804132246523023753e+01
2.832094191927304294e+01
2.885604056358304703e+01
2.966147791981610382e+01
2.983846944310498017e+01
3.021508666171695623e+01
3.025518396992622527e+01
3.048524003874099719e+01
