-2.947922812249592281e-02
-2.671473668535568474e-02
-1.894282676995268783e-02
2.964664581296025059e+00
4.472090275952385952e+00
5.353394753374461246e+00
5.539467187475789700e+00
6.242055268245029431e+00
7.147587879230367314e+00
7.753398013875661299e+00
7.960853175277559757e+00
8.011691316333367396e+00
8.399810337065026999e+00
8.726688703051577178e+00
9.000347954455252264e+00
9.050108470087208090e+00
9.849194695285353518e+00
1.003445556879979073e+01
1.041510313247080077e+01
1.047771740235828375e+01
1.071559583009681305e+01
1.167170694576815926e+01
1.216540047127000790e+01
1.303428367764452389e+01
1.400159354355337094e+01
1.513392392825261012e+01
1.538443597553390774e+01
1.642018544878116870e+01
1.693304407815024604e+01
2.000170356256973392e+01
2.019131472559190499e+01
2.113434543702580726e+01
2.306030424396459466e+01
2.389610843463805878e+01
2.573060621184043484e+01
2.699688729303510115e+01
