-3.948104331725606209e-02
-3.948102237168614470e-02
-2.450752559066927613e-02
2.930822574560630223e+00
2.963126060296651598e+00
2.963126060694442288e+00
3.025915265845308788e+00
3.273492265614731611e+00
3.273492265620805419e+00
3.922666009003329624e+00
3.922666009184376801e+00
3.932887305115025267e+00
4.530307572041968101e+00
4.717978300108019774e+00
4.733310629941080983e+00
4.733310630405375363e+00
4.909437505978675453e+00
4.909437506827364572e+00
6.290618345689520829e+00
6.290618346169849495e+00
6.971236410941031636e+00
7.356493778151192764e+00
7.520916913870501652e+00
7.520916914093358052e+00
8.097408929323096416e+00
8.097408929868981531e+00
8.313539074447129806e+00
9.561420121987378451e+00
9.561420122053288395e+00
9.617436475693065034e+00
1.096534539680893694e+01
1.096534539736295066e+01
1.183950134551712807e+01
1.183950134575021274e+01
1.235264605699776652e+01
1.265777275544799529e+01
1.526881473025754410e+01
1.526881473034957715e+01
1.728512214049861839e+01
1.729479132638889283e+01
1.729479132647892925e+01
1.873428677000014986e+01
1.873428677028218559e+01
2.332816010593269240e+01
2.411345451242922167e+01
