-5.954783351983361506e-02
-4.233358994568699185e-02
-2.097000762068354507e-02
1.939780716817663286e+00
2.035195172396796703e+00
2.736920381079201992e+00
2.740865595685139322e+00
3.541742834835988063e+00
3.712556578259817996e+00
3.846256937169711954e+00
4.164040411870613134e+00
4.420672414339540168e+00
4.422482870533632315e+00
4.809777993323159251e+00
5.010256796401908908e+00
5.111089304343186868e+00
5.202592602183624848e+00
5.288612876489105830e+00
5.400395301526041969e+00
5.463283589085657255e+00
5.531691274200893460e+00
6.028517002674540493e+00
6.112079203446933562e+00
6.227806180502941658e+00
6.410031920996320132e+00
6.801325357048057185e+00
6.837870079300755854e+00
7.063706569939598445e+00
7.366320583381115839e+00
7.420227305531532203e+00
7.588221134722757277e+00
7.592708387878162490e+00
7.682549541444968710e+00
7.942377855129398867e+00
8.042298423894914450e+00
8.242005610474810950e+00
8.308771598824808535e+00
8.964553692613998592e+00
9.363503576953615237e+00
9.497667197738413947e+00
9.691331806168948404e+00
1.042784098851920405e+01
1.084487633186970079e+01
1.090251599830911466e+01
1.188806049826578004e+01
1.214318858629424014e+01
1.301014803955362886e+01
1.345269308477401005e+01
1.378429232497053647e+01
1.413820581291828127e+01
1.441732162947928053e+01
1.493502295377552613e+01
1.503351997847128629e+01
1.544238573203946352e+01
1.563633002617715384e+01
1.623389351973758465e+01
1.773342941112276350e+01
1.813531661143984408e+01
1.848826837280956070e+01
1.931989003444040520e+01
2.059234593360511312e+01
2.076886447834108651e+01
2.113602391736761277e+01
2.129636877433409126e+01
2.250266111359661991e+01
2.343912526537221552e+01
2.353733390879602538e+01
2.471935728278282696e+01
2.759394235618578506e+01
2.761715429571293612e+01
2.799789141782842350e+01
2.875903539956620492e+01
