1.204560000000000075e+00 -2.745400000000000063e-01 0.000000000000000000e+00 2.745400000000000063e-01 1.204560000000000075e+00 0.000000000000000000e+00 0.000000000000000000e+00 0.000000000000000000e+00 1.022010000000000085e+00
1.204560000000000075e+00 2.745400000000000063e-01 0.000000000000000000e+00 -2.745400000000000063e-01 1.204560000000000075e+00 0.000000000000000000e+00 0.000000000000000000e+00 0.000000000000000000e+00 1.022010000000000085e+00
7.335679999999999978e+00 1.712280000000000024e+00 0.000000000000000000e+00 -1.712280000000000024e+00 7.335679999999999978e+00 0.000000000000000000e+00 0.000000000000000000e+00 0.000000000000000000e+00 6.768099999999999561e+00
7.335679999999999978e+00 -1.712280000000000024e+00 0.000000000000000000e+00 1.712280000000000024e+00 7.335679999999999978e+00 0.000000000000000000e+00 0.000000000000000000e+00 0.000000000000000000e+00 6.768099999999999561e+00
-1.573590000000000044e+00 2.326400000000000134e-01 1.315800000000000025e-01 3.339799999999999991e-01 -4.119900000000000340e+00 -1.882870000000000044e+00 1.713000000000000078e-01 -1.785719999999999974e+00 -2.596699999999999786e+00
-3.237969999999999793e+00 -1.294910000000000005e+00 1.564820000000000100e+00 -1.193570000000000020e+00 -2.455519999999999925e+00 1.055390000000000050e+00 1.460830000000000073e+00 1.041209999999999969e+00 -2.596699999999999786e+00
-3.728670000000000151e+00 9.102599999999999580e-01 -1.696399999999999908e+00 1.011600000000000055e+00 -1.964820000000000011e+00 8.274799999999999933e-01 -1.632130000000000081e+00 7.445100000000000051e-01 -2.596699999999999786e+00
-1.573590000000000044e+00 -2.326400000000000134e-01 -1.315800000000000025e-01 -3.339799999999999991e-01 -4.119900000000000340e+00 -1.882870000000000044e+00 -1.713000000000000078e-01 -1.785719999999999974e+00 -2.596699999999999786e+00
-3.728670000000000151e+00 -9.102599999999999580e-01 1.696399999999999908e+00 -1.011600000000000055e+00 -1.964820000000000011e+00 8.274799999999999933e-01 1.632130000000000081e+00 7.445100000000000051e-01 -2.596699999999999786e+00
-3.237969999999999793e+00 1.294910000000000005e+00 -1.564820000000000100e+00 1.193570000000000020e+00 -2.455519999999999925e+00 1.055390000000000050e+00 -1.460830000000000073e+00 1.041209999999999969e+00 -2.596699999999999786e+00
