-1.107063074271971564e-01
-1.107063074266841501e-01
-2.550349696680244069e-02
2.311459694937276321e+00
2.521671344571127626e+00
2.521671344571153828e+00
2.755496069684254312e+00
3.290903228910815326e+00
3.708744724499790646e+00
3.708744724499792866e+00
3.890569493333374318e+00
3.890569493333380979e+00
4.497324278969836442e+00
4.544696570355496235e+00
4.737088706205041966e+00
5.000349927056216615e+00
5.000349927056237931e+00
5.213016787507776861e+00
5.620081278671445801e+00
5.620081278671460900e+00
5.959919036496559741e+00
5.973994767803350037e+00
6.111848033422833559e+00
6.111848033422847770e+00
6.212852876231679033e+00
6.456440155809763937e+00
6.456440155809775483e+00
7.189037547090570968e+00
7.301931742899740563e+00
7.584615331402205562e+00
7.946409049181413664e+00
8.599333743834634447e+00
8.778049709521383193e+00
9.130339808651740441e+00
9.130339808651765310e+00
1.025213231955328830e+01
1.025213231955329363e+01
1.048518903837121563e+01
1.113712254883516550e+01
1.113712254883517438e+01
1.276343131494080474e+01
1.281706245298911284e+01
1.327640969024950302e+01
1.327640969024950479e+01
1.361476178053404951e+01
1.376104595157470101e+01
1.411781421175589557e+01
1.459299866265567402e+01
1.459299866265567758e+01
1.502156550896567211e+01
1.660327112381527215e+01
1.660327112381530767e+01
1.708212300928933658e+01
1.759044235590146954e+01
1.759044235590148375e+01
1.780206620017145980e+01
1.893254971066953729e+01
1.942883114405242040e+01
2.466485458363307259e+01
2.466485458363308680e+01
2.634320385846383417e+01
2.649749005766427246e+01
2.701545828560070817e+01
2.715058108434855910e+01
2.715058108434856265e+01
2.843555724324713552e+01
2.843555724324715328e+01
2.888886778471735894e+01
2.910425369591937539e+01
2.917382220550952709e+01
2.960447684789053824e+01
2.960447684789053824e+01
