2.584169999999999856e+00 -1.391300000000000037e-01 -1.122900000000000009e-01 -1.903600000000000014e-01 2.536059999999999981e+00 8.981999999999999706e-02 4.789999999999999813e-02 1.912000000000000088e-01 2.470590000000000064e+00
2.584169999999999856e+00 1.391300000000000037e-01 -1.122900000000000009e-01 1.903600000000000014e-01 2.536059999999999981e+00 -8.981999999999999706e-02 4.789999999999999813e-02 -1.912000000000000088e-01 2.470590000000000064e+00
2.584169999999999856e+00 -1.391300000000000037e-01 -1.122900000000000009e-01 -1.903600000000000014e-01 2.536059999999999981e+00 8.981999999999999706e-02 4.789999999999999813e-02 1.912000000000000088e-01 2.470590000000000064e+00
2.584169999999999856e+00 1.391300000000000037e-01 -1.122900000000000009e-01 1.903600000000000014e-01 2.536059999999999981e+00 -8.981999999999999706e-02 4.789999999999999813e-02 -1.912000000000000088e-01 2.470590000000000064e+00
2.915179999999999882e+00 -2.631000000000000005e-01 3.696499999999999786e-01 2.412600000000000022e-01 3.045100000000000140e+00 1.874999999999999931e-02 -3.488499999999999934e-01 1.019300000000000067e-01 2.977489999999999970e+00
2.915179999999999882e+00 2.631000000000000005e-01 3.696499999999999786e-01 -2.412600000000000022e-01 3.045100000000000140e+00 -1.874999999999999931e-02 -3.488499999999999934e-01 -1.019300000000000067e-01 2.977489999999999970e+00
7.504679999999999573e+00 3.439599999999999880e-01 -3.313300000000000134e-01 2.862999999999999920e-02 7.532160000000000188e+00 9.365999999999999326e-02 1.282800000000000051e-01 1.304899999999999949e-01 7.518699999999999939e+00
7.504679999999999573e+00 -3.439599999999999880e-01 -3.313300000000000134e-01 -2.862999999999999920e-02 7.532160000000000188e+00 -9.365999999999999326e-02 1.282800000000000051e-01 -1.304899999999999949e-01 7.518699999999999939e+00
-2.518359999999999932e+00 -1.194220000000000059e+00 3.452700000000000213e-01 -1.174060000000000104e+00 -3.508309999999999818e+00 4.943699999999999761e-01 3.280100000000000238e-01 4.594799999999999995e-01 -1.808680000000000065e+00
-2.518359999999999932e+00 1.194220000000000059e+00 3.452700000000000213e-01 1.174060000000000104e+00 -3.508309999999999818e+00 -4.943699999999999761e-01 3.280100000000000238e-01 -4.594799999999999995e-01 -1.808680000000000065e+00
-2.518359999999999932e+00 -1.194220000000000059e+00 3.452700000000000213e-01 -1.174060000000000104e+00 -3.508309999999999818e+00 4.943699999999999761e-01 3.280100000000000238e-01 4.594799999999999995e-01 -1.808680000000000065e+00
-2.518359999999999932e+00 1.194220000000000059e+00 3.452700000000000213e-01 1.174060000000000104e+00 -3.508309999999999818e+00 -4.943699999999999761e-01 3.280100000000000238e-01 -4.594799999999999995e-01 -1.808680000000000065e+00
-3.328619999999999912e+00 1.142980000000000107e+00 3.018700000000000272e-01 1.148109999999999964e+00 -2.610259999999999803e+00 -2.301100000000000090e-01 3.299400000000000110e-01 -1.643900000000000083e-01 -1.779349999999999987e+00
-3.328619999999999912e+00 -1.142980000000000107e+00 3.018700000000000272e-01 -1.148109999999999964e+00 -2.610259999999999803e+00 2.301100000000000090e-01 3.299400000000000110e-01 1.643900000000000083e-01 -1.779349999999999987e+00
-3.328619999999999912e+00 1.142980000000000107e+00 3.018700000000000272e-01 1.148109999999999964e+00 -2.610259999999999803e+00 -2.301100000000000090e-01 3.299400000000000110e-01 -1.643900000000000083e-01 -1.779349999999999987e+00
-3.328619999999999912e+00 -1.142980000000000107e+00 3.018700000000000272e-01 -1.148109999999999964e+00 -2.610259999999999803e+00 2.301100000000000090e-01 3.299400000000000110e-01 1.643900000000000083e-01 -1.779349999999999987e+00
-1.947119999999999962e+00 -9.129999999999999227e-03 -5.540199999999999569e-01 -1.010400000000000048e-01 -1.706110000000000015e+00 2.587999999999999745e-01 -5.955599999999999783e-01 2.787799999999999723e-01 -4.130659999999999776e+00
-1.947119999999999962e+00 9.129999999999999227e-03 -5.540199999999999569e-01 1.010400000000000048e-01 -1.706110000000000015e+00 -2.587999999999999745e-01 -5.955599999999999783e-01 -2.787799999999999723e-01 -4.130659999999999776e+00
-1.947119999999999962e+00 -9.129999999999999227e-03 -5.540199999999999569e-01 -1.010400000000000048e-01 -1.706110000000000015e+00 2.587999999999999745e-01 -5.955599999999999783e-01 2.787799999999999723e-01 -4.130659999999999776e+00
-1.947119999999999962e+00 9.129999999999999227e-03 -5.540199999999999569e-01 1.010400000000000048e-01 -1.706110000000000015e+00 -2.587999999999999745e-01 -5.955599999999999783e-01 -2.787799999999999723e-01 -4.130659999999999776e+00
