-8.009589045445367206e-02
-5.683069912864232437e-02
-5.683053138006104177e-02
1.938263636058172423e+00
1.938263638895490804e+00
1.977585798037413412e+00
2.182668916042948659e+00
2.413533958315587924e+00
2.513702343267802952e+00
2.513702344855202497e+00
3.087373586337352371e+00
3.087373586407724080e+00
3.118940588403900538e+00
3.307070722176931099e+00
3.307070722794721362e+00
3.644904257592012975e+00
3.653820059296189360e+00
3.783206227313407055e+00
3.783206227343556272e+00
4.299356066741784943e+00
4.299356067184099572e+00
4.727867858312231775e+00
4.865902111032416322e+00
4.865902111216149351e+00
6.102936138341610750e+00
6.479031236354885870e+00
6.479031236796748416e+00
7.033714346527707661e+00
7.033714347172877801e+00
8.031773355446000906e+00
8.659597741192730069e+00
8.659597741229678292e+00
8.873453929533573259e+00
8.873453929790249717e+00
8.891862033716833480e+00
9.948323236000602421e+00
9.948323236532862879e+00
1.000180525274509158e+01
1.000180525299557566e+01
1.050409801273672450e+01
1.063870018100605996e+01
1.063870018139830798e+01
1.150163994416504387e+01
1.150163994434689663e+01
1.257310969574133885e+01
1.278944593365482163e+01
1.293983668014050359e+01
1.293983668020532818e+01
1.437811656186758924e+01
1.441019421390504718e+01
1.441019421426716463e+01
1.569447546136247240e+01
1.648895950437777103e+01
2.037970275897483319e+01
2.037970275900493888e+01
2.192510165304488368e+01
2.192510165322192250e+01
2.566631584300559155e+01
2.694774249208868966e+01
2.765298541388524001e+01
2.765298541389427456e+01
2.900264906731006320e+01
2.900797084466481834e+01
3.010545046731379415e+01
3.010545046736920582e+01
3.041486280298209266e+01
