-2.644515796642103386e-02
-2.378708381147072101e-02
-1.446392144789417772e-02
2.490248082023760468e+00
2.669726913048545924e+00
2.764060798782829842e+00
3.143053199805683207e+00
3.258181664052663074e+00
3.261734609854836098e+00
3.468503177988756292e+00
3.580491690347446188e+00
3.688542867962416594e+00
3.805678060202092983e+00
3.934189464922261514e+00
3.999972578282577462e+00
4.035601220576800152e+00
4.211497605108562858e+00
4.228547934146639875e+00
4.507955753031562374e+00
4.945089685440727578e+00
4.958468152489933445e+00
6.520161926814666664e+00
6.560856473109285325e+00
6.590469202182918096e+00
6.663346631201479298e+00
6.701489307770535753e+00
6.798426730983106125e+00
6.862127208639069664e+00
7.517385323897495475e+00
7.586478012553360628e+00
7.712107841761430826e+00
8.041162090734012224e+00
8.094716273350828217e+00
8.512391804428206754e+00
8.660949461894286827e+00
9.341067269347066215e+00
9.978857231917253046e+00
1.026401996410901241e+01
1.040363912891684528e+01
1.046041026592261325e+01
1.086832052998354747e+01
1.158018685157847472e+01
1.198444320622431114e+01
1.203452109183449892e+01
1.239510222931482808e+01
1.258687946110748435e+01
1.335692122836680795e+01
1.389372739750343122e+01
1.599246065598229194e+01
1.609384543041573323e+01
1.632695059391186376e+01
1.652787222752657570e+01
1.655186721750541423e+01
1.681537437651054390e+01
1.742731503414370664e+01
1.749573336857375949e+01
1.769228344376439566e+01
2.243534118176333791e+01
2.437420332829713487e+01
2.505242350696872222e+01
