4.954259999999999664e+00 -1.649100000000000010e-01 0.000000000000000000e+00 1.649100000000000010e-01 4.954259999999999664e+00 0.000000000000000000e+00 0.000000000000000000e+00 0.000000000000000000e+00 4.507979999999999876e+00
4.954259999999999664e+00 -1.649100000000000010e-01 0.000000000000000000e+00 1.649100000000000010e-01 4.954259999999999664e+00 0.000000000000000000e+00 0.000000000000000000e+00 0.000000000000000000e+00 4.507979999999999876e+00
4.037239999999999718e+00 1.816599999999999882e-01 0.000000000000000000e+00 -1.816599999999999882e-01 4.037239999999999718e+00 0.000000000000000000e+00 0.000000000000000000e+00 0.000000000000000000e+00 4.003320000000000434e+00
4.037239999999999718e+00 1.816599999999999882e-01 0.000000000000000000e+00 -1.816599999999999882e-01 4.037239999999999718e+00 0.000000000000000000e+00 0.000000000000000000e+00 0.000000000000000000e+00 4.003320000000000434e+00
-1.824810000000000043e+00 -1.167680000000000051e+00 -4.040199999999999902e-01 -1.159310000000000063e+00 -2.670939999999999870e+00 -1.277300000000000102e+00 -3.769899999999999918e-01 -1.097469999999999946e+00 -2.127819999999999823e+00
-1.824810000000000043e+00 -1.167680000000000051e+00 4.040199999999999902e-01 -1.159310000000000063e+00 -2.670939999999999870e+00 1.277300000000000102e+00 3.769899999999999918e-01 1.097469999999999946e+00 -2.127819999999999823e+00
-2.670939999999999870e+00 1.159310000000000063e+00 -1.277300000000000102e+00 1.167680000000000051e+00 -1.824810000000000043e+00 4.040199999999999902e-01 -1.097469999999999946e+00 3.769899999999999918e-01 -2.127819999999999823e+00
-2.670939999999999870e+00 1.159310000000000063e+00 1.277300000000000102e+00 1.167680000000000051e+00 -1.824810000000000043e+00 -4.040199999999999902e-01 1.097469999999999946e+00 -3.769899999999999918e-01 -2.127819999999999823e+00
-1.824810000000000043e+00 -1.167680000000000051e+00 -4.040199999999999902e-01 -1.159310000000000063e+00 -2.670939999999999870e+00 -1.277300000000000102e+00 -3.769899999999999918e-01 -1.097469999999999946e+00 -2.127819999999999823e+00
-1.824810000000000043e+00 -1.167680000000000051e+00 4.040199999999999902e-01 -1.159310000000000063e+00 -2.670939999999999870e+00 1.277300000000000102e+00 3.769899999999999918e-01 1.097469999999999946e+00 -2.127819999999999823e+00
-2.670939999999999870e+00 1.159310000000000063e+00 -1.277300000000000102e+00 1.167680000000000051e+00 -1.824810000000000043e+00 4.040199999999999902e-01 -1.097469999999999946e+00 3.769899999999999918e-01 -2.127819999999999823e+00
-2.670939999999999870e+00 1.159310000000000063e+00 1.277300000000000102e+00 1.167680000000000051e+00 -1.824810000000000043e+00 -4.040199999999999902e-01 1.097469999999999946e+00 -3.769899999999999918e-01 -2.127819999999999823e+00
