-1.122180762170156970e-01
-8.216385353377679557e-02
-6.793275454861735785e-02
2.593055183131217412e+00
2.660497045791197390e+00
2.671218639548419649e+00
2.698847848449496656e+00
3.231881125900286200e+00
3.417781404754426156e+00
3.453830548303533199e+00
3.605173357804106082e+00
3.620314202490861888e+00
3.806895791281376340e+00
3.867149595633224912e+00
3.969762630293060646e+00
4.150377087929335573e+00
4.205058744821442041e+00
4.639934700116534749e+00
4.645721391402370060e+00
4.886373342599660496e+00
4.905941092442418494e+00
5.160880679688947481e+00
5.302634703137167449e+00
5.430623586398900748e+00
5.576747918753407696e+00
6.300193225439536526e+00
6.580915024000221436e+00
6.746220932060338349e+00
6.987648549312034163e+00
7.246436215992205554e+00
7.308533435990204552e+00
7.711866360869429116e+00
8.099245027471882352e+00
8.319386340906268273e+00
9.493324860235373919e+00
9.525270298524233681e+00
1.026752184882904118e+01
1.036008899340684408e+01
1.081891111091129432e+01
1.109985667131192599e+01
1.134331446112374486e+01
1.142635357178710720e+01
1.194800084487178538e+01
1.255571651650085485e+01
1.316845138267057180e+01
1.333675277141243498e+01
1.389636755188867134e+01
1.424513215703715296e+01
1.530430591592020662e+01
1.582849744787836421e+01
1.660862793684304251e+01
1.713052439969520435e+01
1.720668711391586569e+01
1.892708057639156394e+01
