4.509870000000000267e+00 -1.601100000000000023e-01 -2.237999999999999989e-01 -1.361499999999999932e-01 3.712169999999999970e+00 2.041999999999999926e-01 -5.088200000000000500e-01 2.001300000000000023e-01 4.656699999999999839e+00
4.509870000000000267e+00 -1.601100000000000023e-01 2.237999999999999989e-01 -1.361499999999999932e-01 3.712169999999999970e+00 -2.041999999999999926e-01 5.088200000000000500e-01 -2.001300000000000023e-01 4.656699999999999839e+00
4.509870000000000267e+00 1.601100000000000023e-01 -2.237999999999999989e-01 1.361499999999999932e-01 3.712169999999999970e+00 -2.041999999999999926e-01 -5.088200000000000500e-01 -2.001300000000000023e-01 4.656699999999999839e+00
4.509870000000000267e+00 1.601100000000000023e-01 2.237999999999999989e-01 1.361499999999999932e-01 3.712169999999999970e+00 2.041999999999999926e-01 5.088200000000000500e-01 2.001300000000000023e-01 4.656699999999999839e+00
5.132360000000000255e+00 -4.495600000000000152e-01 -2.028399999999999925e-01 1.774699999999999889e-01 5.135390000000000121e+00 1.470299999999999940e-01 2.969999999999999984e-03 -1.089200000000000029e-01 5.570990000000000109e+00
5.132360000000000255e+00 -4.495600000000000152e-01 2.028399999999999925e-01 1.774699999999999889e-01 5.135390000000000121e+00 -1.470299999999999940e-01 -2.969999999999999984e-03 1.089200000000000029e-01 5.570990000000000109e+00
5.132360000000000255e+00 4.495600000000000152e-01 -2.028399999999999925e-01 -1.774699999999999889e-01 5.135390000000000121e+00 -1.470299999999999940e-01 2.969999999999999984e-03 1.089200000000000029e-01 5.570990000000000109e+00
5.132360000000000255e+00 4.495600000000000152e-01 2.028399999999999925e-01 -1.774699999999999889e-01 5.135390000000000121e+00 1.470299999999999940e-01 -2.969999999999999984e-03 -1.089200000000000029e-01 5.570990000000000109e+00
-2.474390000000000089e+00 -1.171259999999999968e+00 -8.437000000000000055e-02 -5.715200000000000280e-01 -2.044340000000000046e+00 7.574800000000000422e-01 -2.587800000000000100e-01 8.249600000000000266e-01 -2.901199999999999779e+00
-2.474390000000000089e+00 -1.171259999999999968e+00 8.437000000000000055e-02 -5.715200000000000280e-01 -2.044340000000000046e+00 -7.574800000000000422e-01 2.587800000000000100e-01 -8.249600000000000266e-01 -2.901199999999999779e+00
-2.474390000000000089e+00 1.171259999999999968e+00 -8.437000000000000055e-02 5.715200000000000280e-01 -2.044340000000000046e+00 -7.574800000000000422e-01 -2.587800000000000100e-01 -8.249600000000000266e-01 -2.901199999999999779e+00
-2.474390000000000089e+00 1.171259999999999968e+00 8.437000000000000055e-02 5.715200000000000280e-01 -2.044340000000000046e+00 7.574800000000000422e-01 2.587800000000000100e-01 8.249600000000000266e-01 -2.901199999999999779e+00
-2.198510000000000186e+00 -7.907899999999999929e-01 1.033899999999999958e-01 -7.409200000000000230e-01 -2.342950000000000088e+00 6.779500000000000526e-01 -1.384799999999999920e-01 4.944100000000000161e-01 -2.378449999999999953e+00
-2.198510000000000186e+00 -7.907899999999999929e-01 -1.033899999999999958e-01 -7.409200000000000230e-01 -2.342950000000000088e+00 -6.779500000000000526e-01 1.384799999999999920e-01 -4.944100000000000161e-01 -2.378449999999999953e+00
-2.198510000000000186e+00 7.907899999999999929e-01 1.033899999999999958e-01 7.409200000000000230e-01 -2.342950000000000088e+00 -6.779500000000000526e-01 -1.384799999999999920e-01 -4.944100000000000161e-01 -2.378449999999999953e+00
-2.198510000000000186e+00 7.907899999999999929e-01 -1.033899999999999958e-01 7.409200000000000230e-01 -2.342950000000000088e+00 6.779500000000000526e-01 1.384799999999999920e-01 4.944100000000000161e-01 -2.378449999999999953e+00
-2.482819999999999805e+00 -9.375099999999999545e-01 -3.016199999999999992e-01 -5.226199999999999735e-01 -2.203059999999999796e+00 7.532900000000000151e-01 -3.447299999999999809e-01 9.324299999999999811e-01 -2.891519999999999868e+00
-2.482819999999999805e+00 -9.375099999999999545e-01 3.016199999999999992e-01 -5.226199999999999735e-01 -2.203059999999999796e+00 -7.532900000000000151e-01 3.447299999999999809e-01 -9.324299999999999811e-01 -2.891519999999999868e+00
-2.482819999999999805e+00 9.375099999999999545e-01 -3.016199999999999992e-01 5.226199999999999735e-01 -2.203059999999999796e+00 -7.532900000000000151e-01 -3.447299999999999809e-01 -9.324299999999999811e-01 -2.891519999999999868e+00
-2.482819999999999805e+00 9.375099999999999545e-01 3.016199999999999992e-01 5.226199999999999735e-01 -2.203059999999999796e+00 7.532900000000000151e-01 3.447299999999999809e-01 9.324299999999999811e-01 -2.891519999999999868e+00
-2.486509999999999998e+00 -7.574600000000000222e-01 1.873299999999999965e-01 -7.026799999999999713e-01 -2.257200000000000095e+00 1.391199999999999937e-01 8.390999999999999848e-02 1.448500000000000065e-01 -2.056509999999999838e+00
-2.486509999999999998e+00 -7.574600000000000222e-01 -1.873299999999999965e-01 -7.026799999999999713e-01 -2.257200000000000095e+00 -1.391199999999999937e-01 -8.390999999999999848e-02 -1.448500000000000065e-01 -2.056509999999999838e+00
-2.486509999999999998e+00 7.574600000000000222e-01 1.873299999999999965e-01 7.026799999999999713e-01 -2.257200000000000095e+00 -1.391199999999999937e-01 8.390999999999999848e-02 -1.448500000000000065e-01 -2.056509999999999838e+00
-2.486509999999999998e+00 7.574600000000000222e-01 -1.873299999999999965e-01 7.026799999999999713e-01 -2.257200000000000095e+00 1.391199999999999937e-01 -8.390999999999999848e-02 1.448500000000000065e-01 -2.056509999999999838e+00
