-4.142519881701682560e-02
-1.740335038694379444e-02
-8.977856998131439684e-03
3.129474748098599601e+00
3.597024985449196244e+00
4.352173823747869541e+00
4.751333690688746891e+00
4.816110002971267789e+00
4.919730792721802359e+00
6.062879552763798863e+00
6.184807144121044153e+00
6.337823542497694085e+00
6.845742239275558916e+00
7.841016912480881729e+00
7.995688569852760885e+00
8.170512838954030244e+00
8.899524340379517895e+00
9.136724073461193640e+00
9.837107282204732073e+00
1.116722442426224227e+01
1.132147684638852070e+01
1.664547909586514507e+01
1.671604538920826144e+01
1.730889182773602641e+01
1.786134701737546138e+01
2.114583512701510060e+01
2.257488625373598978e+01
2.760351478849406703e+01
2.777728760615604031e+01
3.549379565134984205e+01
3.651615727013619761e+01
3.712392225699771586e+01
3.758593457873960375e+01
