-1.112424729290078240e-01
-5.326225349153127647e-02
-5.104481436555785567e-02
1.722215781976917270e+00
2.664852763259860868e+00
3.284537541787748260e+00
3.581078586549156118e+00
3.675045231510180699e+00
4.158406126466950070e+00
4.528848144326102165e+00
5.108075310003862057e+00
5.376507607499566355e+00
5.736945632546025742e+00
6.740493373496938112e+00
7.223327837019397180e+00
7.236776208675006039e+00
7.884478521054516520e+00
7.920171538920544485e+00
9.542224008327355733e+00
1.070031594313478784e+01
1.141183210024273720e+01
1.151456951875896451e+01
1.269390587913893143e+01
1.351289157784181327e+01
1.735122451765229457e+01
1.805390117630274105e+01
1.840467395395197059e+01
1.842695743367044514e+01
2.105886996534713163e+01
2.161742327241768180e+01
