-1.655799207827460540e-01
-1.160647321750244571e-01
-1.002280727935440929e-01
9.910295070312448162e-01
1.053910465933805440e+00
1.288131208973053887e+00
1.312003032926602808e+00
1.393437314273365590e+00
1.423418135259610917e+00
1.538698782861113612e+00
1.554798789205017462e+00
1.574460818732554612e+00
1.601276803841298113e+00
1.680971236862748297e+00
1.690789383879373720e+00
1.747357490947381686e+00
1.769335529136353724e+00
1.844972120489389189e+00
2.029495439907722520e+00
2.036946294016118042e+00
2.125653022190251651e+00
2.190894165602717880e+00
2.256469994311279592e+00
2.389989486033186949e+00
2.459278002320454348e+00
2.477383511814364336e+00
2.488418497112323990e+00
2.514050921581338471e+00
2.580261558661514965e+00
2.627188105272678875e+00
2.656530131946216233e+00
2.661539796118201462e+00
2.735264639610553772e+00
2.754054196143364219e+00
2.786555437389233170e+00
2.916768499451126928e+00
2.968512795357812983e+00
3.038366816024068662e+00
3.062301919354407875e+00
3.282756963356767699e+00
3.349728514666925783e+00
3.583086655471374726e+00
3.655142781134109509e+00
3.671636022402329225e+00
3.752064909209776200e+00
3.782551293454648800e+00
3.978255656927244921e+00
4.036406929878809891e+00
4.708499880457514664e+00
4.856786951875666780e+00
5.124579237363808382e+00
5.150941450007070266e+00
6.055285770788684019e+00
6.268089730829099260e+00
6.299518740527264349e+00
6.458746500847796668e+00
6.589313827983806604e+00
6.761785822827459214e+00
6.846006907634043515e+00
7.012946200990088030e+00
7.015822523981066539e+00
7.227836109366310602e+00
7.978283537148343818e+00
8.496394800094217103e+00
9.027910214223973995e+00
9.098232214152828234e+00
9.276513440528589172e+00
9.425741958555843070e+00
1.244126151595658669e+01
1.246321100033359386e+01
1.289170329886630384e+01
1.294529335585277252e+01
1.409958176718748035e+01
1.433721863379376593e+01
1.604926262550970506e+01
1.625035995835791169e+01
1.630602526415151488e+01
1.633085394513067712e+01
1.658581003716138369e+01
1.669363181981777089e+01
1.727998004113171149e+01
1.733265533087646659e+01
1.781817005519680208e+01
1.782771763858019654e+01
