4.454659999999999620e+00 7.208599999999999453e-01 8.196000000000000507e-02 5.083800000000000541e-01 4.156889999999999752e+00 3.950000000000000039e-02 8.946999999999999398e-02 -2.986000000000000112e-02 5.022240000000000038e+00
4.454659999999999620e+00 -7.208599999999999453e-01 8.196000000000000507e-02 -5.083800000000000541e-01 4.156889999999999752e+00 -3.950000000000000039e-02 8.946999999999999398e-02 2.986000000000000112e-02 5.022240000000000038e+00
4.454659999999999620e+00 7.208599999999999453e-01 8.196000000000000507e-02 5.083800000000000541e-01 4.156889999999999752e+00 3.950000000000000039e-02 8.946999999999999398e-02 -2.986000000000000112e-02 5.022240000000000038e+00
4.454659999999999620e+00 -7.208599999999999453e-01 8.196000000000000507e-02 -5.083800000000000541e-01 4.156889999999999752e+00 -3.950000000000000039e-02 8.946999999999999398e-02 2.986000000000000112e-02 5.022240000000000038e+00
2.674920000000000186e+00 3.386700000000000266e-01 -1.217440000000000078e+00 -1.382000000000000069e-02 3.223759999999999959e+00 3.517100000000000226e-01 -1.157059999999999977e+00 3.771200000000000108e-01 8.557099999999999707e-01
2.674920000000000186e+00 -3.386700000000000266e-01 -1.217440000000000078e+00 1.382000000000000069e-02 3.223759999999999959e+00 -3.517100000000000226e-01 -1.157059999999999977e+00 -3.771200000000000108e-01 8.557099999999999707e-01
2.674920000000000186e+00 3.386700000000000266e-01 -1.217440000000000078e+00 -1.382000000000000069e-02 3.223759999999999959e+00 3.517100000000000226e-01 -1.157059999999999977e+00 3.771200000000000108e-01 8.557099999999999707e-01
2.674920000000000186e+00 -3.386700000000000266e-01 -1.217440000000000078e+00 1.382000000000000069e-02 3.223759999999999959e+00 -3.517100000000000226e-01 -1.157059999999999977e+00 -3.771200000000000108e-01 8.557099999999999707e-01
-1.224920000000000009e+00 -1.069999999999999944e-02 8.371800000000000352e-01 9.704999999999999738e-02 -3.036200000000000010e+00 2.580200000000000271e-01 6.636199999999999877e-01 5.567600000000000326e-01 -2.821610000000000174e+00
-1.224920000000000009e+00 1.069999999999999944e-02 8.371800000000000352e-01 -9.704999999999999738e-02 -3.036200000000000010e+00 -2.580200000000000271e-01 6.636199999999999877e-01 -5.567600000000000326e-01 -2.821610000000000174e+00
-1.224920000000000009e+00 -1.069999999999999944e-02 8.371800000000000352e-01 9.704999999999999738e-02 -3.036200000000000010e+00 2.580200000000000271e-01 6.636199999999999877e-01 5.567600000000000326e-01 -2.821610000000000174e+00
-1.224920000000000009e+00 1.069999999999999944e-02 8.371800000000000352e-01 -9.704999999999999738e-02 -3.036200000000000010e+00 -2.580200000000000271e-01 6.636199999999999877e-01 -5.567600000000000326e-01 -2.821610000000000174e+00
-3.125750000000000028e+00 1.171399999999999941e-01 7.097000000000000530e-02 8.211999999999999855e-02 -1.976769999999999916e+00 -7.628000000000000336e-01 2.483000000000000138e-02 -7.243000000000000549e-01 -1.442379999999999995e+00
-3.125750000000000028e+00 -1.171399999999999941e-01 7.097000000000000530e-02 -8.211999999999999855e-02 -1.976769999999999916e+00 7.628000000000000336e-01 2.483000000000000138e-02 7.243000000000000549e-01 -1.442379999999999995e+00
-3.125750000000000028e+00 1.171399999999999941e-01 7.097000000000000530e-02 8.211999999999999855e-02 -1.976769999999999916e+00 -7.628000000000000336e-01 2.483000000000000138e-02 -7.243000000000000549e-01 -1.442379999999999995e+00
-3.125750000000000028e+00 -1.171399999999999941e-01 7.097000000000000530e-02 -8.211999999999999855e-02 -1.976769999999999916e+00 7.628000000000000336e-01 2.483000000000000138e-02 7.243000000000000549e-01 -1.442379999999999995e+00
-2.778910000000000213e+00 -8.162999999999999423e-02 2.273199999999999943e-01 -4.843799999999999772e-01 -2.367669999999999941e+00 9.465299999999999825e-01 3.791499999999999870e-01 1.106030000000000069e+00 -1.613960000000000061e+00
-2.778910000000000213e+00 8.162999999999999423e-02 2.273199999999999943e-01 4.843799999999999772e-01 -2.367669999999999941e+00 -9.465299999999999825e-01 3.791499999999999870e-01 -1.106030000000000069e+00 -1.613960000000000061e+00
-2.778910000000000213e+00 -8.162999999999999423e-02 2.273199999999999943e-01 -4.843799999999999772e-01 -2.367669999999999941e+00 9.465299999999999825e-01 3.791499999999999870e-01 1.106030000000000069e+00 -1.613960000000000061e+00
-2.778910000000000213e+00 8.162999999999999423e-02 2.273199999999999943e-01 4.843799999999999772e-01 -2.367669999999999941e+00 -9.465299999999999825e-01 3.791499999999999870e-01 -1.106030000000000069e+00 -1.613960000000000061e+00
