-1.276512500679892470e-01
-1.217524431618824537e-01
-4.328612348408544808e-02
2.677836731190249786e+00
3.115854434451317267e+00
3.118306701428319005e+00
3.511183940586010799e+00
3.692389158555601458e+00
3.743915729662554703e+00
4.089029011942010072e+00
4.324664792623767795e+00
4.813196952836593212e+00
5.019755345099729205e+00
5.597118206725768985e+00
5.603834100898994031e+00
5.645399966610058939e+00
6.031834256017129192e+00
6.155430907971679133e+00
6.551660968918421091e+00
7.400848867681165011e+00
7.680050797016502173e+00
8.038365978736417006e+00
8.353581108599604121e+00
8.705882668418503556e+00
8.950540492288038052e+00
8.951710154948761655e+00
9.937715071156754121e+00
1.048072837484707165e+01
1.068651686386390587e+01
1.070374691505126385e+01
1.093158945332094945e+01
1.100621360453245323e+01
1.122400875882436644e+01
1.145283288666714228e+01
1.316916309980100408e+01
1.324292009223746369e+01
1.369380510674478479e+01
1.420000472354348275e+01
1.441772832174106611e+01
1.539864295996932420e+01
1.541721134327980280e+01
1.551137470351951286e+01
1.591456448106217003e+01
1.609622748875783671e+01
1.801432305281957724e+01
1.896177151467160371e+01
2.125847763954967107e+01
2.159068418307889914e+01
2.519807934241581293e+01
2.557155943065805914e+01
2.617075910828086194e+01
2.762196977160814271e+01
2.766867148326980441e+01
2.839196691313494014e+01
2.960683323266448497e+01
2.979058728338693030e+01
2.999155141942069847e+01
3.056660255081439104e+01
3.060347522107235463e+01
3.070706045092198977e+01
