-5.341890578144903312e-02
-2.193789720186917550e-02
-7.853229825460623231e-03
3.437080434551333941e+00
3.836780073361901966e+00
4.836370821142178755e+00
5.197497231124788009e+00
5.790033745154555156e+00
6.377222301488742140e+00
6.804197197482819703e+00
6.862554728184293573e+00
7.242732182282850317e+00
7.977552005146042902e+00
8.681335917415088588e+00
8.722196995275448117e+00
8.829477756910419473e+00
9.040017164246476611e+00
9.948825614986411381e+00
1.104635849447117302e+01
1.113674948210792870e+01
1.115593754072878241e+01
1.229287083351218435e+01
1.265101218896144530e+01
1.269541326322309693e+01
1.386224431749225694e+01
1.447754086321303113e+01
1.453522450729710691e+01
1.565134101905612241e+01
1.635791713806058212e+01
1.781687061948658268e+01
1.847688442805737097e+01
1.864230393497714999e+01
1.876231037168305704e+01
1.961463521902888374e+01
2.330161682439272042e+01
2.486601647004685489e+01
