-8.225530689171711707e-02
-8.225530689161716924e-02
-6.669178796026030420e-02
9.011583685497379648e-01
9.011583685497392970e-01
1.274292624277333363e+00
1.274292624277335362e+00
1.696344278428184360e+00
1.696344278428195906e+00
2.667646385858280844e+00
2.939299909892555629e+00
3.187029656396412669e+00
5.522752309474648236e+00
5.522752309474651788e+00
5.719992431565386504e+00
5.719992431565388280e+00
7.646905390142630488e+00
7.930191988088072463e+00
7.930191988088074240e+00
7.984304514775445227e+00
7.984304514775445227e+00
1.207459818822360731e+01
1.214038210802935325e+01
1.255765758449574321e+01
