-1.246864050715719985e-01
-1.032187250406364637e-01
-3.816515755357013234e-02
1.850967810926809731e+00
2.413793293153150277e+00
2.812897453689193750e+00
2.861946113712590112e+00
3.298495519323008107e+00
3.348874166063895874e+00
3.472893980849630413e+00
3.886397965464317483e+00
4.231035446846031611e+00
4.390966966637060764e+00
4.648307019371155313e+00
4.785860564289802888e+00
5.145979794602527413e+00
5.247872335952295408e+00
5.295560644127040639e+00
5.531733487894731738e+00
5.554969272302363592e+00
5.928258346980015858e+00
5.976198278283491483e+00
6.215420466135837430e+00
6.296219561634128326e+00
6.456601770584813771e+00
6.472228245763585797e+00
6.498752443991175021e+00
6.585380275554138407e+00
6.663852567036265384e+00
6.817735776446890661e+00
7.092472538937649063e+00
7.142016079975135767e+00
7.173140353860046226e+00
7.479838929219988053e+00
7.533894351954183222e+00
7.853435280218471704e+00
8.090705301952759498e+00
8.106899989419673602e+00
8.367888938068414717e+00
8.570148511639358091e+00
8.788587652835586184e+00
9.360207627528103203e+00
9.486703346354982358e+00
9.912317503071585989e+00
1.012465869109244920e+01
1.029116892981445730e+01
1.087653861782348486e+01
1.087677566334365409e+01
1.103961955997780819e+01
1.112686408294024787e+01
1.123922414086101007e+01
1.126690263607317988e+01
1.361251513554595149e+01
1.379352029657366430e+01
1.397065888175322357e+01
1.420279402036734773e+01
1.509952228914233707e+01
1.533653356715873173e+01
1.544763581221821624e+01
1.577527073988100348e+01
1.623370021530859120e+01
1.630474163611552285e+01
1.651994233187595285e+01
1.659327126706104849e+01
1.661499253389233743e+01
1.716524312648373041e+01
1.753532484099102717e+01
1.755242398554894478e+01
1.771683826091713243e+01
1.805872121086649074e+01
1.818168192903066327e+01
1.858107232363726524e+01
1.870466776159521061e+01
1.900186405535787770e+01
1.913818498269852597e+01
1.933532134253259827e+01
1.955427946309628595e+01
1.958667896745283343e+01
1.964895443029722699e+01
2.005696565676667475e+01
2.015846451058777333e+01
2.020720717322836535e+01
2.024987194284766190e+01
2.033557644703120104e+01
