1.172350000000000003e+00 8.144999999999999463e-02 -3.490000000000000047e-02 8.144999999999999463e-02 1.078300000000000036e+00 -2.015000000000000124e-02 6.599999999999999964e-04 3.800000000000000209e-04 1.018389999999999906e+00
1.172350000000000003e+00 -8.144999999999999463e-02 3.490000000000000047e-02 -8.144999999999999463e-02 1.078300000000000036e+00 -2.015000000000000124e-02 -6.599999999999999964e-04 3.800000000000000209e-04 1.018389999999999906e+00
1.031269999999999909e+00 0.000000000000000000e+00 -0.000000000000000000e+00 0.000000000000000000e+00 1.219370000000000065e+00 4.030000000000000249e-02 -0.000000000000000000e+00 -7.600000000000000418e-04 1.018389999999999906e+00
1.172350000000000003e+00 8.144999999999999463e-02 -3.490000000000000047e-02 8.144999999999999463e-02 1.078300000000000036e+00 -2.015000000000000124e-02 6.599999999999999964e-04 3.800000000000000209e-04 1.018389999999999906e+00
1.172350000000000003e+00 -8.144999999999999463e-02 3.490000000000000047e-02 -8.144999999999999463e-02 1.078300000000000036e+00 -2.015000000000000124e-02 -6.599999999999999964e-04 3.800000000000000209e-04 1.018389999999999906e+00
1.031269999999999909e+00 0.000000000000000000e+00 -0.000000000000000000e+00 0.000000000000000000e+00 1.219370000000000065e+00 4.030000000000000249e-02 -0.000000000000000000e+00 -7.600000000000000418e-04 1.018389999999999906e+00
2.196250000000000036e+00 -3.550400000000000222e-01 1.555999999999999918e-02 -3.550400000000000222e-01 2.606219999999999981e+00 8.980000000000000135e-03 8.300000000000000086e-03 4.789999999999999987e-03 7.537700000000000511e-01
2.196250000000000036e+00 -3.550400000000000222e-01 1.555999999999999918e-02 -3.550400000000000222e-01 2.606219999999999981e+00 8.980000000000000135e-03 8.300000000000000086e-03 4.789999999999999987e-03 7.537700000000000511e-01
2.196250000000000036e+00 3.550400000000000222e-01 -1.555999999999999918e-02 3.550400000000000222e-01 2.606219999999999981e+00 8.980000000000000135e-03 -8.300000000000000086e-03 4.789999999999999987e-03 7.537700000000000511e-01
2.811209999999999987e+00 0.000000000000000000e+00 -0.000000000000000000e+00 0.000000000000000000e+00 1.991270000000000095e+00 -1.796999999999999986e-02 -0.000000000000000000e+00 -9.579999999999999974e-03 7.537700000000000511e-01
2.196250000000000036e+00 3.550400000000000222e-01 -1.555999999999999918e-02 3.550400000000000222e-01 2.606219999999999981e+00 8.980000000000000135e-03 -8.300000000000000086e-03 4.789999999999999987e-03 7.537700000000000511e-01
2.811209999999999987e+00 0.000000000000000000e+00 -0.000000000000000000e+00 0.000000000000000000e+00 1.991270000000000095e+00 -1.796999999999999986e-02 -0.000000000000000000e+00 -9.579999999999999974e-03 7.537700000000000511e-01
-1.213019999999999987e+00 -0.000000000000000000e+00 0.000000000000000000e+00 -0.000000000000000000e+00 -2.434229999999999894e+00 -1.504999999999999914e-02 0.000000000000000000e+00 1.234999999999999987e-02 -7.300200000000000022e-01
-2.128929999999999989e+00 5.288000000000000478e-01 -1.303999999999999951e-02 5.288000000000000478e-01 -1.518319999999999892e+00 7.530000000000000235e-03 1.069999999999999944e-02 -6.179999999999999730e-03 -7.300200000000000022e-01
-2.128929999999999989e+00 -5.288000000000000478e-01 1.303999999999999951e-02 -5.288000000000000478e-01 -1.518319999999999892e+00 7.530000000000000235e-03 -1.069999999999999944e-02 -6.179999999999999730e-03 -7.300200000000000022e-01
-2.128929999999999989e+00 -5.288000000000000478e-01 1.303999999999999951e-02 -5.288000000000000478e-01 -1.518319999999999892e+00 7.530000000000000235e-03 -1.069999999999999944e-02 -6.179999999999999730e-03 -7.300200000000000022e-01
-1.213019999999999987e+00 -0.000000000000000000e+00 0.000000000000000000e+00 -0.000000000000000000e+00 -2.434229999999999894e+00 -1.504999999999999914e-02 0.000000000000000000e+00 1.234999999999999987e-02 -7.300200000000000022e-01
-2.128929999999999989e+00 5.288000000000000478e-01 -1.303999999999999951e-02 5.288000000000000478e-01 -1.518319999999999892e+00 7.530000000000000235e-03 1.069999999999999944e-02 -6.179999999999999730e-03 -7.300200000000000022e-01
-2.244209999999999816e+00 -0.000000000000000000e+00 0.000000000000000000e+00 -0.000000000000000000e+00 -1.161669999999999980e+00 -5.025000000000000300e-02 0.000000000000000000e+00 4.259999999999999898e-03 -1.042140000000000066e+00
-1.432299999999999907e+00 -4.687600000000000100e-01 -4.352000000000000313e-02 -4.687600000000000100e-01 -1.973579999999999890e+00 2.511999999999999997e-02 3.690000000000000138e-03 -2.129999999999999949e-03 -1.042140000000000066e+00
-1.432299999999999907e+00 4.687600000000000100e-01 4.352000000000000313e-02 4.687600000000000100e-01 -1.973579999999999890e+00 2.511999999999999997e-02 -3.690000000000000138e-03 -2.129999999999999949e-03 -1.042140000000000066e+00
-2.244209999999999816e+00 -0.000000000000000000e+00 0.000000000000000000e+00 -0.000000000000000000e+00 -1.161669999999999980e+00 -5.025000000000000300e-02 0.000000000000000000e+00 4.259999999999999898e-03 -1.042140000000000066e+00
-1.432299999999999907e+00 -4.687600000000000100e-01 -4.352000000000000313e-02 -4.687600000000000100e-01 -1.973579999999999890e+00 2.511999999999999997e-02 3.690000000000000138e-03 -2.129999999999999949e-03 -1.042140000000000066e+00
-1.432299999999999907e+00 4.687600000000000100e-01 4.352000000000000313e-02 4.687600000000000100e-01 -1.973579999999999890e+00 2.511999999999999997e-02 -3.690000000000000138e-03 -2.129999999999999949e-03 -1.042140000000000066e+00
