2.706179999999999808e+00 0.000000000000000000e+00 1.452799999999999925e-01 0.000000000000000000e+00 2.560670000000000002e+00 0.000000000000000000e+00 2.087299999999999989e-01 0.000000000000000000e+00 2.939690000000000136e+00
2.706179999999999808e+00 0.000000000000000000e+00 -1.452799999999999925e-01 0.000000000000000000e+00 2.560670000000000002e+00 0.000000000000000000e+00 -2.087299999999999989e-01 -0.000000000000000000e+00 2.939690000000000136e+00
2.706179999999999808e+00 0.000000000000000000e+00 1.452799999999999925e-01 0.000000000000000000e+00 2.560670000000000002e+00 0.000000000000000000e+00 2.087299999999999989e-01 0.000000000000000000e+00 2.939690000000000136e+00
2.706179999999999808e+00 0.000000000000000000e+00 -1.452799999999999925e-01 0.000000000000000000e+00 2.560670000000000002e+00 0.000000000000000000e+00 -2.087299999999999989e-01 -0.000000000000000000e+00 2.939690000000000136e+00
2.744959999999999845e+00 0.000000000000000000e+00 -2.694300000000000028e-01 0.000000000000000000e+00 4.974129999999999718e+00 0.000000000000000000e+00 -4.087000000000000077e-01 0.000000000000000000e+00 2.817029999999999923e+00
2.744959999999999845e+00 0.000000000000000000e+00 -2.694300000000000028e-01 0.000000000000000000e+00 4.974129999999999718e+00 0.000000000000000000e+00 -4.087000000000000077e-01 0.000000000000000000e+00 2.817029999999999923e+00
2.744959999999999845e+00 -0.000000000000000000e+00 2.694300000000000028e-01 0.000000000000000000e+00 4.974129999999999718e+00 0.000000000000000000e+00 4.087000000000000077e-01 0.000000000000000000e+00 2.817029999999999923e+00
2.744959999999999845e+00 0.000000000000000000e+00 2.694300000000000028e-01 0.000000000000000000e+00 4.974129999999999718e+00 0.000000000000000000e+00 4.087000000000000077e-01 0.000000000000000000e+00 2.817029999999999923e+00
7.826100000000000279e-01 0.000000000000000000e+00 -1.722100000000000020e-01 0.000000000000000000e+00 3.246929999999999872e+00 0.000000000000000000e+00 -7.159000000000000086e-02 -0.000000000000000000e+00 1.595630000000000104e+00
7.826100000000000279e-01 0.000000000000000000e+00 -1.722100000000000020e-01 0.000000000000000000e+00 3.246929999999999872e+00 0.000000000000000000e+00 -7.159000000000000086e-02 -0.000000000000000000e+00 1.595630000000000104e+00
7.826100000000000279e-01 -0.000000000000000000e+00 1.722100000000000020e-01 0.000000000000000000e+00 3.246929999999999872e+00 0.000000000000000000e+00 7.159000000000000086e-02 0.000000000000000000e+00 1.595630000000000104e+00
7.826100000000000279e-01 0.000000000000000000e+00 1.722100000000000020e-01 0.000000000000000000e+00 3.246929999999999872e+00 0.000000000000000000e+00 7.159000000000000086e-02 0.000000000000000000e+00 1.595630000000000104e+00
-1.188620000000000010e+00 -1.106000000000000039e-01 7.785000000000000253e-02 6.610000000000000424e-03 -2.828279999999999905e+00 3.302000000000000074e-02 -7.967000000000000470e-02 1.263000000000000060e-02 -1.882120000000000015e+00
-1.334260000000000002e+00 0.000000000000000000e+00 1.054199999999999998e-01 0.000000000000000000e+00 -3.313730000000000064e+00 0.000000000000000000e+00 5.553999999999999909e-02 -0.000000000000000000e+00 -1.968450000000000033e+00
-1.188620000000000010e+00 -1.106000000000000039e-01 -7.785000000000000253e-02 6.610000000000000424e-03 -2.828279999999999905e+00 -3.302000000000000074e-02 7.967000000000000470e-02 -1.263000000000000060e-02 -1.882120000000000015e+00
-1.188620000000000010e+00 1.106000000000000039e-01 7.785000000000000253e-02 -6.610000000000000424e-03 -2.828279999999999905e+00 -3.302000000000000074e-02 -7.967000000000000470e-02 -1.263000000000000060e-02 -1.882120000000000015e+00
-1.188620000000000010e+00 1.106000000000000039e-01 -7.785000000000000253e-02 -6.610000000000000424e-03 -2.828279999999999905e+00 3.302000000000000074e-02 7.967000000000000470e-02 1.263000000000000060e-02 -1.882120000000000015e+00
-2.522260000000000169e+00 -0.000000000000000000e+00 8.776000000000000467e-02 0.000000000000000000e+00 -1.811450000000000005e+00 0.000000000000000000e+00 -2.830900000000000083e-01 0.000000000000000000e+00 -1.619650000000000034e+00
-1.334260000000000002e+00 0.000000000000000000e+00 -1.054199999999999998e-01 0.000000000000000000e+00 -3.313730000000000064e+00 0.000000000000000000e+00 -5.553999999999999909e-02 -0.000000000000000000e+00 -1.968450000000000033e+00
-1.334260000000000002e+00 0.000000000000000000e+00 1.054199999999999998e-01 0.000000000000000000e+00 -3.313730000000000064e+00 0.000000000000000000e+00 5.553999999999999909e-02 -0.000000000000000000e+00 -1.968450000000000033e+00
-1.188620000000000010e+00 -1.106000000000000039e-01 7.785000000000000253e-02 6.610000000000000424e-03 -2.828279999999999905e+00 3.302000000000000074e-02 -7.967000000000000470e-02 1.263000000000000060e-02 -1.882120000000000015e+00
-1.188620000000000010e+00 1.106000000000000039e-01 -7.785000000000000253e-02 -6.610000000000000424e-03 -2.828279999999999905e+00 3.302000000000000074e-02 7.967000000000000470e-02 1.263000000000000060e-02 -1.882120000000000015e+00
-2.522260000000000169e+00 -0.000000000000000000e+00 -8.776000000000000467e-02 0.000000000000000000e+00 -1.811450000000000005e+00 0.000000000000000000e+00 2.830900000000000083e-01 0.000000000000000000e+00 -1.619650000000000034e+00
-2.522260000000000169e+00 -0.000000000000000000e+00 -8.776000000000000467e-02 0.000000000000000000e+00 -1.811450000000000005e+00 0.000000000000000000e+00 2.830900000000000083e-01 0.000000000000000000e+00 -1.619650000000000034e+00
-1.188620000000000010e+00 -1.106000000000000039e-01 -7.785000000000000253e-02 6.610000000000000424e-03 -2.828279999999999905e+00 -3.302000000000000074e-02 7.967000000000000470e-02 -1.263000000000000060e-02 -1.882120000000000015e+00
-2.522260000000000169e+00 -0.000000000000000000e+00 8.776000000000000467e-02 0.000000000000000000e+00 -1.811450000000000005e+00 0.000000000000000000e+00 -2.830900000000000083e-01 0.000000000000000000e+00 -1.619650000000000034e+00
-1.188620000000000010e+00 1.106000000000000039e-01 7.785000000000000253e-02 -6.610000000000000424e-03 -2.828279999999999905e+00 -3.302000000000000074e-02 -7.967000000000000470e-02 -1.263000000000000060e-02 -1.882120000000000015e+00
-1.334260000000000002e+00 0.000000000000000000e+00 -1.054199999999999998e-01 0.000000000000000000e+00 -3.313730000000000064e+00 0.000000000000000000e+00 -5.553999999999999909e-02 -0.000000000000000000e+00 -1.968450000000000033e+00
