1.276059999999999972e+00 0.000000000000000000e+00 -1.094000000000000007e-02 0.000000000000000000e+00 1.109769999999999923e+00 0.000000000000000000e+00 -2.581999999999999920e-02 0.000000000000000000e+00 1.000960000000000072e+00
1.276059999999999972e+00 -0.000000000000000000e+00 1.094000000000000007e-02 0.000000000000000000e+00 1.109769999999999923e+00 0.000000000000000000e+00 2.581999999999999920e-02 0.000000000000000000e+00 1.000960000000000072e+00
1.276059999999999972e+00 0.000000000000000000e+00 -1.094000000000000007e-02 0.000000000000000000e+00 1.109769999999999923e+00 0.000000000000000000e+00 -2.581999999999999920e-02 0.000000000000000000e+00 1.000960000000000072e+00
1.276059999999999972e+00 0.000000000000000000e+00 1.094000000000000007e-02 0.000000000000000000e+00 1.109769999999999923e+00 0.000000000000000000e+00 2.581999999999999920e-02 0.000000000000000000e+00 1.000960000000000072e+00
9.582199999999999607e-01 -3.194000000000000311e-02 -4.209000000000000241e-02 5.618000000000000077e-02 9.520499999999999519e-01 -1.272000000000000040e-02 -1.299999999999999940e-02 -5.599999999999999943e-03 1.037860000000000005e+00
9.582199999999999607e-01 -3.194000000000000311e-02 4.209000000000000241e-02 5.618000000000000077e-02 9.520499999999999519e-01 1.272000000000000040e-02 1.299999999999999940e-02 5.599999999999999943e-03 1.037860000000000005e+00
9.582199999999999607e-01 -3.194000000000000311e-02 4.209000000000000241e-02 5.618000000000000077e-02 9.520499999999999519e-01 1.272000000000000040e-02 1.299999999999999940e-02 5.599999999999999943e-03 1.037860000000000005e+00
9.582199999999999607e-01 3.194000000000000311e-02 -4.209000000000000241e-02 -5.618000000000000077e-02 9.520499999999999519e-01 1.272000000000000040e-02 -1.299999999999999940e-02 5.599999999999999943e-03 1.037860000000000005e+00
9.582199999999999607e-01 -3.194000000000000311e-02 -4.209000000000000241e-02 5.618000000000000077e-02 9.520499999999999519e-01 -1.272000000000000040e-02 -1.299999999999999940e-02 -5.599999999999999943e-03 1.037860000000000005e+00
9.582199999999999607e-01 3.194000000000000311e-02 -4.209000000000000241e-02 -5.618000000000000077e-02 9.520499999999999519e-01 1.272000000000000040e-02 -1.299999999999999940e-02 5.599999999999999943e-03 1.037860000000000005e+00
9.582199999999999607e-01 3.194000000000000311e-02 4.209000000000000241e-02 -5.618000000000000077e-02 9.520499999999999519e-01 -1.272000000000000040e-02 1.299999999999999940e-02 -5.599999999999999943e-03 1.037860000000000005e+00
9.582199999999999607e-01 3.194000000000000311e-02 4.209000000000000241e-02 -5.618000000000000077e-02 9.520499999999999519e-01 -1.272000000000000040e-02 1.299999999999999940e-02 -5.599999999999999943e-03 1.037860000000000005e+00
2.339269999999999960e+00 0.000000000000000000e+00 1.308999999999999921e-02 0.000000000000000000e+00 2.739980000000000082e+00 0.000000000000000000e+00 2.060000000000000026e-02 0.000000000000000000e+00 2.269719999999999960e+00
2.339269999999999960e+00 0.000000000000000000e+00 -1.308999999999999921e-02 0.000000000000000000e+00 2.739980000000000082e+00 0.000000000000000000e+00 -2.060000000000000026e-02 0.000000000000000000e+00 2.269719999999999960e+00
2.339269999999999960e+00 0.000000000000000000e+00 -1.308999999999999921e-02 0.000000000000000000e+00 2.739980000000000082e+00 0.000000000000000000e+00 -2.060000000000000026e-02 0.000000000000000000e+00 2.269719999999999960e+00
2.339269999999999960e+00 0.000000000000000000e+00 1.308999999999999921e-02 0.000000000000000000e+00 2.739980000000000082e+00 0.000000000000000000e+00 2.060000000000000026e-02 0.000000000000000000e+00 2.269719999999999960e+00
-1.728679999999999994e+00 0.000000000000000000e+00 3.128500000000000170e-01 0.000000000000000000e+00 -1.470280000000000031e+00 0.000000000000000000e+00 1.710299999999999876e-01 0.000000000000000000e+00 -2.140320000000000000e+00
-1.969179999999999930e+00 -7.274500000000000410e-01 -6.369999999999999794e-03 -8.959099999999999842e-01 -2.692070000000000185e+00 -1.015500000000000014e-01 -2.219000000000000139e-02 -1.203899999999999970e-01 -1.236580000000000013e+00
-1.969179999999999930e+00 7.274500000000000410e-01 -6.369999999999999794e-03 8.959099999999999842e-01 -2.692070000000000185e+00 1.015500000000000014e-01 -2.219000000000000139e-02 1.203899999999999970e-01 -1.236580000000000013e+00
-1.833909999999999929e+00 -0.000000000000000000e+00 3.675200000000000133e-01 0.000000000000000000e+00 -1.591509999999999980e+00 0.000000000000000000e+00 2.378399999999999959e-01 -0.000000000000000000e+00 -1.969500000000000028e+00
-1.833909999999999929e+00 -0.000000000000000000e+00 3.675200000000000133e-01 0.000000000000000000e+00 -1.591509999999999980e+00 0.000000000000000000e+00 2.378399999999999959e-01 -0.000000000000000000e+00 -1.969500000000000028e+00
-1.833909999999999929e+00 0.000000000000000000e+00 -3.675200000000000133e-01 0.000000000000000000e+00 -1.591509999999999980e+00 0.000000000000000000e+00 -2.378399999999999959e-01 0.000000000000000000e+00 -1.969500000000000028e+00
-1.833909999999999929e+00 0.000000000000000000e+00 -3.675200000000000133e-01 0.000000000000000000e+00 -1.591509999999999980e+00 0.000000000000000000e+00 -2.378399999999999959e-01 0.000000000000000000e+00 -1.969500000000000028e+00
-1.728679999999999994e+00 0.000000000000000000e+00 -3.128500000000000170e-01 0.000000000000000000e+00 -1.470280000000000031e+00 0.000000000000000000e+00 -1.710299999999999876e-01 0.000000000000000000e+00 -2.140320000000000000e+00
-1.969179999999999930e+00 7.274500000000000410e-01 6.369999999999999794e-03 8.959099999999999842e-01 -2.692070000000000185e+00 -1.015500000000000014e-01 2.219000000000000139e-02 -1.203899999999999970e-01 -1.236580000000000013e+00
-1.969179999999999930e+00 -7.274500000000000410e-01 6.369999999999999794e-03 -8.959099999999999842e-01 -2.692070000000000185e+00 1.015500000000000014e-01 2.219000000000000139e-02 1.203899999999999970e-01 -1.236580000000000013e+00
-1.728679999999999994e+00 -0.000000000000000000e+00 3.128500000000000170e-01 0.000000000000000000e+00 -1.470280000000000031e+00 0.000000000000000000e+00 1.710299999999999876e-01 0.000000000000000000e+00 -2.140320000000000000e+00
-1.728679999999999994e+00 0.000000000000000000e+00 -3.128500000000000170e-01 0.000000000000000000e+00 -1.470280000000000031e+00 0.000000000000000000e+00 -1.710299999999999876e-01 0.000000000000000000e+00 -2.140320000000000000e+00
