-3.025866974528110612e-02
-1.425069483762724833e-02
-1.425046317858717250e-02
6.823885992598925920e-01
9.170321642229476433e-01
1.059039241466207315e+00
1.059039241466283698e+00
1.305889050170747634e+00
1.305889050170766508e+00
1.467200940808083276e+00
1.467200946788505878e+00
1.535749546137583410e+00
2.012117480051820007e+00
2.012117481989039280e+00
2.629455876651573654e+00
2.637026422363155653e+00
2.637026424816614423e+00
3.120187251273206730e+00
3.950805397882414916e+00
4.223876424080051706e+00
4.223876424080053482e+00
4.313355639905317673e+00
4.384456506473655146e+00
4.384456506473665804e+00
6.204179300670830344e+00
6.204179301542909641e+00
6.484775165355336490e+00
6.484775165572887801e+00
7.018928974468929383e+00
7.027131452480955609e+00
1.641085633862821425e+01
1.641085633891958651e+01
1.660818481416949055e+01
1.660818481426158044e+01
2.046962100123636574e+01
2.049233568176319764e+01
2.628343681203703852e+01
2.642812441974177418e+01
3.481033643189662996e+01
3.481033643228494157e+01
3.581351428087957345e+01
3.581351428129502779e+01
