4.811630000000000074e+00 3.083299999999999930e-01 -3.083299999999999930e-01 3.083299999999999930e-01 4.811630000000000074e+00 -3.083299999999999930e-01 -3.083299999999999930e-01 -3.083299999999999930e-01 4.811630000000000074e+00
4.811630000000000074e+00 -3.083299999999999930e-01 3.083299999999999930e-01 -3.083299999999999930e-01 4.811630000000000074e+00 -3.083299999999999930e-01 3.083299999999999930e-01 -3.083299999999999930e-01 4.811630000000000074e+00
4.811630000000000074e+00 -3.083299999999999930e-01 -3.083299999999999930e-01 -3.083299999999999930e-01 4.811630000000000074e+00 3.083299999999999930e-01 -3.083299999999999930e-01 3.083299999999999930e-01 4.811630000000000074e+00
4.811630000000000074e+00 3.083299999999999930e-01 3.083299999999999930e-01 3.083299999999999930e-01 4.811630000000000074e+00 3.083299999999999930e-01 3.083299999999999930e-01 3.083299999999999930e-01 4.811630000000000074e+00
1.747670000000000057e+00 -1.059960000000000013e+00 1.059960000000000013e+00 -1.059960000000000013e+00 1.747670000000000057e+00 1.059960000000000013e+00 1.059960000000000013e+00 1.059960000000000013e+00 1.747670000000000057e+00
1.747670000000000057e+00 1.059960000000000013e+00 -1.059960000000000013e+00 1.059960000000000013e+00 1.747670000000000057e+00 1.059960000000000013e+00 -1.059960000000000013e+00 1.059960000000000013e+00 1.747670000000000057e+00
1.747670000000000057e+00 1.059960000000000013e+00 1.059960000000000013e+00 1.059960000000000013e+00 1.747670000000000057e+00 -1.059960000000000013e+00 1.059960000000000013e+00 -1.059960000000000013e+00 1.747670000000000057e+00
1.747670000000000057e+00 -1.059960000000000013e+00 -1.059960000000000013e+00 -1.059960000000000013e+00 1.747670000000000057e+00 -1.059960000000000013e+00 -1.059960000000000013e+00 -1.059960000000000013e+00 1.747670000000000057e+00
-3.208340000000000192e+00 0.000000000000000000e+00 -0.000000000000000000e+00 0.000000000000000000e+00 -3.208340000000000192e+00 0.000000000000000000e+00 -0.000000000000000000e+00 0.000000000000000000e+00 -3.208340000000000192e+00
-3.208340000000000192e+00 0.000000000000000000e+00 -0.000000000000000000e+00 0.000000000000000000e+00 -3.208340000000000192e+00 0.000000000000000000e+00 -0.000000000000000000e+00 0.000000000000000000e+00 -3.208340000000000192e+00
-1.759770000000000056e+00 0.000000000000000000e+00 -4.244600000000000040e-01 0.000000000000000000e+00 -1.435599999999999987e+00 0.000000000000000000e+00 -4.244600000000000040e-01 0.000000000000000000e+00 -1.759770000000000056e+00
-1.759770000000000056e+00 0.000000000000000000e+00 4.244600000000000040e-01 0.000000000000000000e+00 -1.435599999999999987e+00 -0.000000000000000000e+00 4.244600000000000040e-01 -0.000000000000000000e+00 -1.759770000000000056e+00
-1.759770000000000056e+00 -4.244600000000000040e-01 -0.000000000000000000e+00 -4.244600000000000040e-01 -1.759770000000000056e+00 -0.000000000000000000e+00 -0.000000000000000000e+00 -0.000000000000000000e+00 -1.435599999999999987e+00
-1.435599999999999987e+00 0.000000000000000000e+00 -0.000000000000000000e+00 0.000000000000000000e+00 -1.759770000000000056e+00 -4.244600000000000040e-01 -0.000000000000000000e+00 -4.244600000000000040e-01 -1.759770000000000056e+00
-1.435599999999999987e+00 0.000000000000000000e+00 -0.000000000000000000e+00 0.000000000000000000e+00 -1.759770000000000056e+00 4.244600000000000040e-01 -0.000000000000000000e+00 4.244600000000000040e-01 -1.759770000000000056e+00
-1.759770000000000056e+00 4.244600000000000040e-01 -0.000000000000000000e+00 4.244600000000000040e-01 -1.759770000000000056e+00 0.000000000000000000e+00 -0.000000000000000000e+00 0.000000000000000000e+00 -1.435599999999999987e+00
-1.759770000000000056e+00 0.000000000000000000e+00 4.244600000000000040e-01 0.000000000000000000e+00 -1.435599999999999987e+00 -0.000000000000000000e+00 4.244600000000000040e-01 -0.000000000000000000e+00 -1.759770000000000056e+00
-1.435599999999999987e+00 0.000000000000000000e+00 -0.000000000000000000e+00 0.000000000000000000e+00 -1.759770000000000056e+00 4.244600000000000040e-01 -0.000000000000000000e+00 4.244600000000000040e-01 -1.759770000000000056e+00
-1.435599999999999987e+00 0.000000000000000000e+00 -0.000000000000000000e+00 0.000000000000000000e+00 -1.759770000000000056e+00 -4.244600000000000040e-01 -0.000000000000000000e+00 -4.244600000000000040e-01 -1.759770000000000056e+00
-1.759770000000000056e+00 0.000000000000000000e+00 -4.244600000000000040e-01 0.000000000000000000e+00 -1.435599999999999987e+00 0.000000000000000000e+00 -4.244600000000000040e-01 0.000000000000000000e+00 -1.759770000000000056e+00
-1.759770000000000056e+00 4.244600000000000040e-01 -0.000000000000000000e+00 4.244600000000000040e-01 -1.759770000000000056e+00 0.000000000000000000e+00 -0.000000000000000000e+00 0.000000000000000000e+00 -1.435599999999999987e+00
-1.759770000000000056e+00 -4.244600000000000040e-01 -0.000000000000000000e+00 -4.244600000000000040e-01 -1.759770000000000056e+00 -0.000000000000000000e+00 -0.000000000000000000e+00 -0.000000000000000000e+00 -1.435599999999999987e+00
