-5.718230756136459536e-02
-5.718229654277934282e-02
-4.857061138986232957e-02
1.173406996171258543e+00
1.173407002407010458e+00
1.275562445650991528e+00
1.275562445917080678e+00
1.481332094848080372e+00
2.191033380602864344e+00
3.333749141443783426e+00
3.439293459062959801e+00
3.439293460368157973e+00
3.442027119359796217e+00
3.960510452414987004e+00
3.960510452737930898e+00
7.457901863804941023e+00
7.838099622771592223e+00
7.838099623419319428e+00
8.549334290546989124e+00
8.549334290653545665e+00
9.186012064262907728e+00
9.186012065340838362e+00
9.841691321657190628e+00
9.841691322141960185e+00
9.944329867881890550e+00
1.010254643543400732e+01
1.010254643590809209e+01
1.143468929451788618e+01
2.381748837997297485e+01
2.381748838011763780e+01
2.397535481813038771e+01
2.397535481827660320e+01
2.593983566188765266e+01
2.765217783798998497e+01
2.959141657592539332e+01
3.020722646783169552e+01
