-7.822965120838587527e-02
-2.098263328812778605e-02
-2.098245385263083213e-02
1.582784513111165525e+00
1.582784514357304051e+00
2.417076853055356800e+00
2.417076854571372557e+00
2.426270437536790059e+00
2.471880914769515325e+00
2.471880921238151174e+00
2.496176171223347229e+00
2.850451577895040778e+00
2.975948336296447838e+00
3.027765271991175400e+00
3.027765273095736731e+00
3.435676174166985675e+00
3.551762843929359814e+00
3.551762844922325080e+00
3.618925184562238773e+00
3.700481740431795785e+00
3.700481741556452153e+00
4.063757892526156823e+00
4.063757893010450317e+00
4.296719265982338776e+00
4.296719266349306565e+00
4.414927213016804686e+00
4.414927214575752323e+00
4.695947797935935419e+00
5.134154617286606381e+00
5.330768240315201467e+00
5.622618444086485034e+00
6.242708660616153260e+00
7.106897615942612489e+00
7.106897616537420248e+00
7.943727884778947868e+00
8.013095455978696435e+00
8.013095456424245810e+00
8.639369609931982552e+00
8.889865636306321761e+00
8.889865636857429365e+00
9.237757353294396623e+00
9.237757353857778853e+00
9.420543527700726116e+00
9.420543528134862399e+00
1.028504215547485501e+01
1.035336508190008864e+01
1.035336508235441677e+01
1.067332182631408699e+01
1.067332182636541482e+01
1.077624275525240982e+01
1.096990480754803698e+01
1.096990480763448517e+01
1.139687323348767833e+01
1.222189481437260916e+01
1.222189481439637504e+01
1.231292046317085287e+01
1.243515208285230855e+01
1.243515208302665087e+01
1.256775913667619271e+01
1.287340006660657465e+01
1.287340006666281234e+01
1.342785765241885265e+01
1.349067821389924760e+01
1.349067821430482716e+01
1.359094878663960237e+01
1.410304480586442111e+01
