1.055449999999999999e+00 4.959999999999999826e-02 -9.805999999999999439e-02 6.074999999999999845e-02 9.951799999999999535e-01 -7.792000000000000315e-02 6.010999999999999677e-02 4.093999999999999723e-02 9.758499999999999952e-01
1.055449999999999999e+00 4.959999999999999826e-02 -9.805999999999999439e-02 6.074999999999999845e-02 9.951799999999999535e-01 -7.792000000000000315e-02 6.010999999999999677e-02 4.093999999999999723e-02 9.758499999999999952e-01
7.537500000000000311e-01 1.507000000000000006e-01 -2.799999999999999755e-04 1.909200000000000064e-01 1.038929999999999909e+00 5.897999999999999771e-02 -3.359000000000000180e-02 1.422000000000000000e-02 1.053919999999999968e+00
7.537500000000000311e-01 1.507000000000000006e-01 -2.799999999999999755e-04 1.909200000000000064e-01 1.038929999999999909e+00 5.897999999999999771e-02 -3.359000000000000180e-02 1.422000000000000000e-02 1.053919999999999968e+00
1.220429999999999904e+00 -8.580000000000000127e-02 8.501999999999999835e-02 -1.395500000000000074e-01 9.339199999999999724e-01 2.725999999999999951e-02 4.905999999999999944e-02 -2.436999999999999930e-02 1.060580000000000078e+00
1.220429999999999904e+00 -8.580000000000000127e-02 8.501999999999999835e-02 -1.395500000000000074e-01 9.339199999999999724e-01 2.725999999999999951e-02 4.905999999999999944e-02 -2.436999999999999930e-02 1.060580000000000078e+00
1.049409999999999954e+00 -9.453999999999999904e-02 1.488000000000000086e-02 -1.119399999999999978e-01 1.123609999999999998e+00 1.422999999999999959e-02 -7.889999999999999791e-02 -3.393999999999999795e-02 9.528600000000000403e-01
1.049409999999999954e+00 -9.453999999999999904e-02 1.488000000000000086e-02 -1.119399999999999978e-01 1.123609999999999998e+00 1.422999999999999959e-02 -7.889999999999999791e-02 -3.393999999999999795e-02 9.528600000000000403e-01
2.531060000000000088e+00 5.172000000000000208e-02 1.064100000000000046e-01 7.445000000000000229e-02 2.661389999999999922e+00 1.272999999999999965e-01 8.390000000000000235e-02 1.059200000000000003e-01 2.919059999999999988e+00
2.531060000000000088e+00 5.172000000000000208e-02 1.064100000000000046e-01 7.445000000000000229e-02 2.661389999999999922e+00 1.272999999999999965e-01 8.390000000000000235e-02 1.059200000000000003e-01 2.919059999999999988e+00
-2.163609999999999811e+00 -7.761299999999999866e-01 3.327999999999999847e-01 -8.007600000000000273e-01 -1.626060000000000061e+00 2.013099999999999890e-01 3.424400000000000222e-01 2.404900000000000093e-01 -1.184250000000000025e+00
-2.163609999999999811e+00 -7.761299999999999866e-01 3.327999999999999847e-01 -8.007600000000000273e-01 -1.626060000000000061e+00 2.013099999999999890e-01 3.424400000000000222e-01 2.404900000000000093e-01 -1.184250000000000025e+00
-1.746380000000000043e+00 6.281400000000000317e-01 4.896599999999999842e-01 5.536699999999999955e-01 -1.653820000000000068e+00 -6.077200000000000379e-01 5.396900000000000031e-01 -5.001999999999999780e-01 -1.707300000000000040e+00
-1.746380000000000043e+00 6.281400000000000317e-01 4.896599999999999842e-01 5.536699999999999955e-01 -1.653820000000000068e+00 -6.077200000000000379e-01 5.396900000000000031e-01 -5.001999999999999780e-01 -1.707300000000000040e+00
-1.253730000000000011e+00 3.489499999999999824e-01 -3.143799999999999928e-01 4.395100000000000118e-01 -2.042949999999999822e+00 7.613600000000000367e-01 -2.921599999999999753e-01 7.174399999999999666e-01 -1.771349999999999980e+00
-1.253730000000000011e+00 3.489499999999999824e-01 -3.143799999999999928e-01 4.395100000000000118e-01 -2.042949999999999822e+00 7.613600000000000367e-01 -2.921599999999999753e-01 7.174399999999999666e-01 -1.771349999999999980e+00
-1.446390000000000065e+00 -2.726399999999999935e-01 -6.160400000000000320e-01 -2.670500000000000096e-01 -1.430209999999999981e+00 -5.048000000000000265e-01 -6.705499999999999794e-01 -5.604999999999999982e-01 -2.299370000000000136e+00
-1.446390000000000065e+00 -2.726399999999999935e-01 -6.160400000000000320e-01 -2.670500000000000096e-01 -1.430209999999999981e+00 -5.048000000000000265e-01 -6.705499999999999794e-01 -5.604999999999999982e-01 -2.299370000000000136e+00
