2.895249999999999879e+00 8.598000000000000087e-02 -2.982199999999999851e-01 8.598000000000000087e-02 2.795970000000000066e+00 -1.721799999999999997e-01 -2.453899999999999970e-01 -1.416800000000000004e-01 2.327430000000000110e+00
2.895249999999999879e+00 -8.598000000000000087e-02 2.982199999999999851e-01 -8.598000000000000087e-02 2.795970000000000066e+00 -1.721799999999999997e-01 2.453899999999999970e-01 -1.416800000000000004e-01 2.327430000000000110e+00
2.746329999999999938e+00 -0.000000000000000000e+00 -0.000000000000000000e+00 -0.000000000000000000e+00 2.944890000000000008e+00 3.443599999999999994e-01 -0.000000000000000000e+00 2.833600000000000008e-01 2.327430000000000110e+00
2.895249999999999879e+00 8.598000000000000087e-02 -2.982199999999999851e-01 8.598000000000000087e-02 2.795970000000000066e+00 -1.721799999999999997e-01 -2.453899999999999970e-01 -1.416800000000000004e-01 2.327430000000000110e+00
2.895249999999999879e+00 -8.598000000000000087e-02 2.982199999999999851e-01 -8.598000000000000087e-02 2.795970000000000066e+00 -1.721799999999999997e-01 2.453899999999999970e-01 -1.416800000000000004e-01 2.327430000000000110e+00
2.746329999999999938e+00 -0.000000000000000000e+00 -0.000000000000000000e+00 -0.000000000000000000e+00 2.944890000000000008e+00 3.443599999999999994e-01 -0.000000000000000000e+00 2.833600000000000008e-01 2.327430000000000110e+00
1.382009999999999961e+00 -0.000000000000000000e+00 -0.000000000000000000e+00 -0.000000000000000000e+00 1.382009999999999961e+00 0.000000000000000000e+00 -0.000000000000000000e+00 0.000000000000000000e+00 3.459929999999999950e+00
1.382009999999999961e+00 -0.000000000000000000e+00 -0.000000000000000000e+00 -0.000000000000000000e+00 1.382009999999999961e+00 0.000000000000000000e+00 -0.000000000000000000e+00 0.000000000000000000e+00 3.459929999999999950e+00
1.507470000000000088e+00 3.590000000000000135e-02 -0.000000000000000000e+00 -3.590000000000000135e-02 1.507470000000000088e+00 0.000000000000000000e+00 -0.000000000000000000e+00 0.000000000000000000e+00 2.484550000000000036e+00
1.507470000000000088e+00 -3.590000000000000135e-02 -0.000000000000000000e+00 3.590000000000000135e-02 1.507470000000000088e+00 0.000000000000000000e+00 -0.000000000000000000e+00 0.000000000000000000e+00 2.484550000000000036e+00
-1.692849999999999966e+00 4.254200000000000204e-01 3.154600000000000182e-01 4.973299999999999943e-01 -2.115920000000000023e+00 -4.333000000000000185e-01 3.260100000000000220e-01 -5.332200000000000273e-01 -2.154459999999999820e+00
-1.610589999999999966e+00 -4.498400000000000176e-01 2.175199999999999911e-01 -3.779299999999999882e-01 -2.198179999999999801e+00 4.898399999999999976e-01 2.987799999999999900e-01 5.489399999999999835e-01 -2.154459999999999820e+00
-2.409720000000000084e+00 -8.344999999999999640e-02 -5.329800000000000093e-01 -1.153999999999999991e-02 -1.399059999999999970e+00 -5.653999999999999998e-02 -6.247899999999999565e-01 -1.572000000000000133e-02 -2.154459999999999820e+00
-1.692849999999999966e+00 -4.254200000000000204e-01 -3.154600000000000182e-01 -4.973299999999999943e-01 -2.115920000000000023e+00 -4.333000000000000185e-01 -3.260100000000000220e-01 -5.332200000000000273e-01 -2.154459999999999820e+00
-2.409720000000000084e+00 8.344999999999999640e-02 5.329800000000000093e-01 1.153999999999999991e-02 -1.399059999999999970e+00 -5.653999999999999998e-02 6.247899999999999565e-01 -1.572000000000000133e-02 -2.154459999999999820e+00
-1.610589999999999966e+00 4.498400000000000176e-01 -2.175199999999999911e-01 3.779299999999999882e-01 -2.198179999999999801e+00 4.898399999999999976e-01 -2.987799999999999900e-01 5.489399999999999835e-01 -2.154459999999999820e+00
-1.692849999999999966e+00 4.254200000000000204e-01 3.154600000000000182e-01 4.973299999999999943e-01 -2.115920000000000023e+00 -4.333000000000000185e-01 3.260100000000000220e-01 -5.332200000000000273e-01 -2.154459999999999820e+00
-1.610589999999999966e+00 -4.498400000000000176e-01 2.175199999999999911e-01 -3.779299999999999882e-01 -2.198179999999999801e+00 4.898399999999999976e-01 2.987799999999999900e-01 5.489399999999999835e-01 -2.154459999999999820e+00
-2.409720000000000084e+00 -8.344999999999999640e-02 -5.329800000000000093e-01 -1.153999999999999991e-02 -1.399059999999999970e+00 -5.653999999999999998e-02 -6.247899999999999565e-01 -1.572000000000000133e-02 -2.154459999999999820e+00
-1.692849999999999966e+00 -4.254200000000000204e-01 -3.154600000000000182e-01 -4.973299999999999943e-01 -2.115920000000000023e+00 -4.333000000000000185e-01 -3.260100000000000220e-01 -5.332200000000000273e-01 -2.154459999999999820e+00
-1.610589999999999966e+00 4.498400000000000176e-01 -2.175199999999999911e-01 3.779299999999999882e-01 -2.198179999999999801e+00 4.898399999999999976e-01 -2.987799999999999900e-01 5.489399999999999835e-01 -2.154459999999999820e+00
-2.409720000000000084e+00 8.344999999999999640e-02 5.329800000000000093e-01 1.153999999999999991e-02 -1.399059999999999970e+00 -5.653999999999999998e-02 6.247899999999999565e-01 -1.572000000000000133e-02 -2.154459999999999820e+00
