1.011309999999999931e+00 -1.577999999999999889e-02 3.896999999999999770e-02 -6.839999999999999726e-03 1.034010000000000096e+00 7.506000000000000172e-02 3.903999999999999831e-02 6.203999999999999793e-02 1.001139999999999919e+00
1.011309999999999931e+00 1.577999999999999889e-02 3.896999999999999770e-02 6.839999999999999726e-03 1.034010000000000096e+00 -7.506000000000000172e-02 3.903999999999999831e-02 -6.203999999999999793e-02 1.001139999999999919e+00
1.011309999999999931e+00 -1.577999999999999889e-02 3.896999999999999770e-02 -6.839999999999999726e-03 1.034010000000000096e+00 7.506000000000000172e-02 3.903999999999999831e-02 6.203999999999999793e-02 1.001139999999999919e+00
1.011309999999999931e+00 1.577999999999999889e-02 3.896999999999999770e-02 6.839999999999999726e-03 1.034010000000000096e+00 -7.506000000000000172e-02 3.903999999999999831e-02 -6.203999999999999793e-02 1.001139999999999919e+00
3.584350000000000147e+00 -5.745999999999999719e-02 7.027999999999999525e-02 2.024000000000000105e-02 3.610520000000000174e+00 1.772700000000000109e-01 4.590999999999999942e-02 -1.145999999999999935e-01 3.643279999999999852e+00
3.584350000000000147e+00 5.745999999999999719e-02 7.027999999999999525e-02 -2.024000000000000105e-02 3.610520000000000174e+00 -1.772700000000000109e-01 4.590999999999999942e-02 1.145999999999999935e-01 3.643279999999999852e+00
3.584350000000000147e+00 -5.745999999999999719e-02 7.027999999999999525e-02 2.024000000000000105e-02 3.610520000000000174e+00 1.772700000000000109e-01 4.590999999999999942e-02 -1.145999999999999935e-01 3.643279999999999852e+00
3.584350000000000147e+00 5.745999999999999719e-02 7.027999999999999525e-02 -2.024000000000000105e-02 3.610520000000000174e+00 -1.772700000000000109e-01 4.590999999999999942e-02 1.145999999999999935e-01 3.643279999999999852e+00
-2.260479999999999823e+00 3.541099999999999803e-01 -7.918999999999999651e-02 3.609700000000000131e-01 -2.257929999999999993e+00 7.198200000000000154e-01 -7.062999999999999834e-02 6.492499999999999938e-01 -2.337950000000000195e+00
-2.335189999999999877e+00 4.031000000000000139e-01 -3.005999999999999991e-02 4.059400000000000230e-01 -2.386600000000000055e+00 7.362999999999999545e-01 -1.430999999999999980e-02 8.329800000000000537e-01 -2.306459999999999955e+00
-2.260479999999999823e+00 -3.541099999999999803e-01 -7.918999999999999651e-02 -3.609700000000000131e-01 -2.257929999999999993e+00 -7.198200000000000154e-01 -7.062999999999999834e-02 -6.492499999999999938e-01 -2.337950000000000195e+00
-2.260479999999999823e+00 3.541099999999999803e-01 -7.918999999999999651e-02 3.609700000000000131e-01 -2.257929999999999993e+00 7.198200000000000154e-01 -7.062999999999999834e-02 6.492499999999999938e-01 -2.337950000000000195e+00
-2.335189999999999877e+00 4.031000000000000139e-01 -3.005999999999999991e-02 4.059400000000000230e-01 -2.386600000000000055e+00 7.362999999999999545e-01 -1.430999999999999980e-02 8.329800000000000537e-01 -2.306459999999999955e+00
-2.335189999999999877e+00 -4.031000000000000139e-01 -3.005999999999999991e-02 -4.059400000000000230e-01 -2.386600000000000055e+00 -7.362999999999999545e-01 -1.430999999999999980e-02 -8.329800000000000537e-01 -2.306459999999999955e+00
-2.335189999999999877e+00 -4.031000000000000139e-01 -3.005999999999999991e-02 -4.059400000000000230e-01 -2.386600000000000055e+00 -7.362999999999999545e-01 -1.430999999999999980e-02 -8.329800000000000537e-01 -2.306459999999999955e+00
-2.260479999999999823e+00 -3.541099999999999803e-01 -7.918999999999999651e-02 -3.609700000000000131e-01 -2.257929999999999993e+00 -7.198200000000000154e-01 -7.062999999999999834e-02 -6.492499999999999938e-01 -2.337950000000000195e+00
