2.464259999999999895e+00 1.273199999999999887e-01 -6.723999999999999422e-02 1.824199999999999988e-01 2.409040000000000070e+00 -4.145999999999999686e-02 3.218000000000000027e-02 -1.119200000000000056e-01 2.345549999999999802e+00
2.464259999999999895e+00 1.273199999999999887e-01 -6.723999999999999422e-02 1.824199999999999988e-01 2.409040000000000070e+00 -4.145999999999999686e-02 3.218000000000000027e-02 -1.119200000000000056e-01 2.345549999999999802e+00
2.464259999999999895e+00 -1.273199999999999887e-01 -6.723999999999999422e-02 -1.824199999999999988e-01 2.409040000000000070e+00 4.145999999999999686e-02 3.218000000000000027e-02 1.119200000000000056e-01 2.345549999999999802e+00
2.464259999999999895e+00 -1.273199999999999887e-01 -6.723999999999999422e-02 -1.824199999999999988e-01 2.409040000000000070e+00 4.145999999999999686e-02 3.218000000000000027e-02 1.119200000000000056e-01 2.345549999999999802e+00
4.701929999999999943e+00 -4.532999999999999807e-01 6.366000000000000547e-01 3.315199999999999814e-01 4.895150000000000112e+00 9.499000000000000499e-02 -5.123900000000000121e-01 2.635700000000000265e-01 4.749520000000000408e+00
4.701929999999999943e+00 4.532999999999999807e-01 6.366000000000000547e-01 -3.315199999999999814e-01 4.895150000000000112e+00 -9.499000000000000499e-02 -5.123900000000000121e-01 -2.635700000000000265e-01 4.749520000000000408e+00
6.849610000000000198e+00 -4.711500000000000132e-01 -6.278000000000000247e-01 1.812499999999999944e-01 6.906419999999999781e+00 -8.901000000000000578e-02 3.526000000000000245e-01 -2.211100000000000010e-01 6.829320000000000057e+00
6.849610000000000198e+00 4.711500000000000132e-01 -6.278000000000000247e-01 -1.812499999999999944e-01 6.906419999999999781e+00 8.901000000000000578e-02 3.526000000000000245e-01 2.211100000000000010e-01 6.829320000000000057e+00
-2.036059999999999981e+00 -2.554999999999999979e-02 -2.657399999999999762e-01 -1.491399999999999948e-01 -1.771849999999999925e+00 1.143099999999999949e-01 -2.836600000000000232e-01 1.364200000000000135e-01 -4.427369999999999806e+00
-2.036059999999999981e+00 -2.554999999999999979e-02 -2.657399999999999762e-01 -1.491399999999999948e-01 -1.771849999999999925e+00 1.143099999999999949e-01 -2.836600000000000232e-01 1.364200000000000135e-01 -4.427369999999999806e+00
-2.036059999999999981e+00 2.554999999999999979e-02 -2.657399999999999762e-01 1.491399999999999948e-01 -1.771849999999999925e+00 -1.143099999999999949e-01 -2.836600000000000232e-01 -1.364200000000000135e-01 -4.427369999999999806e+00
-2.036059999999999981e+00 2.554999999999999979e-02 -2.657399999999999762e-01 1.491399999999999948e-01 -1.771849999999999925e+00 -1.143099999999999949e-01 -2.836600000000000232e-01 -1.364200000000000135e-01 -4.427369999999999806e+00
-3.298519999999999897e+00 1.261079999999999979e+00 1.715099999999999958e-01 1.300570000000000004e+00 -3.058139999999999858e+00 -6.521000000000000407e-02 1.772600000000000009e-01 -2.639999999999999986e-02 -1.846940000000000026e+00
-3.298519999999999897e+00 1.261079999999999979e+00 1.715099999999999958e-01 1.300570000000000004e+00 -3.058139999999999858e+00 -6.521000000000000407e-02 1.772600000000000009e-01 -2.639999999999999986e-02 -1.846940000000000026e+00
-3.298519999999999897e+00 -1.261079999999999979e+00 1.715099999999999958e-01 -1.300570000000000004e+00 -3.058139999999999858e+00 6.521000000000000407e-02 1.772600000000000009e-01 2.639999999999999986e-02 -1.846940000000000026e+00
-3.298519999999999897e+00 -1.261079999999999979e+00 1.715099999999999958e-01 -1.300570000000000004e+00 -3.058139999999999858e+00 6.521000000000000407e-02 1.772600000000000009e-01 2.639999999999999986e-02 -1.846940000000000026e+00
-2.905450000000000088e+00 -1.278620000000000090e+00 1.570699999999999874e-01 -1.312720000000000109e+00 -3.479839999999999822e+00 3.028100000000000236e-01 1.541099999999999970e-01 2.870599999999999818e-01 -1.860659999999999981e+00
-2.905450000000000088e+00 -1.278620000000000090e+00 1.570699999999999874e-01 -1.312720000000000109e+00 -3.479839999999999822e+00 3.028100000000000236e-01 1.541099999999999970e-01 2.870599999999999818e-01 -1.860659999999999981e+00
-2.905450000000000088e+00 1.278620000000000090e+00 1.570699999999999874e-01 1.312720000000000109e+00 -3.479839999999999822e+00 -3.028100000000000236e-01 1.541099999999999970e-01 -2.870599999999999818e-01 -1.860659999999999981e+00
-2.905450000000000088e+00 1.278620000000000090e+00 1.570699999999999874e-01 1.312720000000000109e+00 -3.479839999999999822e+00 -3.028100000000000236e-01 1.541099999999999970e-01 -2.870599999999999818e-01 -1.860659999999999981e+00
