-2.342216030267361415e-01
-1.965668628736041146e-01
-6.968214482126310061e-02
3.078411890170859699e+00
3.466595351548939163e+00
3.659646915496358677e+00
3.995902031352688510e+00
4.180917909767804197e+00
4.373941589803385099e+00
4.503700390498975636e+00
4.632561293016584258e+00
5.042242126849774131e+00
5.078056479654065924e+00
5.246961594791708094e+00
5.361080094005456154e+00
5.536947426704750264e+00
5.675222070325359525e+00
5.982652491686406115e+00
6.003273450513406218e+00
6.029523361058744868e+00
6.127230605617250525e+00
6.597735260220338738e+00
6.641651431517140658e+00
6.832082541825716504e+00
7.138753812362044648e+00
7.216046132230873766e+00
7.256199118021166683e+00
7.578126066875233491e+00
7.719417877205771106e+00
7.814189296760095438e+00
7.843098142471270684e+00
8.017698362070390772e+00
8.050898981544373001e+00
8.216684909038550089e+00
8.322165312917208624e+00
8.563236413301023475e+00
9.889127538115824123e+00
1.031968189575014883e+01
1.036042422564775478e+01
1.039344754588842434e+01
1.074118832009727953e+01
1.107809452988522914e+01
1.119128309160441148e+01
1.121982467035486586e+01
1.137439819685410392e+01
1.244804422801384902e+01
1.981579919499830211e+01
1.993672707281042022e+01
2.008226220641501669e+01
2.071552429379765314e+01
2.117008477472308670e+01
2.142336865129336232e+01
2.190877282681848115e+01
2.236294782623245680e+01
