5.302870000000000417e+00 -0.000000000000000000e+00 0.000000000000000000e+00 -0.000000000000000000e+00 5.302870000000000417e+00 -0.000000000000000000e+00 0.000000000000000000e+00 -0.000000000000000000e+00 4.699150000000000382e+00
5.302870000000000417e+00 -0.000000000000000000e+00 0.000000000000000000e+00 -0.000000000000000000e+00 5.302870000000000417e+00 -0.000000000000000000e+00 0.000000000000000000e+00 -0.000000000000000000e+00 4.699150000000000382e+00
3.125269999999999992e+00 -0.000000000000000000e+00 0.000000000000000000e+00 -0.000000000000000000e+00 3.125269999999999992e+00 -0.000000000000000000e+00 0.000000000000000000e+00 -0.000000000000000000e+00 4.162010000000000431e+00
3.125269999999999992e+00 -0.000000000000000000e+00 0.000000000000000000e+00 -0.000000000000000000e+00 3.125269999999999992e+00 -0.000000000000000000e+00 0.000000000000000000e+00 -0.000000000000000000e+00 4.162010000000000431e+00
-3.059579999999999966e+00 0.000000000000000000e+00 -3.292200000000000126e-01 0.000000000000000000e+00 -1.154490000000000016e+00 0.000000000000000000e+00 -1.595300000000000051e-01 0.000000000000000000e+00 -2.215289999999999981e+00
-1.154490000000000016e+00 0.000000000000000000e+00 -0.000000000000000000e+00 0.000000000000000000e+00 -3.059579999999999966e+00 3.292200000000000126e-01 -0.000000000000000000e+00 1.595300000000000051e-01 -2.215289999999999981e+00
-1.154490000000000016e+00 0.000000000000000000e+00 -0.000000000000000000e+00 0.000000000000000000e+00 -3.059579999999999966e+00 -3.292200000000000126e-01 -0.000000000000000000e+00 -1.595300000000000051e-01 -2.215289999999999981e+00
-3.059579999999999966e+00 0.000000000000000000e+00 3.292200000000000126e-01 0.000000000000000000e+00 -1.154490000000000016e+00 0.000000000000000000e+00 1.595300000000000051e-01 0.000000000000000000e+00 -2.215289999999999981e+00
-1.154490000000000016e+00 0.000000000000000000e+00 -0.000000000000000000e+00 0.000000000000000000e+00 -3.059579999999999966e+00 3.292200000000000126e-01 -0.000000000000000000e+00 1.595300000000000051e-01 -2.215289999999999981e+00
-3.059579999999999966e+00 0.000000000000000000e+00 -3.292200000000000126e-01 0.000000000000000000e+00 -1.154490000000000016e+00 0.000000000000000000e+00 -1.595300000000000051e-01 0.000000000000000000e+00 -2.215289999999999981e+00
-3.059579999999999966e+00 0.000000000000000000e+00 3.292200000000000126e-01 0.000000000000000000e+00 -1.154490000000000016e+00 0.000000000000000000e+00 1.595300000000000051e-01 0.000000000000000000e+00 -2.215289999999999981e+00
-1.154490000000000016e+00 0.000000000000000000e+00 -0.000000000000000000e+00 0.000000000000000000e+00 -3.059579999999999966e+00 -3.292200000000000126e-01 -0.000000000000000000e+00 -1.595300000000000051e-01 -2.215289999999999981e+00
