-1.130382786185358743e-02
-1.130347772729503944e-02
-7.410525176894398706e-03
4.628426590245407368e+00
6.145927785786385655e+00
6.145927785864848225e+00
6.514867422222326176e+00
6.712356018837569493e+00
6.838442171683412951e+00
6.838442172008091902e+00
7.061292474336656966e+00
7.061292474724854884e+00
8.574246060627563892e+00
8.574246060881733911e+00
8.899919693977834001e+00
8.899919694738947840e+00
9.324444028314630373e+00
9.864132107612974210e+00
1.248525509883194395e+01
1.248525509949495316e+01
1.305879724702911560e+01
1.305879724760944072e+01
1.361369924133675902e+01
1.484381311377212320e+01
1.484381311419842220e+01
1.568837232461543074e+01
1.731525600161009848e+01
1.731525600187059766e+01
1.749699706909876795e+01
1.822345293843808633e+01
