-8.381654697568095835e-02
-1.486370651344643724e-02
-1.176846521325480843e-02
3.035769127765262532e+00
3.906136538171524730e+00
3.968436553086856389e+00
4.101884317543231795e+00
4.452954860691172634e+00
4.513851190399010171e+00
4.738742310726373752e+00
4.775812145609373616e+00
4.838804326585732341e+00
4.947714146088941334e+00
5.679317902099134230e+00
6.135716971904620287e+00
7.362825866945382991e+00
7.643008007424120898e+00
7.783024460406915424e+00
8.622339624588059692e+00
8.641002486723653675e+00
9.324447722563744989e+00
1.105181855336348740e+01
1.212136596960317547e+01
1.300704272991741028e+01
1.306739110236794588e+01
1.410831135460224495e+01
1.411597844454413320e+01
1.416248860070308879e+01
1.558033814471372303e+01
1.593636595310464621e+01
1.609969925094787513e+01
1.630562303484162356e+01
1.636955061861039340e+01
1.675169088759999880e+01
1.716566935288128448e+01
1.731341170952620701e+01
1.731854306267050347e+01
1.747525960432670189e+01
1.782459851003748597e+01
1.819572163015489608e+01
1.869976596181550121e+01
1.892646116351892260e+01
