-6.529013810439801557e-02
-5.825055952314474317e-02
-5.380002703276064863e-02
1.083097188287402535e+00
1.199177904641587578e+00
1.361158258565238866e+00
1.440997959082821911e+00
1.540709795351576039e+00
1.917245857266582476e+00
2.044419917956538324e+00
2.203416630059072290e+00
2.257061795766957424e+00
2.445977755236060869e+00
2.460628816713445133e+00
2.509136978831148390e+00
2.819745472022395116e+00
2.836862533335223535e+00
2.925680980001860831e+00
3.035940325670677176e+00
3.064012032845099931e+00
3.065048929956479817e+00
3.122863994190436365e+00
3.167950660196032331e+00
3.179486760633995157e+00
3.462979541387087412e+00
3.486409663309147255e+00
3.535809510256031629e+00
3.673552821980408112e+00
3.731993804579139429e+00
3.782516795011916066e+00
3.978872047571142545e+00
4.008663476338043097e+00
4.128654902392877801e+00
4.151474613738146857e+00
4.204183032173303580e+00
4.229021150178981614e+00
4.451563660568389480e+00
4.461028269533048984e+00
4.480202372776258990e+00
4.717460272028143997e+00
4.850583650836107985e+00
4.855686510325007532e+00
5.110912340182413693e+00
5.125023579747011837e+00
5.432206632984702743e+00
5.456611512168704436e+00
5.619163585535356553e+00
5.621649994815039797e+00
6.086258524334818176e+00
6.118194294195563820e+00
6.197242374314267721e+00
6.198779000229357017e+00
6.264661234327538075e+00
6.446817931230442333e+00
6.495002372528857038e+00
6.738269977850778858e+00
6.867248622580286010e+00
7.028091201445809233e+00
7.097114046833448597e+00
7.111108865668167134e+00
7.144440881813589606e+00
7.148547139102837455e+00
8.000028977552410936e+00
8.045254625866439468e+00
8.163378136135849061e+00
8.200523779972934690e+00
8.412279722280876726e+00
8.820997089676071212e+00
1.049193271105954217e+01
1.049698469004981582e+01
1.080497482981752810e+01
1.096216858955678397e+01
1.150863575036237840e+01
1.183421557670280855e+01
1.244200831576661770e+01
1.256845994035314007e+01
1.455145019689730645e+01
1.493316185757795544e+01
1.497960246691172870e+01
1.554078407608963630e+01
1.585965935858247100e+01
1.595390458200161454e+01
1.610297182516962877e+01
1.678583290736647626e+01
