-1.351036715335695026e-01
-8.868203603455107609e-02
-8.868201020712737637e-02
3.270816731082224926e+00
3.666709017566313733e+00
3.666709018256056662e+00
4.217764245685969193e+00
6.270428877873004403e+00
6.270428878708957043e+00
7.678530493808420232e+00
8.418230148315096528e+00
8.418230148457379158e+00
9.370319797391040595e+00
1.051451079048920434e+01
1.051451079056292670e+01
1.250539407843164064e+01
1.250539407868347297e+01
1.432148099431916322e+01
1.432148099471470282e+01
1.509062653391310427e+01
1.521791791050792675e+01
1.521791791050879361e+01
1.680859732618016267e+01
1.855081809583859709e+01
1.855081809614995336e+01
1.943003950505541155e+01
1.984968201923112829e+01
