1.179480000000000084e+00 4.472999999999999754e-01 4.865499999999999825e-01 3.474599999999999911e-01 5.834700000000000442e-01 1.115700000000000025e-01 5.896400000000000530e-01 3.059000000000000052e-01 9.970999999999999863e-01
1.179480000000000084e+00 -4.472999999999999754e-01 -4.865499999999999825e-01 -3.474599999999999911e-01 5.834700000000000442e-01 1.115700000000000025e-01 -5.896400000000000530e-01 3.059000000000000052e-01 9.970999999999999863e-01
5.834700000000000442e-01 -3.474599999999999911e-01 1.115700000000000025e-01 -4.472999999999999754e-01 1.179480000000000084e+00 -4.865499999999999825e-01 3.059000000000000052e-01 -5.896400000000000530e-01 9.970999999999999863e-01
5.834700000000000442e-01 -3.474599999999999911e-01 -1.115700000000000025e-01 -4.472999999999999754e-01 1.179480000000000084e+00 4.865499999999999825e-01 -3.059000000000000052e-01 5.896400000000000530e-01 9.970999999999999863e-01
5.834700000000000442e-01 3.474599999999999911e-01 1.115700000000000025e-01 4.472999999999999754e-01 1.179480000000000084e+00 4.865499999999999825e-01 3.059000000000000052e-01 5.896400000000000530e-01 9.970999999999999863e-01
1.179480000000000084e+00 -4.472999999999999754e-01 4.865499999999999825e-01 -3.474599999999999911e-01 5.834700000000000442e-01 -1.115700000000000025e-01 5.896400000000000530e-01 -3.059000000000000052e-01 9.970999999999999863e-01
1.179480000000000084e+00 4.472999999999999754e-01 -4.865499999999999825e-01 3.474599999999999911e-01 5.834700000000000442e-01 -1.115700000000000025e-01 -5.896400000000000530e-01 -3.059000000000000052e-01 9.970999999999999863e-01
5.834700000000000442e-01 3.474599999999999911e-01 -1.115700000000000025e-01 4.472999999999999754e-01 1.179480000000000084e+00 -4.865499999999999825e-01 -3.059000000000000052e-01 -5.896400000000000530e-01 9.970999999999999863e-01
1.502569999999999961e+00 1.084699999999999970e-01 -1.859000000000000097e-01 1.084699999999999970e-01 1.502569999999999961e+00 1.859000000000000097e-01 -3.258300000000000085e-01 3.258300000000000085e-01 2.681659999999999933e+00
1.502569999999999961e+00 -1.084699999999999970e-01 -1.859000000000000097e-01 -1.084699999999999970e-01 1.502569999999999961e+00 -1.859000000000000097e-01 -3.258300000000000085e-01 -3.258300000000000085e-01 2.681659999999999933e+00
1.502569999999999961e+00 -1.084699999999999970e-01 1.859000000000000097e-01 -1.084699999999999970e-01 1.502569999999999961e+00 1.859000000000000097e-01 3.258300000000000085e-01 3.258300000000000085e-01 2.681659999999999933e+00
1.502569999999999961e+00 1.084699999999999970e-01 1.859000000000000097e-01 1.084699999999999970e-01 1.502569999999999961e+00 -1.859000000000000097e-01 3.258300000000000085e-01 -3.258300000000000085e-01 2.681659999999999933e+00
-1.719330000000000025e+00 3.200000000000000153e-03 2.759499999999999731e-01 1.297800000000000065e-01 -1.546189999999999953e+00 -7.986999999999999655e-02 -1.798999999999999905e-02 1.619700000000000029e-01 -2.337930000000000064e+00
-1.719330000000000025e+00 3.200000000000000153e-03 -2.759499999999999731e-01 1.297800000000000065e-01 -1.546189999999999953e+00 7.986999999999999655e-02 1.798999999999999905e-02 -1.619700000000000029e-01 -2.337930000000000064e+00
-1.546189999999999953e+00 1.297800000000000065e-01 7.986999999999999655e-02 3.200000000000000153e-03 -1.719330000000000025e+00 -2.759499999999999731e-01 -1.619700000000000029e-01 1.798999999999999905e-02 -2.337930000000000064e+00
-1.546189999999999953e+00 -1.297800000000000065e-01 -7.986999999999999655e-02 -3.200000000000000153e-03 -1.719330000000000025e+00 -2.759499999999999731e-01 1.619700000000000029e-01 1.798999999999999905e-02 -2.337930000000000064e+00
-1.719330000000000025e+00 -3.200000000000000153e-03 -2.759499999999999731e-01 -1.297800000000000065e-01 -1.546189999999999953e+00 -7.986999999999999655e-02 1.798999999999999905e-02 1.619700000000000029e-01 -2.337930000000000064e+00
-1.546189999999999953e+00 1.297800000000000065e-01 -7.986999999999999655e-02 3.200000000000000153e-03 -1.719330000000000025e+00 2.759499999999999731e-01 1.619700000000000029e-01 -1.798999999999999905e-02 -2.337930000000000064e+00
-1.546189999999999953e+00 -1.297800000000000065e-01 7.986999999999999655e-02 -3.200000000000000153e-03 -1.719330000000000025e+00 2.759499999999999731e-01 -1.619700000000000029e-01 -1.798999999999999905e-02 -2.337930000000000064e+00
-1.719330000000000025e+00 -3.200000000000000153e-03 2.759499999999999731e-01 -1.297800000000000065e-01 -1.546189999999999953e+00 7.986999999999999655e-02 -1.798999999999999905e-02 -1.619700000000000029e-01 -2.337930000000000064e+00
