2.346429999999999794e+00 3.490000000000000047e-03 0.000000000000000000e+00 -3.490000000000000047e-03 2.346429999999999794e+00 0.000000000000000000e+00 0.000000000000000000e+00 0.000000000000000000e+00 2.901029999999999998e+00
2.346429999999999794e+00 3.490000000000000047e-03 0.000000000000000000e+00 -3.490000000000000047e-03 2.346429999999999794e+00 0.000000000000000000e+00 0.000000000000000000e+00 0.000000000000000000e+00 2.901029999999999998e+00
5.438030000000000364e+00 7.457899999999999530e-01 3.174699999999999744e-01 7.349900000000000322e-01 4.850920000000000343e+00 -3.105299999999999727e-01 1.784499999999999975e-01 -2.951400000000000134e-01 5.279810000000000336e+00
5.638889999999999958e+00 -6.190200000000000147e-01 1.101899999999999963e-01 -6.298200000000000465e-01 4.650050000000000239e+00 4.302000000000000268e-01 1.663699999999999901e-01 3.021099999999999897e-01 5.279810000000000336e+00
4.356489999999999974e+00 -1.105700000000000016e-01 -4.276599999999999846e-01 -1.213700000000000057e-01 5.932450000000000223e+00 -1.196699999999999986e-01 -3.448200000000000154e-01 -6.969999999999999633e-03 5.279810000000000336e+00
5.852590000000000181e+00 -5.310999999999999749e-02 0.000000000000000000e+00 5.310999999999999749e-02 5.852590000000000181e+00 0.000000000000000000e+00 0.000000000000000000e+00 0.000000000000000000e+00 6.373700000000000365e+00
4.356489999999999974e+00 -1.105700000000000016e-01 -4.276599999999999846e-01 -1.213700000000000057e-01 5.932450000000000223e+00 -1.196699999999999986e-01 -3.448200000000000154e-01 -6.969999999999999633e-03 5.279810000000000336e+00
5.638889999999999958e+00 -6.190200000000000147e-01 1.101899999999999963e-01 -6.298200000000000465e-01 4.650050000000000239e+00 4.302000000000000268e-01 1.663699999999999901e-01 3.021099999999999897e-01 5.279810000000000336e+00
5.438030000000000364e+00 7.457899999999999530e-01 3.174699999999999744e-01 7.349900000000000322e-01 4.850920000000000343e+00 -3.105299999999999727e-01 1.784499999999999975e-01 -2.951400000000000134e-01 5.279810000000000336e+00
-1.905690000000000106e+00 4.461100000000000065e-01 -6.398700000000000498e-01 4.263299999999999867e-01 -2.473700000000000010e+00 1.035900000000000043e+00 -6.610399999999999610e-01 1.092750000000000110e+00 -3.820050000000000168e+00
-2.735689999999999955e+00 3.918200000000000016e-01 -6.300000000000000044e-02 3.916200000000000236e-01 -2.487760000000000193e+00 8.834000000000000186e-02 -3.171000000000000207e-02 -6.318000000000000005e-02 -2.369650000000000034e+00
-2.210500000000000131e+00 -8.840000000000000635e-02 -4.501000000000000140e-02 -8.859999999999999820e-02 -3.012950000000000017e+00 -9.872999999999999832e-02 7.056999999999999384e-02 4.129999999999999991e-03 -2.369650000000000034e+00
-1.953920000000000101e+00 -4.541700000000000181e-01 -5.771800000000000264e-01 -4.739599999999999924e-01 -2.425469999999999793e+00 -1.072089999999999987e+00 -6.158299999999999885e-01 -1.118849999999999900e+00 -3.820050000000000168e+00
-2.709470000000000045e+00 3.774000000000000271e-02 1.217049999999999965e+00 1.795000000000000068e-02 -1.669910000000000005e+00 3.618999999999999995e-02 1.276869999999999949e+00 2.610000000000000167e-02 -3.820050000000000168e+00
-2.888980000000000103e+00 -3.031200000000000006e-01 1.079999999999999988e-01 -3.033199999999999785e-01 -2.334470000000000045e+00 1.038999999999999993e-02 -3.885999999999999871e-02 5.904999999999999832e-02 -2.369650000000000034e+00
-3.292650000000000077e+00 1.726600000000000079e-01 -0.000000000000000000e+00 -1.726600000000000079e-01 -3.292650000000000077e+00 -0.000000000000000000e+00 -0.000000000000000000e+00 -0.000000000000000000e+00 -1.661370000000000013e+00
-3.009240000000000137e+00 -1.957599999999999896e-01 -0.000000000000000000e+00 1.957599999999999896e-01 -3.009240000000000137e+00 -0.000000000000000000e+00 -0.000000000000000000e+00 -0.000000000000000000e+00 -1.696839999999999904e+00
-3.292650000000000077e+00 1.726600000000000079e-01 -0.000000000000000000e+00 -1.726600000000000079e-01 -3.292650000000000077e+00 -0.000000000000000000e+00 -0.000000000000000000e+00 -0.000000000000000000e+00 -1.661370000000000013e+00
-3.009240000000000137e+00 -1.957599999999999896e-01 -0.000000000000000000e+00 1.957599999999999896e-01 -3.009240000000000137e+00 -0.000000000000000000e+00 -0.000000000000000000e+00 -0.000000000000000000e+00 -1.696839999999999904e+00
-2.888980000000000103e+00 -3.031200000000000006e-01 1.079999999999999988e-01 -3.033199999999999785e-01 -2.334470000000000045e+00 1.038999999999999993e-02 -3.885999999999999871e-02 5.904999999999999832e-02 -2.369650000000000034e+00
-2.709470000000000045e+00 3.774000000000000271e-02 1.217049999999999965e+00 1.795000000000000068e-02 -1.669910000000000005e+00 3.618999999999999995e-02 1.276869999999999949e+00 2.610000000000000167e-02 -3.820050000000000168e+00
-1.953920000000000101e+00 -4.541700000000000181e-01 -5.771800000000000264e-01 -4.739599999999999924e-01 -2.425469999999999793e+00 -1.072089999999999987e+00 -6.158299999999999885e-01 -1.118849999999999900e+00 -3.820050000000000168e+00
-2.210500000000000131e+00 -8.840000000000000635e-02 -4.501000000000000140e-02 -8.859999999999999820e-02 -3.012950000000000017e+00 -9.872999999999999832e-02 7.056999999999999384e-02 4.129999999999999991e-03 -2.369650000000000034e+00
-2.735689999999999955e+00 3.918200000000000016e-01 -6.300000000000000044e-02 3.916200000000000236e-01 -2.487760000000000193e+00 8.834000000000000186e-02 -3.171000000000000207e-02 -6.318000000000000005e-02 -2.369650000000000034e+00
-1.905690000000000106e+00 4.461100000000000065e-01 -6.398700000000000498e-01 4.263299999999999867e-01 -2.473700000000000010e+00 1.035900000000000043e+00 -6.610399999999999610e-01 1.092750000000000110e+00 -3.820050000000000168e+00
