8.232300000000000173e-01 -0.000000000000000000e+00 0.000000000000000000e+00 -0.000000000000000000e+00 1.049199999999999910e+00 -7.381000000000000061e-02 -0.000000000000000000e+00 8.923000000000000376e-02 1.074030000000000040e+00
8.232300000000000173e-01 -0.000000000000000000e+00 -0.000000000000000000e+00 -0.000000000000000000e+00 1.049199999999999910e+00 7.381000000000000061e-02 0.000000000000000000e+00 -8.923000000000000376e-02 1.074030000000000040e+00
8.232300000000000173e-01 -0.000000000000000000e+00 -0.000000000000000000e+00 -0.000000000000000000e+00 1.049199999999999910e+00 7.381000000000000061e-02 0.000000000000000000e+00 -8.923000000000000376e-02 1.074030000000000040e+00
1.104479999999999906e+00 1.762299999999999978e-01 0.000000000000000000e+00 -4.608999999999999903e-02 1.014569999999999972e+00 0.000000000000000000e+00 0.000000000000000000e+00 0.000000000000000000e+00 7.716399999999999926e-01
1.052030000000000021e+00 -0.000000000000000000e+00 -0.000000000000000000e+00 -0.000000000000000000e+00 8.681299999999999573e-01 1.879999999999999944e-03 0.000000000000000000e+00 -8.700000000000000051e-04 1.081479999999999997e+00
1.104479999999999906e+00 -1.762299999999999978e-01 -0.000000000000000000e+00 4.608999999999999903e-02 1.014569999999999972e+00 0.000000000000000000e+00 0.000000000000000000e+00 0.000000000000000000e+00 7.716399999999999926e-01
1.052030000000000021e+00 -0.000000000000000000e+00 0.000000000000000000e+00 -0.000000000000000000e+00 8.681299999999999573e-01 -1.879999999999999944e-03 -0.000000000000000000e+00 8.700000000000000051e-04 1.081479999999999997e+00
8.232300000000000173e-01 -0.000000000000000000e+00 0.000000000000000000e+00 -0.000000000000000000e+00 1.049199999999999910e+00 -7.381000000000000061e-02 -0.000000000000000000e+00 8.923000000000000376e-02 1.074030000000000040e+00
1.104479999999999906e+00 -1.762299999999999978e-01 -0.000000000000000000e+00 4.608999999999999903e-02 1.014569999999999972e+00 0.000000000000000000e+00 0.000000000000000000e+00 0.000000000000000000e+00 7.716399999999999926e-01
1.052030000000000021e+00 -0.000000000000000000e+00 -0.000000000000000000e+00 -0.000000000000000000e+00 8.681299999999999573e-01 1.879999999999999944e-03 0.000000000000000000e+00 -8.700000000000000051e-04 1.081479999999999997e+00
1.052030000000000021e+00 -0.000000000000000000e+00 0.000000000000000000e+00 -0.000000000000000000e+00 8.681299999999999573e-01 -1.879999999999999944e-03 -0.000000000000000000e+00 8.700000000000000051e-04 1.081479999999999997e+00
1.104479999999999906e+00 1.762299999999999978e-01 0.000000000000000000e+00 -4.608999999999999903e-02 1.014569999999999972e+00 -0.000000000000000000e+00 0.000000000000000000e+00 0.000000000000000000e+00 7.716399999999999926e-01
3.231320000000000192e+00 -0.000000000000000000e+00 0.000000000000000000e+00 -0.000000000000000000e+00 2.992799999999999905e+00 0.000000000000000000e+00 0.000000000000000000e+00 0.000000000000000000e+00 3.177210000000000090e+00
3.231320000000000192e+00 -0.000000000000000000e+00 0.000000000000000000e+00 -0.000000000000000000e+00 2.992799999999999905e+00 0.000000000000000000e+00 0.000000000000000000e+00 0.000000000000000000e+00 3.177210000000000090e+00
-1.541330000000000089e+00 0.000000000000000000e+00 0.000000000000000000e+00 0.000000000000000000e+00 -2.619009999999999838e+00 0.000000000000000000e+00 0.000000000000000000e+00 0.000000000000000000e+00 -1.384600000000000053e+00
-1.912369999999999903e+00 9.629999999999999671e-02 4.035299999999999998e-01 1.587899999999999867e-01 -1.559399999999999897e+00 -1.240600000000000036e-01 4.199999999999999845e-01 -1.838100000000000012e-01 -1.911729999999999929e+00
-1.912369999999999903e+00 -9.629999999999999671e-02 4.035299999999999998e-01 -1.587899999999999867e-01 -1.559399999999999897e+00 1.240600000000000036e-01 4.199999999999999845e-01 1.838100000000000012e-01 -1.911729999999999929e+00
-1.912369999999999903e+00 9.629999999999999671e-02 -4.035299999999999998e-01 1.587899999999999867e-01 -1.559399999999999897e+00 1.240600000000000036e-01 -4.199999999999999845e-01 1.838100000000000012e-01 -1.911729999999999929e+00
-1.912369999999999903e+00 9.629999999999999671e-02 -4.035299999999999998e-01 1.587899999999999867e-01 -1.559399999999999897e+00 1.240600000000000036e-01 -4.199999999999999845e-01 1.838100000000000012e-01 -1.911729999999999929e+00
-1.912369999999999903e+00 9.629999999999999671e-02 4.035299999999999998e-01 1.587899999999999867e-01 -1.559399999999999897e+00 -1.240600000000000036e-01 4.199999999999999845e-01 -1.838100000000000012e-01 -1.911729999999999929e+00
-1.912369999999999903e+00 -9.629999999999999671e-02 -4.035299999999999998e-01 -1.587899999999999867e-01 -1.559399999999999897e+00 -1.240600000000000036e-01 -4.199999999999999845e-01 -1.838100000000000012e-01 -1.911729999999999929e+00
-1.912369999999999903e+00 -9.629999999999999671e-02 -4.035299999999999998e-01 -1.587899999999999867e-01 -1.559399999999999897e+00 -1.240600000000000036e-01 -4.199999999999999845e-01 -1.838100000000000012e-01 -1.911729999999999929e+00
-1.541330000000000089e+00 0.000000000000000000e+00 0.000000000000000000e+00 0.000000000000000000e+00 -2.619009999999999838e+00 -0.000000000000000000e+00 0.000000000000000000e+00 0.000000000000000000e+00 -1.384600000000000053e+00
-1.912369999999999903e+00 -9.629999999999999671e-02 4.035299999999999998e-01 -1.587899999999999867e-01 -1.559399999999999897e+00 1.240600000000000036e-01 4.199999999999999845e-01 1.838100000000000012e-01 -1.911729999999999929e+00
