-9.210037308673890699e-02
-4.599008235832018759e-02
-4.599008235724340310e-02
5.072216698273222413e+00
5.105452512413641841e+00
5.554262810457296418e+00
5.664519568727335752e+00
5.664519568727341969e+00
5.948940817031385997e+00
6.023007688800036341e+00
6.023007688800044335e+00
6.481487172573398681e+00
6.481487172573406674e+00
6.761562089860805536e+00
6.869057954509534270e+00
7.124669016089355544e+00
8.593543826236244243e+00
8.593543826236246019e+00
8.651626773582282937e+00
8.651626773582282937e+00
9.187248575232562331e+00
1.026868134972619906e+01
1.026868134972619906e+01
1.098417329915164409e+01
1.149381077608377311e+01
1.184382207148279242e+01
1.389439988162941120e+01
1.389439988162941120e+01
1.390014940383367481e+01
1.533748176062239210e+01
1.671648977006594095e+01
1.674223013913286451e+01
1.702285759033835078e+01
1.702285759033836143e+01
1.764216232315977351e+01
1.764216232315979482e+01
1.785283076862980067e+01
1.888766706477500890e+01
1.936595966779359657e+01
1.951541842317324438e+01
1.951541842317324438e+01
2.028427296408790070e+01
