1.403319999999999901e+00 -3.586699999999999888e-01 0.000000000000000000e+00 -1.327200000000000046e-01 1.050950000000000051e+00 0.000000000000000000e+00 0.000000000000000000e+00 0.000000000000000000e+00 9.929599999999999538e-01
1.050950000000000051e+00 1.327200000000000046e-01 0.000000000000000000e+00 3.586699999999999888e-01 1.403319999999999901e+00 0.000000000000000000e+00 0.000000000000000000e+00 0.000000000000000000e+00 9.929599999999999538e-01
1.050950000000000051e+00 1.327200000000000046e-01 0.000000000000000000e+00 3.586699999999999888e-01 1.403319999999999901e+00 0.000000000000000000e+00 0.000000000000000000e+00 0.000000000000000000e+00 9.929599999999999538e-01
1.403319999999999901e+00 -3.586699999999999888e-01 0.000000000000000000e+00 -1.327200000000000046e-01 1.050950000000000051e+00 0.000000000000000000e+00 0.000000000000000000e+00 0.000000000000000000e+00 9.929599999999999538e-01
1.403319999999999901e+00 3.586699999999999888e-01 0.000000000000000000e+00 1.327200000000000046e-01 1.050950000000000051e+00 0.000000000000000000e+00 0.000000000000000000e+00 0.000000000000000000e+00 9.929599999999999538e-01
1.403319999999999901e+00 3.586699999999999888e-01 0.000000000000000000e+00 1.327200000000000046e-01 1.050950000000000051e+00 0.000000000000000000e+00 0.000000000000000000e+00 0.000000000000000000e+00 9.929599999999999538e-01
1.050950000000000051e+00 -1.327200000000000046e-01 0.000000000000000000e+00 -3.586699999999999888e-01 1.403319999999999901e+00 0.000000000000000000e+00 0.000000000000000000e+00 0.000000000000000000e+00 9.929599999999999538e-01
1.050950000000000051e+00 -1.327200000000000046e-01 0.000000000000000000e+00 -3.586699999999999888e-01 1.403319999999999901e+00 0.000000000000000000e+00 0.000000000000000000e+00 0.000000000000000000e+00 9.929599999999999538e-01
1.005560000000000009e+00 4.585099999999999731e-01 0.000000000000000000e+00 4.585099999999999731e-01 1.005560000000000009e+00 0.000000000000000000e+00 0.000000000000000000e+00 0.000000000000000000e+00 1.014270000000000005e+00
1.005560000000000009e+00 -4.585099999999999731e-01 0.000000000000000000e+00 -4.585099999999999731e-01 1.005560000000000009e+00 0.000000000000000000e+00 0.000000000000000000e+00 0.000000000000000000e+00 1.014270000000000005e+00
1.005560000000000009e+00 -4.585099999999999731e-01 0.000000000000000000e+00 -4.585099999999999731e-01 1.005560000000000009e+00 0.000000000000000000e+00 0.000000000000000000e+00 0.000000000000000000e+00 1.014270000000000005e+00
1.005560000000000009e+00 4.585099999999999731e-01 0.000000000000000000e+00 4.585099999999999731e-01 1.005560000000000009e+00 0.000000000000000000e+00 0.000000000000000000e+00 0.000000000000000000e+00 1.014270000000000005e+00
2.227310000000000123e+00 6.281499999999999861e-01 0.000000000000000000e+00 6.281499999999999861e-01 2.227310000000000123e+00 0.000000000000000000e+00 0.000000000000000000e+00 0.000000000000000000e+00 -1.023600000000000065e-01
2.227310000000000123e+00 -6.281499999999999861e-01 0.000000000000000000e+00 -6.281499999999999861e-01 2.227310000000000123e+00 0.000000000000000000e+00 0.000000000000000000e+00 0.000000000000000000e+00 -1.023600000000000065e-01
2.227310000000000123e+00 6.281499999999999861e-01 0.000000000000000000e+00 6.281499999999999861e-01 2.227310000000000123e+00 0.000000000000000000e+00 0.000000000000000000e+00 0.000000000000000000e+00 -1.023600000000000065e-01
2.227310000000000123e+00 -6.281499999999999861e-01 -0.000000000000000000e+00 -6.281499999999999861e-01 2.227310000000000123e+00 0.000000000000000000e+00 0.000000000000000000e+00 0.000000000000000000e+00 -1.023600000000000065e-01
-2.006029999999999980e+00 2.476899999999999935e-01 0.000000000000000000e+00 2.476899999999999935e-01 -2.006029999999999980e+00 0.000000000000000000e+00 0.000000000000000000e+00 0.000000000000000000e+00 -6.625199999999999978e-01
-2.006029999999999980e+00 2.476899999999999935e-01 -0.000000000000000000e+00 2.476899999999999935e-01 -2.006029999999999980e+00 -0.000000000000000000e+00 0.000000000000000000e+00 0.000000000000000000e+00 -6.625199999999999978e-01
-2.006029999999999980e+00 -2.476899999999999935e-01 0.000000000000000000e+00 -2.476899999999999935e-01 -2.006029999999999980e+00 -0.000000000000000000e+00 0.000000000000000000e+00 0.000000000000000000e+00 -6.625199999999999978e-01
-2.006029999999999980e+00 -2.476899999999999935e-01 0.000000000000000000e+00 -2.476899999999999935e-01 -2.006029999999999980e+00 -0.000000000000000000e+00 0.000000000000000000e+00 0.000000000000000000e+00 -6.625199999999999978e-01
-1.393059999999999965e+00 -3.298699999999999966e-01 -0.000000000000000000e+00 -2.655000000000000068e-02 -2.288040000000000074e+00 0.000000000000000000e+00 0.000000000000000000e+00 0.000000000000000000e+00 -1.117660000000000098e+00
-2.288040000000000074e+00 2.655000000000000068e-02 0.000000000000000000e+00 3.298699999999999966e-01 -1.393059999999999965e+00 0.000000000000000000e+00 0.000000000000000000e+00 0.000000000000000000e+00 -1.117660000000000098e+00
-2.288040000000000074e+00 2.655000000000000068e-02 0.000000000000000000e+00 3.298699999999999966e-01 -1.393059999999999965e+00 0.000000000000000000e+00 0.000000000000000000e+00 0.000000000000000000e+00 -1.117660000000000098e+00
-1.393059999999999965e+00 -3.298699999999999966e-01 0.000000000000000000e+00 -2.655000000000000068e-02 -2.288040000000000074e+00 0.000000000000000000e+00 0.000000000000000000e+00 0.000000000000000000e+00 -1.117660000000000098e+00
-1.393059999999999965e+00 3.298699999999999966e-01 -0.000000000000000000e+00 2.655000000000000068e-02 -2.288040000000000074e+00 0.000000000000000000e+00 0.000000000000000000e+00 0.000000000000000000e+00 -1.117660000000000098e+00
-1.393059999999999965e+00 3.298699999999999966e-01 0.000000000000000000e+00 2.655000000000000068e-02 -2.288040000000000074e+00 0.000000000000000000e+00 0.000000000000000000e+00 0.000000000000000000e+00 -1.117660000000000098e+00
-2.288040000000000074e+00 -2.655000000000000068e-02 0.000000000000000000e+00 -3.298699999999999966e-01 -1.393059999999999965e+00 0.000000000000000000e+00 0.000000000000000000e+00 0.000000000000000000e+00 -1.117660000000000098e+00
-2.288040000000000074e+00 -2.655000000000000068e-02 0.000000000000000000e+00 -3.298699999999999966e-01 -1.393059999999999965e+00 -0.000000000000000000e+00 0.000000000000000000e+00 0.000000000000000000e+00 -1.117660000000000098e+00
