-5.626003656285617771e-02
-5.626000368452113709e-02
-4.994233527682986201e-02
2.559018466131516067e+00
2.559018467267309749e+00
2.930376678511606325e+00
2.993939597264621888e+00
2.993939598452410422e+00
3.378184015329585677e+00
4.206824396655762577e+00
4.352895459931781730e+00
4.355475286443290628e+00
4.355475286456477413e+00
5.130008833913527688e+00
5.130008834844372423e+00
5.895447995365088012e+00
5.895447995707709055e+00
6.647288474825430171e+00
6.647288474934494928e+00
6.685540550370605573e+00
7.071009145188619449e+00
7.185098362335138766e+00
7.907315398559638275e+00
7.939023061152171046e+00
7.939023061674041593e+00
8.106190812675750479e+00
8.106190812991718175e+00
8.358597011628946305e+00
9.806203228734647226e+00
9.806203228826923635e+00
1.505222754360896431e+01
1.518592090680806095e+01
1.518592090688183305e+01
1.612667015441139640e+01
1.848505943474712154e+01
1.848505943475472790e+01
