-8.020756658768968261e-02
-8.020756658755830160e-02
-8.020756658726579946e-02
2.291361797219968466e+00
2.291361797219989338e+00
2.291361797220004437e+00
2.748485238027214894e+00
2.748485238027217559e+00
2.748485238027229993e+00
3.265241475581771802e+00
3.265241475581776243e+00
3.265241475581778463e+00
3.292050003420796234e+00
3.448181176601664344e+00
3.448181176601667453e+00
3.908194290273425686e+00
3.908194290273433236e+00
3.908194290273436788e+00
4.230966076473994697e+00
4.230966076474004467e+00
4.230966076474006243e+00
5.533918843642521956e+00
5.533918843642523733e+00
5.533918843642528174e+00
5.534230824797086612e+00
5.534230824797091053e+00
5.597878880631654397e+00
6.123144112762014757e+00
6.123144112762015645e+00
6.123144112762023639e+00
6.786864603817696739e+00
6.786864603817705621e+00
7.540813478834138550e+00
8.234585031253390142e+00
8.234585031253391918e+00
8.234585031253404352e+00
1.541541403613402395e+01
1.541541403613402395e+01
1.541541403613402750e+01
1.893115824432514671e+01
1.893115824432514671e+01
1.893115824432515026e+01
