-5.551155068302115331e-02
-4.159420736303580390e-02
-2.633169599389053456e-02
1.509517463293770456e+00
1.822226103177230883e+00
1.950364188052491343e+00
2.209843223473284546e+00
2.287542301394315913e+00
2.432849629858079510e+00
2.577123929006567504e+00
2.766821160157468373e+00
3.108152770286543465e+00
3.202398354718528406e+00
3.242168662894088893e+00
3.260949691625302016e+00
3.391854707017895709e+00
3.458697849442960770e+00
3.804487489308849391e+00
3.833661370776144661e+00
3.863851309486924457e+00
3.970482558434214493e+00
4.145139619961722310e+00
4.186375486206363128e+00
4.379974350387325188e+00
4.430054987028431590e+00
4.604142152044606640e+00
4.893166895662582228e+00
5.115431750746361139e+00
5.147292703865470109e+00
5.340189026165803377e+00
5.425313268983309456e+00
5.465743543784999936e+00
5.635444742343373115e+00
5.723279507996151594e+00
5.775985166079861344e+00
5.893445854662172856e+00
6.518619417663630955e+00
6.727062544248672005e+00
6.880742695590432945e+00
7.157595032541513191e+00
7.244402045283633740e+00
7.378382837362215341e+00
7.820927637149273082e+00
7.892031958702548700e+00
8.491689604948062353e+00
8.724808099300544129e+00
1.494748476891959221e+01
1.496863180238021762e+01
1.506697118187353190e+01
1.536843558506935814e+01
1.591365577073292492e+01
1.642983933837478716e+01
1.700470509469035463e+01
1.703681496411622476e+01
