-7.479040155729396733e-02
-5.769243210318733550e-02
-5.769243210309714376e-02
1.720704199505539433e+00
1.720704199505570520e+00
2.212862401968255011e+00
2.212862401968257675e+00
2.987067173134035691e+00
2.987067173134038356e+00
3.597528283101373070e+00
3.942998578525832354e+00
3.942998578525839903e+00
4.124559268868574158e+00
5.302464106826721313e+00
5.302464106826725754e+00
5.403923965951372921e+00
6.135550428526009625e+00
6.135550428526016731e+00
6.158792136674501982e+00
8.730961511196046132e+00
1.993778699798047782e+01
2.006727231244235909e+01
2.066091582713182007e+01
2.066091582713182362e+01
