5.422789999999999999e+00 0.000000000000000000e+00 -0.000000000000000000e+00 0.000000000000000000e+00 5.422789999999999999e+00 0.000000000000000000e+00 -0.000000000000000000e+00 0.000000000000000000e+00 4.611170000000000435e+00
5.422789999999999999e+00 0.000000000000000000e+00 -0.000000000000000000e+00 0.000000000000000000e+00 5.422789999999999999e+00 0.000000000000000000e+00 -0.000000000000000000e+00 0.000000000000000000e+00 4.611170000000000435e+00
3.198310000000000208e+00 0.000000000000000000e+00 -0.000000000000000000e+00 0.000000000000000000e+00 3.198310000000000208e+00 0.000000000000000000e+00 -0.000000000000000000e+00 0.000000000000000000e+00 4.386180000000000412e+00
3.198310000000000208e+00 0.000000000000000000e+00 -0.000000000000000000e+00 0.000000000000000000e+00 3.198310000000000208e+00 0.000000000000000000e+00 -0.000000000000000000e+00 0.000000000000000000e+00 4.386180000000000412e+00
-3.173859999999999904e+00 -0.000000000000000000e+00 -3.400000000000000244e-01 -0.000000000000000000e+00 -1.136689999999999978e+00 -0.000000000000000000e+00 -1.586700000000000055e-01 -0.000000000000000000e+00 -2.249340000000000117e+00
-1.136689999999999978e+00 -0.000000000000000000e+00 0.000000000000000000e+00 -0.000000000000000000e+00 -3.173859999999999904e+00 3.400000000000000244e-01 0.000000000000000000e+00 1.586700000000000055e-01 -2.249340000000000117e+00
-1.136689999999999978e+00 -0.000000000000000000e+00 0.000000000000000000e+00 -0.000000000000000000e+00 -3.173859999999999904e+00 -3.400000000000000244e-01 0.000000000000000000e+00 -1.586700000000000055e-01 -2.249340000000000117e+00
-3.173859999999999904e+00 -0.000000000000000000e+00 3.400000000000000244e-01 -0.000000000000000000e+00 -1.136689999999999978e+00 -0.000000000000000000e+00 1.586700000000000055e-01 -0.000000000000000000e+00 -2.249340000000000117e+00
-1.136689999999999978e+00 -0.000000000000000000e+00 0.000000000000000000e+00 -0.000000000000000000e+00 -3.173859999999999904e+00 3.400000000000000244e-01 0.000000000000000000e+00 1.586700000000000055e-01 -2.249340000000000117e+00
-3.173859999999999904e+00 -0.000000000000000000e+00 -3.400000000000000244e-01 -0.000000000000000000e+00 -1.136689999999999978e+00 -0.000000000000000000e+00 -1.586700000000000055e-01 -0.000000000000000000e+00 -2.249340000000000117e+00
-3.173859999999999904e+00 -0.000000000000000000e+00 3.400000000000000244e-01 -0.000000000000000000e+00 -1.136689999999999978e+00 -0.000000000000000000e+00 1.586700000000000055e-01 -0.000000000000000000e+00 -2.249340000000000117e+00
-1.136689999999999978e+00 -0.000000000000000000e+00 0.000000000000000000e+00 -0.000000000000000000e+00 -3.173859999999999904e+00 -3.400000000000000244e-01 0.000000000000000000e+00 -1.586700000000000055e-01 -2.249340000000000117e+00
