1.175839999999999996e+00 -2.960000000000000131e-02 4.830000000000000265e-02 -4.830000000000000265e-02 1.175839999999999996e+00 2.960000000000000131e-02 2.960000000000000131e-02 4.830000000000000265e-02 1.175839999999999996e+00
1.175839999999999996e+00 -2.960000000000000131e-02 -4.830000000000000265e-02 -4.830000000000000265e-02 1.175839999999999996e+00 -2.960000000000000131e-02 -2.960000000000000131e-02 -4.830000000000000265e-02 1.175839999999999996e+00
1.175839999999999996e+00 2.960000000000000131e-02 4.830000000000000265e-02 4.830000000000000265e-02 1.175839999999999996e+00 -2.960000000000000131e-02 2.960000000000000131e-02 -4.830000000000000265e-02 1.175839999999999996e+00
1.175839999999999996e+00 2.960000000000000131e-02 -4.830000000000000265e-02 4.830000000000000265e-02 1.175839999999999996e+00 2.960000000000000131e-02 -2.960000000000000131e-02 4.830000000000000265e-02 1.175839999999999996e+00
2.307840000000000114e+00 1.699999999999999905e-03 -2.462199999999999944e-01 2.462199999999999944e-01 2.307840000000000114e+00 1.699999999999999905e-03 -1.699999999999999905e-03 2.462199999999999944e-01 2.307840000000000114e+00
2.307840000000000114e+00 1.699999999999999905e-03 2.462199999999999944e-01 2.462199999999999944e-01 2.307840000000000114e+00 -1.699999999999999905e-03 1.699999999999999905e-03 -2.462199999999999944e-01 2.307840000000000114e+00
2.307840000000000114e+00 -1.699999999999999905e-03 -2.462199999999999944e-01 -2.462199999999999944e-01 2.307840000000000114e+00 -1.699999999999999905e-03 -1.699999999999999905e-03 -2.462199999999999944e-01 2.307840000000000114e+00
2.307840000000000114e+00 -1.699999999999999905e-03 2.462199999999999944e-01 -2.462199999999999944e-01 2.307840000000000114e+00 1.699999999999999905e-03 1.699999999999999905e-03 2.462199999999999944e-01 2.307840000000000114e+00
-4.768650000000000055e+00 2.230300000000000060e-01 0.000000000000000000e+00 -8.287999999999999812e-01 -1.003260000000000041e+00 0.000000000000000000e+00 0.000000000000000000e+00 -0.000000000000000000e+00 -1.195429999999999993e+00
-4.768650000000000055e+00 -2.230300000000000060e-01 0.000000000000000000e+00 8.287999999999999812e-01 -1.003260000000000041e+00 -0.000000000000000000e+00 0.000000000000000000e+00 0.000000000000000000e+00 -1.195429999999999993e+00
-1.003260000000000041e+00 -0.000000000000000000e+00 -8.287999999999999812e-01 -0.000000000000000000e+00 -1.195429999999999993e+00 -0.000000000000000000e+00 2.230300000000000060e-01 -0.000000000000000000e+00 -4.768650000000000055e+00
-1.195429999999999993e+00 -0.000000000000000000e+00 0.000000000000000000e+00 -0.000000000000000000e+00 -4.768650000000000055e+00 2.230300000000000060e-01 0.000000000000000000e+00 -8.287999999999999812e-01 -1.003260000000000041e+00
-1.195429999999999993e+00 -0.000000000000000000e+00 0.000000000000000000e+00 -0.000000000000000000e+00 -4.768650000000000055e+00 -2.230300000000000060e-01 0.000000000000000000e+00 8.287999999999999812e-01 -1.003260000000000041e+00
-1.003260000000000041e+00 -0.000000000000000000e+00 8.287999999999999812e-01 -0.000000000000000000e+00 -1.195429999999999993e+00 -0.000000000000000000e+00 -2.230300000000000060e-01 -0.000000000000000000e+00 -4.768650000000000055e+00
