-5.576588226512292634e-02
-5.576588226467676240e-02
-5.576588226391569064e-02
1.534817266705673866e+00
1.534817266705678973e+00
1.534817266705690519e+00
1.704975322828304662e+00
1.704975322828311546e+00
1.704975322828316209e+00
1.899077543028200754e+00
1.899077543028208748e+00
1.908979359653672825e+00
1.908979359653676600e+00
1.908979359653684815e+00
2.155205599339433231e+00
2.380456921134367576e+00
2.380456921134376014e+00
2.380456921134379122e+00
2.846788451351601967e+00
2.846788451351606408e+00
2.846788451351614402e+00
3.878916968742985194e+00
3.878916968742987414e+00
4.115725145903293303e+00
4.276948000234328973e+00
4.276948000234331637e+00
4.276948000234340519e+00
4.670439166985500101e+00
4.670439166985515200e+00
4.670439166985516088e+00
5.377820955104123613e+00
5.377820955104125389e+00
5.539723859808565187e+00
7.254343383997603922e+00
7.254343383997607475e+00
7.254343383997611028e+00
1.411054710218190422e+01
1.411054710218190955e+01
1.411054710218191666e+01
1.810110581082203396e+01
1.810110581082204106e+01
1.810110581082204817e+01
