-2.274282000236270765e-02
-1.456322518115192241e-02
-1.456322518018706227e-02
2.604200760709924012e+00
2.604200760709946660e+00
3.144039160286843604e+00
3.144039160286851153e+00
4.240124739341821325e+00
4.594606352218790768e+00
4.842554488191789019e+00
4.842554488191789908e+00
6.620913013815038717e+00
6.620913013815043158e+00
6.921157062185582021e+00
6.921157062185583797e+00
7.804009797939439608e+00
9.129354370645490491e+00
1.325181287924199758e+01
1.652156868104187382e+01
1.652156868104187737e+01
1.657806968742122322e+01
