1.392970000000000041e+00 -0.000000000000000000e+00 -0.000000000000000000e+00 -0.000000000000000000e+00 1.255970000000000031e+00 1.539800000000000058e-01 -0.000000000000000000e+00 1.319799999999999862e-01 1.161030000000000006e+00
1.392970000000000041e+00 -0.000000000000000000e+00 -0.000000000000000000e+00 -0.000000000000000000e+00 1.255970000000000031e+00 -1.539800000000000058e-01 -0.000000000000000000e+00 -1.319799999999999862e-01 1.161030000000000006e+00
1.022448999999999941e+01 -2.240089999999999915e+00 -0.000000000000000000e+00 -2.362680000000000113e+00 8.527200000000000557e+00 0.000000000000000000e+00 -0.000000000000000000e+00 0.000000000000000000e+00 6.410590000000000011e+00
1.022448999999999941e+01 2.240089999999999915e+00 -0.000000000000000000e+00 2.362680000000000113e+00 8.527200000000000557e+00 0.000000000000000000e+00 -0.000000000000000000e+00 0.000000000000000000e+00 6.410590000000000011e+00
7.599370000000000402e+00 -0.000000000000000000e+00 -0.000000000000000000e+00 -0.000000000000000000e+00 8.574859999999999260e+00 -2.494549999999999823e+00 -0.000000000000000000e+00 -2.854849999999999888e+00 8.236399999999999721e+00
7.599370000000000402e+00 -0.000000000000000000e+00 -0.000000000000000000e+00 -0.000000000000000000e+00 8.574859999999999260e+00 2.494549999999999823e+00 -0.000000000000000000e+00 2.854849999999999888e+00 8.236399999999999721e+00
-6.769660000000000011e+00 0.000000000000000000e+00 0.000000000000000000e+00 0.000000000000000000e+00 -1.710020000000000095e+00 -8.527999999999999470e-02 0.000000000000000000e+00 -1.192600000000000049e-01 -1.215729999999999977e+00
-9.172000000000000153e-01 0.000000000000000000e+00 0.000000000000000000e+00 0.000000000000000000e+00 -1.205009999999999915e+00 1.166500000000000037e-01 0.000000000000000000e+00 -4.410600000000000076e-01 -4.842830000000000190e+00
-2.877079999999999860e+00 -2.251399999999999846e+00 -1.638269999999999893e+00 -2.057240000000000180e+00 -4.088960000000000150e+00 -2.443299999999999805e+00 -1.253179999999999961e+00 -2.104150000000000187e+00 -2.640690000000000204e+00
-2.887910000000000199e+00 1.792059999999999986e+00 -7.609099999999999753e-01 1.952050000000000063e+00 -3.632540000000000102e+00 1.524669999999999970e+00 -9.696799999999999864e-01 1.757730000000000015e+00 -2.234030000000000182e+00
-2.887910000000000199e+00 -1.792059999999999986e+00 7.609099999999999753e-01 -1.952050000000000063e+00 -3.632540000000000102e+00 1.524669999999999970e+00 9.696799999999999864e-01 1.757730000000000015e+00 -2.234030000000000182e+00
-2.877079999999999860e+00 2.251399999999999846e+00 1.638269999999999893e+00 2.057240000000000180e+00 -4.088960000000000150e+00 -2.443299999999999805e+00 1.253179999999999961e+00 -2.104150000000000187e+00 -2.640690000000000204e+00
-6.769660000000000011e+00 0.000000000000000000e+00 0.000000000000000000e+00 0.000000000000000000e+00 -1.710020000000000095e+00 8.527999999999999470e-02 0.000000000000000000e+00 1.192600000000000049e-01 -1.215729999999999977e+00
-9.172000000000000153e-01 0.000000000000000000e+00 0.000000000000000000e+00 0.000000000000000000e+00 -1.205009999999999915e+00 -1.166500000000000037e-01 0.000000000000000000e+00 4.410600000000000076e-01 -4.842830000000000190e+00
-2.887910000000000199e+00 -1.792059999999999986e+00 -7.609099999999999753e-01 -1.952050000000000063e+00 -3.632540000000000102e+00 -1.524669999999999970e+00 -9.696799999999999864e-01 -1.757730000000000015e+00 -2.234030000000000182e+00
-2.877079999999999860e+00 2.251399999999999846e+00 -1.638269999999999893e+00 2.057240000000000180e+00 -4.088960000000000150e+00 2.443299999999999805e+00 -1.253179999999999961e+00 2.104150000000000187e+00 -2.640690000000000204e+00
-2.877079999999999860e+00 -2.251399999999999846e+00 1.638269999999999893e+00 -2.057240000000000180e+00 -4.088960000000000150e+00 2.443299999999999805e+00 1.253179999999999961e+00 2.104150000000000187e+00 -2.640690000000000204e+00
-2.887910000000000199e+00 1.792059999999999986e+00 7.609099999999999753e-01 1.952050000000000063e+00 -3.632540000000000102e+00 -1.524669999999999970e+00 9.696799999999999864e-01 -1.757730000000000015e+00 -2.234030000000000182e+00
