1.892130000000000090e+00 -1.138600000000000029e-01 -1.319999999999999993e-03 -1.138600000000000029e-01 1.760659999999999892e+00 -2.279999999999999909e-03 4.687000000000000194e-02 8.118000000000000216e-02 1.886859999999999982e+00
1.892130000000000090e+00 1.138600000000000029e-01 -1.319999999999999993e-03 1.138600000000000029e-01 1.760659999999999892e+00 2.279999999999999909e-03 4.687000000000000194e-02 -8.118000000000000216e-02 1.886859999999999982e+00
1.694919999999999982e+00 0.000000000000000000e+00 2.629999999999999959e-03 0.000000000000000000e+00 1.957869999999999999e+00 0.000000000000000000e+00 -9.374000000000000388e-02 -0.000000000000000000e+00 1.886859999999999982e+00
5.161730000000000373e+00 4.056799999999999851e-01 -0.000000000000000000e+00 -4.056799999999999851e-01 5.161730000000000373e+00 0.000000000000000000e+00 0.000000000000000000e+00 0.000000000000000000e+00 3.456189999999999873e+00
5.161730000000000373e+00 -4.056799999999999851e-01 0.000000000000000000e+00 4.056799999999999851e-01 5.161730000000000373e+00 0.000000000000000000e+00 0.000000000000000000e+00 0.000000000000000000e+00 3.456189999999999873e+00
8.433859999999999246e+00 0.000000000000000000e+00 -1.340800000000000047e-01 0.000000000000000000e+00 6.837880000000000180e+00 0.000000000000000000e+00 -5.770999999999999741e-02 0.000000000000000000e+00 2.624049999999999994e+00
7.236880000000000202e+00 6.910800000000000276e-01 6.704000000000000237e-02 6.910800000000000276e-01 8.034869999999999735e+00 1.161200000000000010e-01 2.885000000000000064e-02 4.997999999999999665e-02 2.624049999999999994e+00
7.236880000000000202e+00 -6.910800000000000276e-01 6.704000000000000237e-02 -6.910800000000000276e-01 8.034869999999999735e+00 -1.161200000000000010e-01 2.885000000000000064e-02 -4.997999999999999665e-02 2.624049999999999994e+00
-9.374400000000000510e-01 -3.207000000000000128e-02 0.000000000000000000e+00 3.207000000000000128e-02 -9.374400000000000510e-01 0.000000000000000000e+00 0.000000000000000000e+00 -0.000000000000000000e+00 -2.710519999999999818e+00
-9.374400000000000510e-01 3.207000000000000128e-02 0.000000000000000000e+00 -3.207000000000000128e-02 -9.374400000000000510e-01 0.000000000000000000e+00 0.000000000000000000e+00 0.000000000000000000e+00 -2.710519999999999818e+00
-8.039600000000000080e-01 6.546000000000000429e-02 -3.719100000000000183e-01 6.546000000000000429e-02 -7.283800000000000274e-01 -6.441700000000000204e-01 -1.046900000000000053e-01 -1.813299999999999912e-01 -2.005590000000000206e+00
-8.039600000000000080e-01 -6.546000000000000429e-02 -3.719100000000000183e-01 -6.546000000000000429e-02 -7.283800000000000274e-01 6.441700000000000204e-01 -1.046900000000000053e-01 1.813299999999999912e-01 -2.005590000000000206e+00
-6.905799999999999716e-01 -0.000000000000000000e+00 7.438200000000000367e-01 -0.000000000000000000e+00 -8.417599999999999527e-01 0.000000000000000000e+00 2.093899999999999928e-01 0.000000000000000000e+00 -2.005590000000000206e+00
-4.740289999999999893e+00 1.605299999999999949e+00 -2.080200000000000105e-01 1.605299999999999949e+00 -2.886649999999999938e+00 -3.603000000000000091e-01 -2.116500000000000048e-01 -3.665900000000000269e-01 -7.650900000000000478e-01
-4.740289999999999893e+00 -1.605299999999999949e+00 -2.080200000000000105e-01 -1.605299999999999949e+00 -2.886649999999999938e+00 3.603000000000000091e-01 -2.116500000000000048e-01 3.665900000000000269e-01 -7.650900000000000478e-01
-1.959840000000000027e+00 -0.000000000000000000e+00 4.160300000000000109e-01 -0.000000000000000000e+00 -5.667110000000000092e+00 0.000000000000000000e+00 4.233000000000000096e-01 0.000000000000000000e+00 -7.650900000000000478e-01
-5.984759999999999636e+00 -1.169829999999999925e+00 -1.458500000000000074e-01 -1.385259999999999936e+00 -1.714059999999999917e+00 3.690999999999999837e-02 -3.285899999999999932e-01 -2.588999999999999982e-02 -1.118670000000000053e+00
-1.675340000000000051e+00 -1.102780000000000094e+00 1.048899999999999971e-01 -1.318210000000000104e+00 -6.023469999999999658e+00 1.078599999999999975e-01 1.418699999999999961e-01 2.975200000000000067e-01 -1.118670000000000053e+00
-3.888119999999999798e+00 2.595749999999999780e+00 4.096000000000000335e-02 2.380329999999999835e+00 -3.810700000000000198e+00 -1.447700000000000098e-01 1.867199999999999971e-01 -2.716199999999999726e-01 -1.118670000000000053e+00
-5.984759999999999636e+00 1.169829999999999925e+00 -1.458500000000000074e-01 1.385259999999999936e+00 -1.714059999999999917e+00 -3.690999999999999837e-02 -3.285899999999999932e-01 2.588999999999999982e-02 -1.118670000000000053e+00
-3.888119999999999798e+00 -2.595749999999999780e+00 4.096000000000000335e-02 -2.380329999999999835e+00 -3.810700000000000198e+00 1.447700000000000098e-01 1.867199999999999971e-01 2.716199999999999726e-01 -1.118670000000000053e+00
-1.675340000000000051e+00 1.102780000000000094e+00 1.048899999999999971e-01 1.318210000000000104e+00 -6.023469999999999658e+00 -1.078599999999999975e-01 1.418699999999999961e-01 -2.975200000000000067e-01 -1.118670000000000053e+00
