-6.362000227915745598e-02
-6.362000227915745598e-02
-1.870471905696527784e-02
1.047762353780665290e+00
1.047762353780665290e+00
1.399656211360489788e+00
1.399656211360489788e+00
2.342933289703315491e+00
2.492760937193938098e+00
4.496141846072029935e+00
5.513064238697023889e+00
5.712980500579360132e+00
5.712980500579360132e+00
6.368687737674065374e+00
6.368687737674065374e+00
7.095858806374320871e+00
7.095858806374320871e+00
8.016346761461857540e+00
8.362450502095661875e+00
8.362450502095661875e+00
1.015037314585035411e+01
1.140520100655836799e+01
1.140520100655836799e+01
1.293623871146478166e+01
1.613330613978424566e+01
1.629593639531033489e+01
1.646109282520452766e+01
1.646109282520452766e+01
2.146859445795183063e+01
2.347665414832360753e+01
