2.254150000000000098e+00 -0.000000000000000000e+00 6.771000000000000629e-02 -0.000000000000000000e+00 2.465809999999999835e+00 -0.000000000000000000e+00 1.101800000000000002e-01 -0.000000000000000000e+00 2.576639999999999819e+00
2.254150000000000098e+00 -0.000000000000000000e+00 6.771000000000000629e-02 -0.000000000000000000e+00 2.465809999999999835e+00 -0.000000000000000000e+00 1.101800000000000002e-01 -0.000000000000000000e+00 2.576639999999999819e+00
2.644379999999999953e+00 2.720400000000000040e-01 8.591000000000000025e-02 1.360000000000000098e-01 2.672509999999999941e+00 3.603000000000000091e-01 8.118000000000000216e-02 -1.246700000000000030e-01 2.845209999999999795e+00
2.644379999999999953e+00 -2.720400000000000040e-01 8.591000000000000025e-02 -1.360000000000000098e-01 2.672509999999999941e+00 -3.603000000000000091e-01 8.118000000000000216e-02 1.246700000000000030e-01 2.845209999999999795e+00
2.723219999999999974e+00 8.050000000000000211e-02 -1.240000000000000000e-03 -6.372999999999999499e-02 2.696149999999999824e+00 -1.398600000000000121e-01 -6.960000000000000041e-03 2.007400000000000018e-01 2.898350000000000204e+00
2.723219999999999974e+00 -8.050000000000000211e-02 -1.240000000000000000e-03 6.372999999999999499e-02 2.696149999999999824e+00 1.398600000000000121e-01 -6.960000000000000041e-03 -2.007400000000000018e-01 2.898350000000000204e+00
2.723219999999999974e+00 8.050000000000000211e-02 -1.240000000000000000e-03 -6.372999999999999499e-02 2.696149999999999824e+00 -1.398600000000000121e-01 -6.960000000000000041e-03 2.007400000000000018e-01 2.898350000000000204e+00
2.723219999999999974e+00 -8.050000000000000211e-02 -1.240000000000000000e-03 6.372999999999999499e-02 2.696149999999999824e+00 1.398600000000000121e-01 -6.960000000000000041e-03 -2.007400000000000018e-01 2.898350000000000204e+00
2.644379999999999953e+00 -2.720400000000000040e-01 8.591000000000000025e-02 -1.360000000000000098e-01 2.672509999999999941e+00 -3.603000000000000091e-01 8.118000000000000216e-02 1.246700000000000030e-01 2.845209999999999795e+00
2.644379999999999953e+00 2.720400000000000040e-01 8.591000000000000025e-02 1.360000000000000098e-01 2.672509999999999941e+00 3.603000000000000091e-01 8.118000000000000216e-02 -1.246700000000000030e-01 2.845209999999999795e+00
-2.352730000000000210e+00 0.000000000000000000e+00 -1.036699999999999983e-01 0.000000000000000000e+00 -1.847679999999999989e+00 0.000000000000000000e+00 -1.058800000000000019e-01 0.000000000000000000e+00 -1.735829999999999984e+00
-2.352730000000000210e+00 0.000000000000000000e+00 -1.036699999999999983e-01 0.000000000000000000e+00 -1.847679999999999989e+00 0.000000000000000000e+00 -1.058800000000000019e-01 0.000000000000000000e+00 -1.735829999999999984e+00
-1.252599999999999936e+00 -1.936100000000000043e-01 -2.513400000000000079e-01 -1.478599999999999914e-01 -2.534060000000000201e+00 -1.183099999999999985e-01 -2.592099999999999960e-01 -6.174000000000000321e-02 -1.836449999999999916e+00
-1.252599999999999936e+00 1.936100000000000043e-01 -2.513400000000000079e-01 1.478599999999999914e-01 -2.534060000000000201e+00 1.183099999999999985e-01 -2.592099999999999960e-01 6.174000000000000321e-02 -1.836449999999999916e+00
-1.252599999999999936e+00 -1.936100000000000043e-01 -2.513400000000000079e-01 -1.478599999999999914e-01 -2.534060000000000201e+00 -1.183099999999999985e-01 -2.592099999999999960e-01 -6.174000000000000321e-02 -1.836449999999999916e+00
-1.252599999999999936e+00 1.936100000000000043e-01 -2.513400000000000079e-01 1.478599999999999914e-01 -2.534060000000000201e+00 1.183099999999999985e-01 -2.592099999999999960e-01 6.174000000000000321e-02 -1.836449999999999916e+00
-1.784489999999999910e+00 -2.055800000000000127e-01 3.734700000000000242e-01 -2.007299999999999918e-01 -1.745270000000000099e+00 -3.184299999999999908e-01 3.545699999999999963e-01 -3.459599999999999898e-01 -2.193540000000000045e+00
-1.784489999999999910e+00 2.055800000000000127e-01 3.734700000000000242e-01 2.007299999999999918e-01 -1.745270000000000099e+00 3.184299999999999908e-01 3.545699999999999963e-01 3.459599999999999898e-01 -2.193540000000000045e+00
-1.784489999999999910e+00 -2.055800000000000127e-01 3.734700000000000242e-01 -2.007299999999999918e-01 -1.745270000000000099e+00 -3.184299999999999908e-01 3.545699999999999963e-01 -3.459599999999999898e-01 -2.193540000000000045e+00
-1.784489999999999910e+00 2.055800000000000127e-01 3.734700000000000242e-01 2.007299999999999918e-01 -1.745270000000000099e+00 3.184299999999999908e-01 3.545699999999999963e-01 3.459599999999999898e-01 -2.193540000000000045e+00
-2.281219999999999803e+00 4.188200000000000256e-01 -1.888100000000000056e-01 3.365199999999999858e-01 -1.398390000000000022e+00 -2.529500000000000082e-01 -1.717299999999999938e-01 -2.437600000000000044e-01 -2.133980000000000210e+00
-2.281219999999999803e+00 -4.188200000000000256e-01 -1.888100000000000056e-01 -3.365199999999999858e-01 -1.398390000000000022e+00 2.529500000000000082e-01 -1.717299999999999938e-01 2.437600000000000044e-01 -2.133980000000000210e+00
-2.281219999999999803e+00 4.188200000000000256e-01 -1.888100000000000056e-01 3.365199999999999858e-01 -1.398390000000000022e+00 -2.529500000000000082e-01 -1.717299999999999938e-01 -2.437600000000000044e-01 -2.133980000000000210e+00
-2.281219999999999803e+00 -4.188200000000000256e-01 -1.888100000000000056e-01 -3.365199999999999858e-01 -1.398390000000000022e+00 2.529500000000000082e-01 -1.717299999999999938e-01 2.437600000000000044e-01 -2.133980000000000210e+00
