-1.215408512106112421e-01
-9.360231690359595291e-02
-7.665695380044955376e-02
1.028978924792344873e+00
1.182213329457326267e+00
1.272082223966166437e+00
1.288091729423370024e+00
1.524827075247613628e+00
1.620063029927387266e+00
1.755518339856993348e+00
1.880573079128651903e+00
2.027525390546053075e+00
2.076411104562366550e+00
2.274743935218134006e+00
2.636202958077309866e+00
2.682390998562327322e+00
2.746468369508401342e+00
2.794063626304666759e+00
2.878732096860209033e+00
2.912124159685990588e+00
2.914025968885243678e+00
2.957946973673341251e+00
3.003984505660371340e+00
3.637068021291603337e+00
3.722090579878279293e+00
3.787233682537113566e+00
5.164232372532928217e+00
6.119108407562225516e+00
6.201508401258576164e+00
6.452874254717062996e+00
6.492674823246550986e+00
6.600707270065660381e+00
7.064772526754222071e+00
7.072956922700740279e+00
9.328234993307537692e+00
9.356861874824234704e+00
9.377641754311850875e+00
9.609696535122704830e+00
9.777782140773577879e+00
9.801684202659949108e+00
1.013257419895159295e+01
1.019887455093704887e+01
1.086308044664918171e+01
1.087442722526952643e+01
1.401420121014147746e+01
1.403931780254450779e+01
1.576898913386548529e+01
1.583166078500592810e+01
2.106174092071174186e+01
2.106630400409308734e+01
2.631690408728937669e+01
2.723767701963545207e+01
2.790798473031067317e+01
2.800247854966782057e+01
2.843758148692875309e+01
2.854877752814415715e+01
2.855221376904173525e+01
2.917964294297984651e+01
2.939607492022415514e+01
2.947259826915892234e+01
