2.260629999999999917e+00 3.892000000000000320e-02 -0.000000000000000000e+00 -3.892000000000000320e-02 2.260629999999999917e+00 0.000000000000000000e+00 -0.000000000000000000e+00 0.000000000000000000e+00 2.752400000000000180e+00
2.260629999999999917e+00 3.892000000000000320e-02 -0.000000000000000000e+00 -3.892000000000000320e-02 2.260629999999999917e+00 0.000000000000000000e+00 -0.000000000000000000e+00 0.000000000000000000e+00 2.752400000000000180e+00
5.737459999999999560e+00 3.905999999999999750e-02 -0.000000000000000000e+00 -3.905999999999999750e-02 5.737459999999999560e+00 0.000000000000000000e+00 -0.000000000000000000e+00 0.000000000000000000e+00 2.867910000000000181e+00
5.737459999999999560e+00 3.905999999999999750e-02 -0.000000000000000000e+00 -3.905999999999999750e-02 5.737459999999999560e+00 0.000000000000000000e+00 -0.000000000000000000e+00 0.000000000000000000e+00 2.867910000000000181e+00
-3.425359999999999960e+00 -7.023800000000000043e-01 4.581100000000000172e-01 -6.503900000000000237e-01 -1.906700000000000061e+00 -2.918000000000000038e-01 4.550699999999999745e-01 -3.216800000000000215e-01 -1.873439999999999994e+00
-2.872129999999999850e+00 9.697999999999999954e-01 2.365000000000000088e-02 1.021789999999999976e+00 -2.459929999999999950e+00 5.426400000000000112e-01 5.104999999999999816e-02 5.549399999999999888e-01 -1.873439999999999994e+00
-1.700599999999999890e+00 -3.453999999999999848e-01 -4.817699999999999760e-01 -2.934100000000000041e-01 -3.631460000000000132e+00 -2.508400000000000074e-01 -5.061200000000000143e-01 -2.332599999999999951e-01 -1.873439999999999994e+00
-3.425359999999999960e+00 -7.023800000000000043e-01 4.581100000000000172e-01 -6.503900000000000237e-01 -1.906700000000000061e+00 -2.918000000000000038e-01 4.550699999999999745e-01 -3.216800000000000215e-01 -1.873439999999999994e+00
-1.700599999999999890e+00 -3.453999999999999848e-01 -4.817699999999999760e-01 -2.934100000000000041e-01 -3.631460000000000132e+00 -2.508400000000000074e-01 -5.061200000000000143e-01 -2.332599999999999951e-01 -1.873439999999999994e+00
-2.872129999999999850e+00 9.697999999999999954e-01 2.365000000000000088e-02 1.021789999999999976e+00 -2.459929999999999950e+00 5.426400000000000112e-01 5.104999999999999816e-02 5.549399999999999888e-01 -1.873439999999999994e+00
