-1.065731938940799872e-01
-8.906965930261970255e-02
-3.769929272766599226e-02
2.442304052808795145e+00
2.539259282843551180e+00
3.225776991239722502e+00
3.539836301117786910e+00
3.795689943081471007e+00
3.822585594275811349e+00
4.805598406150689783e+00
4.812749955848564021e+00
5.039235017782628390e+00
5.432332446620272037e+00
5.670237106969605811e+00
5.738013332612959871e+00
5.777769606136306635e+00
6.265886722275769039e+00
6.304165174030933017e+00
6.364334968992506170e+00
6.693188254587510322e+00
7.162337838700491233e+00
7.292945365808292557e+00
7.424802792559908937e+00
7.943587835533926444e+00
1.636919680662565924e+01
1.650022083749585633e+01
1.681578768387918288e+01
1.688297856215727677e+01
2.271042483243702037e+01
2.282424265757262560e+01
2.653828809986362813e+01
2.655212408529437340e+01
3.594425088805564172e+01
3.603947528850051896e+01
3.625022033435743651e+01
3.625880694407245386e+01
