1.140900000000000025e+00 -0.000000000000000000e+00 0.000000000000000000e+00 -0.000000000000000000e+00 1.140900000000000025e+00 0.000000000000000000e+00 0.000000000000000000e+00 0.000000000000000000e+00 1.513249999999999984e+00
1.140900000000000025e+00 -0.000000000000000000e+00 0.000000000000000000e+00 -0.000000000000000000e+00 1.140900000000000025e+00 0.000000000000000000e+00 0.000000000000000000e+00 0.000000000000000000e+00 1.513249999999999984e+00
2.564439999999999831e+00 -0.000000000000000000e+00 0.000000000000000000e+00 -0.000000000000000000e+00 2.564439999999999831e+00 0.000000000000000000e+00 0.000000000000000000e+00 0.000000000000000000e+00 1.829420000000000046e+00
7.709559999999999746e+00 -0.000000000000000000e+00 0.000000000000000000e+00 -0.000000000000000000e+00 7.709559999999999746e+00 0.000000000000000000e+00 0.000000000000000000e+00 0.000000000000000000e+00 5.414600000000000080e+00
7.709559999999999746e+00 -0.000000000000000000e+00 0.000000000000000000e+00 -0.000000000000000000e+00 7.709559999999999746e+00 0.000000000000000000e+00 0.000000000000000000e+00 0.000000000000000000e+00 5.414600000000000080e+00
-2.065749999999999975e+00 0.000000000000000000e+00 -0.000000000000000000e+00 0.000000000000000000e+00 -2.065749999999999975e+00 -0.000000000000000000e+00 -0.000000000000000000e+00 -0.000000000000000000e+00 -3.888269999999999893e+00
-1.492250000000000076e+00 0.000000000000000000e+00 -0.000000000000000000e+00 0.000000000000000000e+00 -1.492250000000000076e+00 -0.000000000000000000e+00 -0.000000000000000000e+00 -0.000000000000000000e+00 -3.515330000000000066e+00
-1.492250000000000076e+00 0.000000000000000000e+00 -0.000000000000000000e+00 0.000000000000000000e+00 -1.492250000000000076e+00 -0.000000000000000000e+00 -0.000000000000000000e+00 -0.000000000000000000e+00 -3.515330000000000066e+00
-1.777060000000000084e+00 0.000000000000000000e+00 -0.000000000000000000e+00 0.000000000000000000e+00 -5.830490000000000173e+00 -0.000000000000000000e+00 -0.000000000000000000e+00 -0.000000000000000000e+00 -1.191550000000000109e+00
-5.830490000000000173e+00 0.000000000000000000e+00 -0.000000000000000000e+00 0.000000000000000000e+00 -1.777060000000000084e+00 -0.000000000000000000e+00 -0.000000000000000000e+00 -0.000000000000000000e+00 -1.191550000000000109e+00
-5.830490000000000173e+00 0.000000000000000000e+00 -0.000000000000000000e+00 0.000000000000000000e+00 -1.777060000000000084e+00 -0.000000000000000000e+00 -0.000000000000000000e+00 -0.000000000000000000e+00 -1.191550000000000109e+00
-1.777060000000000084e+00 0.000000000000000000e+00 -0.000000000000000000e+00 0.000000000000000000e+00 -5.830490000000000173e+00 -0.000000000000000000e+00 -0.000000000000000000e+00 -0.000000000000000000e+00 -1.191550000000000109e+00
