-4.454694791265954856e-02
-3.562055193832759648e-02
-9.786020319119344973e-03
1.562685655909593629e+00
1.731209340340381431e+00
1.773200270414529767e+00
2.023957311653797220e+00
2.046743191179875687e+00
2.689475699860382818e+00
2.774071710272766111e+00
2.778741069805960251e+00
2.792179632236027498e+00
2.891599553198926476e+00
3.012784593340259942e+00
3.152222302907128793e+00
3.153219102826542386e+00
3.274655819329149953e+00
3.441553019570948280e+00
3.593408003339606083e+00
3.621220440874082236e+00
3.635352356200796997e+00
3.902897162325078995e+00
4.065647141515266405e+00
4.119972753761091511e+00
4.153807600976975323e+00
4.185718105111536858e+00
4.191442262506126504e+00
4.273666098972935146e+00
4.329518542690544258e+00
4.411598779919835955e+00
4.623222640874792511e+00
4.683933250129251213e+00
4.763520723232876897e+00
4.879453975384370423e+00
4.920509607285856291e+00
5.307269026852742044e+00
5.474981004621459313e+00
5.656615717794646336e+00
5.674953418045313391e+00
5.743176102132697025e+00
6.227164612140128952e+00
6.255547353277736811e+00
7.248551262271297091e+00
7.261650912199599794e+00
7.377238355874679243e+00
7.458634304613629418e+00
7.718098916243439689e+00
7.830494395592317858e+00
8.556720760579588969e+00
8.704854664592302171e+00
9.233344563622051027e+00
9.631365273748814460e+00
1.142589324608499091e+01
1.143488066502754030e+01
1.192552768969197352e+01
1.218053521797415328e+01
1.325479419304493867e+01
1.326007636608327722e+01
1.452949247057980209e+01
1.585918276042377073e+01
1.592762590772514919e+01
1.608865806405197674e+01
1.612730236704882358e+01
1.619665601653569453e+01
1.673460224590443701e+01
1.700439178488585057e+01
1.710241621183563510e+01
1.712071015707679322e+01
1.882764344148982261e+01
1.886848819524976051e+01
1.937693086682363841e+01
1.958140667553451664e+01
