1.256040000000000045e+00 0.000000000000000000e+00 -0.000000000000000000e+00 0.000000000000000000e+00 1.256040000000000045e+00 0.000000000000000000e+00 0.000000000000000000e+00 -0.000000000000000000e+00 9.015900000000000025e-01
1.012559999999999905e+00 0.000000000000000000e+00 -0.000000000000000000e+00 0.000000000000000000e+00 1.012559999999999905e+00 0.000000000000000000e+00 0.000000000000000000e+00 0.000000000000000000e+00 1.544270000000000032e+00
1.256040000000000045e+00 0.000000000000000000e+00 0.000000000000000000e+00 0.000000000000000000e+00 1.256040000000000045e+00 -0.000000000000000000e+00 0.000000000000000000e+00 -0.000000000000000000e+00 9.015900000000000025e-01
1.256040000000000045e+00 0.000000000000000000e+00 0.000000000000000000e+00 0.000000000000000000e+00 1.256040000000000045e+00 0.000000000000000000e+00 0.000000000000000000e+00 0.000000000000000000e+00 9.015900000000000025e-01
1.256040000000000045e+00 0.000000000000000000e+00 -0.000000000000000000e+00 0.000000000000000000e+00 1.256040000000000045e+00 0.000000000000000000e+00 0.000000000000000000e+00 0.000000000000000000e+00 9.015900000000000025e-01
1.012559999999999905e+00 0.000000000000000000e+00 0.000000000000000000e+00 0.000000000000000000e+00 1.012559999999999905e+00 0.000000000000000000e+00 0.000000000000000000e+00 0.000000000000000000e+00 1.544270000000000032e+00
4.428189999999999849e+00 0.000000000000000000e+00 0.000000000000000000e+00 0.000000000000000000e+00 4.428189999999999849e+00 -0.000000000000000000e+00 -0.000000000000000000e+00 0.000000000000000000e+00 3.705789999999999917e+00
4.428189999999999849e+00 0.000000000000000000e+00 0.000000000000000000e+00 0.000000000000000000e+00 4.428189999999999849e+00 0.000000000000000000e+00 0.000000000000000000e+00 -0.000000000000000000e+00 3.705789999999999917e+00
3.253699999999999815e+00 0.000000000000000000e+00 0.000000000000000000e+00 0.000000000000000000e+00 3.253699999999999815e+00 0.000000000000000000e+00 -0.000000000000000000e+00 0.000000000000000000e+00 3.583950000000000191e+00
3.253699999999999815e+00 0.000000000000000000e+00 0.000000000000000000e+00 0.000000000000000000e+00 3.253699999999999815e+00 0.000000000000000000e+00 -0.000000000000000000e+00 0.000000000000000000e+00 3.583950000000000191e+00
3.253699999999999815e+00 0.000000000000000000e+00 0.000000000000000000e+00 0.000000000000000000e+00 3.253699999999999815e+00 0.000000000000000000e+00 0.000000000000000000e+00 -0.000000000000000000e+00 3.583950000000000191e+00
3.253699999999999815e+00 0.000000000000000000e+00 0.000000000000000000e+00 0.000000000000000000e+00 3.253699999999999815e+00 0.000000000000000000e+00 0.000000000000000000e+00 -0.000000000000000000e+00 3.583950000000000191e+00
-2.594139999999999890e+00 6.639100000000000001e-01 6.683400000000000452e-01 6.639100000000000001e-01 -1.827530000000000099e+00 -3.858699999999999908e-01 5.634700000000000264e-01 -3.253199999999999981e-01 -1.723489999999999966e+00
-1.444220000000000059e+00 -0.000000000000000000e+00 -0.000000000000000000e+00 -0.000000000000000000e+00 -2.977450000000000152e+00 -7.717300000000000271e-01 -0.000000000000000000e+00 -6.506399999999999961e-01 -1.723489999999999966e+00
-2.594139999999999890e+00 -6.639100000000000001e-01 -6.683400000000000452e-01 -6.639100000000000001e-01 -1.827530000000000099e+00 -3.858699999999999908e-01 -5.634700000000000264e-01 -3.253199999999999981e-01 -1.723489999999999966e+00
-1.444220000000000059e+00 -0.000000000000000000e+00 -0.000000000000000000e+00 -0.000000000000000000e+00 -2.977450000000000152e+00 -7.717300000000000271e-01 -0.000000000000000000e+00 -6.506399999999999961e-01 -1.723489999999999966e+00
-2.594139999999999890e+00 6.639100000000000001e-01 -6.683400000000000452e-01 6.639100000000000001e-01 -1.827530000000000099e+00 3.858699999999999908e-01 -5.634700000000000264e-01 3.253199999999999981e-01 -1.723489999999999966e+00
-2.594139999999999890e+00 6.639100000000000001e-01 6.683400000000000452e-01 6.639100000000000001e-01 -1.827530000000000099e+00 -3.858699999999999908e-01 5.634700000000000264e-01 -3.253199999999999981e-01 -1.723489999999999966e+00
-2.594139999999999890e+00 6.639100000000000001e-01 -6.683400000000000452e-01 6.639100000000000001e-01 -1.827530000000000099e+00 3.858699999999999908e-01 -5.634700000000000264e-01 3.253199999999999981e-01 -1.723489999999999966e+00
-1.444220000000000059e+00 -0.000000000000000000e+00 0.000000000000000000e+00 -0.000000000000000000e+00 -2.977450000000000152e+00 7.717300000000000271e-01 0.000000000000000000e+00 6.506399999999999961e-01 -1.723489999999999966e+00
-1.444220000000000059e+00 -0.000000000000000000e+00 0.000000000000000000e+00 -0.000000000000000000e+00 -2.977450000000000152e+00 7.717300000000000271e-01 0.000000000000000000e+00 6.506399999999999961e-01 -1.723489999999999966e+00
-2.594139999999999890e+00 -6.639100000000000001e-01 6.683400000000000452e-01 -6.639100000000000001e-01 -1.827530000000000099e+00 3.858699999999999908e-01 5.634700000000000264e-01 3.253199999999999981e-01 -1.723489999999999966e+00
-2.594139999999999890e+00 -6.639100000000000001e-01 6.683400000000000452e-01 -6.639100000000000001e-01 -1.827530000000000099e+00 3.858699999999999908e-01 5.634700000000000264e-01 3.253199999999999981e-01 -1.723489999999999966e+00
-2.594139999999999890e+00 -6.639100000000000001e-01 -6.683400000000000452e-01 -6.639100000000000001e-01 -1.827530000000000099e+00 -3.858699999999999908e-01 -5.634700000000000264e-01 -3.253199999999999981e-01 -1.723489999999999966e+00
-1.195200000000000040e+00 -0.000000000000000000e+00 -0.000000000000000000e+00 -0.000000000000000000e+00 -1.195200000000000040e+00 0.000000000000000000e+00 0.000000000000000000e+00 -0.000000000000000000e+00 -3.880240000000000133e+00
-1.195200000000000040e+00 -0.000000000000000000e+00 -0.000000000000000000e+00 -0.000000000000000000e+00 -1.195200000000000040e+00 0.000000000000000000e+00 0.000000000000000000e+00 -0.000000000000000000e+00 -3.880240000000000133e+00
