1.941410000000000080e+00 7.506999999999999784e-02 -7.259999999999999787e-02 -5.118000000000000327e-02 2.116389999999999993e+00 2.194399999999999962e-01 -8.060000000000000497e-02 -3.878599999999999826e-01 2.094790000000000152e+00
1.941410000000000080e+00 7.506999999999999784e-02 7.259999999999999787e-02 -5.118000000000000327e-02 2.116389999999999993e+00 -2.194399999999999962e-01 8.060000000000000497e-02 3.878599999999999826e-01 2.094790000000000152e+00
1.941410000000000080e+00 -7.506999999999999784e-02 7.259999999999999787e-02 5.118000000000000327e-02 2.116389999999999993e+00 2.194399999999999962e-01 8.060000000000000497e-02 -3.878599999999999826e-01 2.094790000000000152e+00
1.941410000000000080e+00 -7.506999999999999784e-02 -7.259999999999999787e-02 5.118000000000000327e-02 2.116389999999999993e+00 -2.194399999999999962e-01 -8.060000000000000497e-02 3.878599999999999826e-01 2.094790000000000152e+00
1.841280000000000028e+00 -9.625000000000000222e-02 -2.322000000000000106e-02 -1.930099999999999871e-01 1.788210000000000077e+00 1.408000000000000050e-02 4.982000000000000317e-02 6.108000000000000235e-02 1.934579999999999966e+00
1.841280000000000028e+00 -9.625000000000000222e-02 2.322000000000000106e-02 -1.930099999999999871e-01 1.788210000000000077e+00 -1.408000000000000050e-02 -4.982000000000000317e-02 -6.108000000000000235e-02 1.934579999999999966e+00
1.841280000000000028e+00 9.625000000000000222e-02 2.322000000000000106e-02 1.930099999999999871e-01 1.788210000000000077e+00 1.408000000000000050e-02 -4.982000000000000317e-02 6.108000000000000235e-02 1.934579999999999966e+00
1.841280000000000028e+00 9.625000000000000222e-02 -2.322000000000000106e-02 1.930099999999999871e-01 1.788210000000000077e+00 -1.408000000000000050e-02 4.982000000000000317e-02 -6.108000000000000235e-02 1.934579999999999966e+00
3.931119999999999948e+00 3.663899999999999935e-01 3.001099999999999879e-01 -2.980099999999999971e-01 3.696159999999999890e+00 2.526900000000000257e-01 3.214999999999999802e-02 -2.076300000000000090e-01 3.468409999999999993e+00
3.931119999999999948e+00 3.663899999999999935e-01 -3.001099999999999879e-01 -2.980099999999999971e-01 3.696159999999999890e+00 -2.526900000000000257e-01 -3.214999999999999802e-02 2.076300000000000090e-01 3.468409999999999993e+00
3.931119999999999948e+00 -3.663899999999999935e-01 -3.001099999999999879e-01 2.980099999999999971e-01 3.696159999999999890e+00 2.526900000000000257e-01 -3.214999999999999802e-02 -2.076300000000000090e-01 3.468409999999999993e+00
3.931119999999999948e+00 -3.663899999999999935e-01 3.001099999999999879e-01 2.980099999999999971e-01 3.696159999999999890e+00 -2.526900000000000257e-01 3.214999999999999802e-02 2.076300000000000090e-01 3.468409999999999993e+00
-2.197900000000000187e+00 -8.666700000000000514e-01 3.612799999999999900e-01 -6.226899999999999658e-01 -2.049009999999999998e+00 -2.355099999999999971e-01 5.018000000000000238e-01 7.094000000000000306e-02 -1.700180000000000025e+00
-2.197900000000000187e+00 -8.666700000000000514e-01 -3.612799999999999900e-01 -6.226899999999999658e-01 -2.049009999999999998e+00 2.355099999999999971e-01 -5.018000000000000238e-01 -7.094000000000000306e-02 -1.700180000000000025e+00
-2.197900000000000187e+00 8.666700000000000514e-01 -3.612799999999999900e-01 6.226899999999999658e-01 -2.049009999999999998e+00 -2.355099999999999971e-01 -5.018000000000000238e-01 7.094000000000000306e-02 -1.700180000000000025e+00
-2.197900000000000187e+00 8.666700000000000514e-01 3.612799999999999900e-01 6.226899999999999658e-01 -2.049009999999999998e+00 2.355099999999999971e-01 5.018000000000000238e-01 -7.094000000000000306e-02 -1.700180000000000025e+00
-1.667569999999999997e+00 -2.814599999999999880e-01 -2.009100000000000052e-01 -1.708300000000000096e-01 -1.530040000000000067e+00 3.969300000000000050e-01 -2.053399999999999948e-01 6.362200000000000077e-01 -2.214760000000000062e+00
-1.667569999999999997e+00 -2.814599999999999880e-01 2.009100000000000052e-01 -1.708300000000000096e-01 -1.530040000000000067e+00 -3.969300000000000050e-01 2.053399999999999948e-01 -6.362200000000000077e-01 -2.214760000000000062e+00
-1.667569999999999997e+00 2.814599999999999880e-01 2.009100000000000052e-01 1.708300000000000096e-01 -1.530040000000000067e+00 3.969300000000000050e-01 2.053399999999999948e-01 6.362200000000000077e-01 -2.214760000000000062e+00
-1.667569999999999997e+00 2.814599999999999880e-01 -2.009100000000000052e-01 1.708300000000000096e-01 -1.530040000000000067e+00 -3.969300000000000050e-01 -2.053399999999999948e-01 -6.362200000000000077e-01 -2.214760000000000062e+00
-2.624690000000000190e+00 3.042699999999999849e-01 -1.804199999999999970e-01 5.987200000000000299e-01 -1.615420000000000078e+00 1.859599999999999864e-01 -1.101000000000000034e-01 1.491300000000000125e-01 -1.556869999999999976e+00
-2.624690000000000190e+00 3.042699999999999849e-01 1.804199999999999970e-01 5.987200000000000299e-01 -1.615420000000000078e+00 -1.859599999999999864e-01 1.101000000000000034e-01 -1.491300000000000125e-01 -1.556869999999999976e+00
-2.624690000000000190e+00 -3.042699999999999849e-01 1.804199999999999970e-01 -5.987200000000000299e-01 -1.615420000000000078e+00 1.859599999999999864e-01 1.101000000000000034e-01 1.491300000000000125e-01 -1.556869999999999976e+00
-2.624690000000000190e+00 -3.042699999999999849e-01 -1.804199999999999970e-01 -5.987200000000000299e-01 -1.615420000000000078e+00 -1.859599999999999864e-01 -1.101000000000000034e-01 -1.491300000000000125e-01 -1.556869999999999976e+00
-1.223659999999999970e+00 -3.896399999999999864e-01 -1.056399999999999978e-01 -3.028600000000000181e-01 -2.406289999999999818e+00 -5.222700000000000120e-01 -8.489999999999999283e-03 -2.087499999999999911e-01 -2.025959999999999983e+00
-1.223659999999999970e+00 -3.896399999999999864e-01 1.056399999999999978e-01 -3.028600000000000181e-01 -2.406289999999999818e+00 5.222700000000000120e-01 8.489999999999999283e-03 2.087499999999999911e-01 -2.025959999999999983e+00
-1.223659999999999970e+00 3.896399999999999864e-01 1.056399999999999978e-01 3.028600000000000181e-01 -2.406289999999999818e+00 -5.222700000000000120e-01 8.489999999999999283e-03 -2.087499999999999911e-01 -2.025959999999999983e+00
-1.223659999999999970e+00 3.896399999999999864e-01 -1.056399999999999978e-01 3.028600000000000181e-01 -2.406289999999999818e+00 5.222700000000000120e-01 -8.489999999999999283e-03 2.087499999999999911e-01 -2.025959999999999983e+00
