3.097170000000000201e+00 -1.423399999999999943e-01 -1.189000000000000057e-01 -5.273799999999999599e-01 3.706059999999999910e+00 1.368699999999999917e-01 -5.417999999999999899e-02 -6.933999999999999886e-02 4.184789999999999566e+00
3.097170000000000201e+00 1.423399999999999943e-01 -1.189000000000000057e-01 5.273799999999999599e-01 3.706059999999999910e+00 -1.368699999999999917e-01 -5.417999999999999899e-02 6.933999999999999886e-02 4.184789999999999566e+00
3.097170000000000201e+00 -1.423399999999999943e-01 -1.189000000000000057e-01 -5.273799999999999599e-01 3.706059999999999910e+00 1.368699999999999917e-01 -5.417999999999999899e-02 -6.933999999999999886e-02 4.184789999999999566e+00
3.097170000000000201e+00 1.423399999999999943e-01 -1.189000000000000057e-01 5.273799999999999599e-01 3.706059999999999910e+00 -1.368699999999999917e-01 -5.417999999999999899e-02 6.933999999999999886e-02 4.184789999999999566e+00
3.550650000000000084e+00 1.963000000000000161e-02 -2.684999999999999887e-02 -3.443999999999999839e-02 3.304699999999999971e+00 -6.289000000000000146e-02 -2.192399999999999904e-01 -8.072999999999999621e-02 3.558660000000000156e+00
3.550650000000000084e+00 -1.963000000000000161e-02 -2.684999999999999887e-02 3.443999999999999839e-02 3.304699999999999971e+00 6.289000000000000146e-02 -2.192399999999999904e-01 8.072999999999999621e-02 3.558660000000000156e+00
3.982549999999999812e+00 2.063800000000000079e-01 3.196300000000000252e-01 1.933999999999999955e-02 2.972220000000000084e+00 -3.077599999999999780e-01 3.630099999999999993e-01 -2.782499999999999973e-01 3.461269999999999847e+00
3.982549999999999812e+00 -2.063800000000000079e-01 3.196300000000000252e-01 -1.933999999999999955e-02 2.972220000000000084e+00 3.077599999999999780e-01 3.630099999999999993e-01 2.782499999999999973e-01 3.461269999999999847e+00
3.982549999999999812e+00 2.063800000000000079e-01 3.196300000000000252e-01 1.933999999999999955e-02 2.972220000000000084e+00 -3.077599999999999780e-01 3.630099999999999993e-01 -2.782499999999999973e-01 3.461269999999999847e+00
3.982549999999999812e+00 -2.063800000000000079e-01 3.196300000000000252e-01 -1.933999999999999955e-02 2.972220000000000084e+00 3.077599999999999780e-01 3.630099999999999993e-01 2.782499999999999973e-01 3.461269999999999847e+00
-1.776810000000000000e+00 -1.957000000000000059e-02 -3.894799999999999929e-01 2.361999999999999933e-01 -2.638459999999999805e+00 -4.142500000000000071e-01 -3.114600000000000146e-01 -5.979499999999999815e-01 -2.017669999999999852e+00
-1.776810000000000000e+00 1.957000000000000059e-02 -3.894799999999999929e-01 -2.361999999999999933e-01 -2.638459999999999805e+00 4.142500000000000071e-01 -3.114600000000000146e-01 5.979499999999999815e-01 -2.017669999999999852e+00
-1.776810000000000000e+00 -1.957000000000000059e-02 -3.894799999999999929e-01 2.361999999999999933e-01 -2.638459999999999805e+00 -4.142500000000000071e-01 -3.114600000000000146e-01 -5.979499999999999815e-01 -2.017669999999999852e+00
-1.776810000000000000e+00 1.957000000000000059e-02 -3.894799999999999929e-01 -2.361999999999999933e-01 -2.638459999999999805e+00 4.142500000000000071e-01 -3.114600000000000146e-01 5.979499999999999815e-01 -2.017669999999999852e+00
-1.495549999999999935e+00 3.109700000000000242e-01 2.993999999999999995e-01 3.503100000000000103e-01 -2.411760000000000126e+00 -2.801400000000000001e-01 2.399600000000000066e-01 -2.160700000000000121e-01 -2.880269999999999886e+00
-1.495549999999999935e+00 -3.109700000000000242e-01 2.993999999999999995e-01 -3.503100000000000103e-01 -2.411760000000000126e+00 2.801400000000000001e-01 2.399600000000000066e-01 2.160700000000000121e-01 -2.880269999999999886e+00
-1.495549999999999935e+00 3.109700000000000242e-01 2.993999999999999995e-01 3.503100000000000103e-01 -2.411760000000000126e+00 -2.801400000000000001e-01 2.399600000000000066e-01 -2.160700000000000121e-01 -2.880269999999999886e+00
-1.495549999999999935e+00 -3.109700000000000242e-01 2.993999999999999995e-01 -3.503100000000000103e-01 -2.411760000000000126e+00 2.801400000000000001e-01 2.399600000000000066e-01 2.160700000000000121e-01 -2.880269999999999886e+00
-2.750150000000000095e+00 4.223000000000000087e-01 6.109599999999999476e-01 3.417899999999999827e-01 -2.082930000000000170e+00 -5.385999999999999815e-02 4.039900000000000158e-01 -6.980000000000000093e-02 -2.093259999999999899e+00
-2.750150000000000095e+00 -4.223000000000000087e-01 6.109599999999999476e-01 -3.417899999999999827e-01 -2.082930000000000170e+00 5.385999999999999815e-02 4.039900000000000158e-01 6.980000000000000093e-02 -2.093259999999999899e+00
-2.750150000000000095e+00 4.223000000000000087e-01 6.109599999999999476e-01 3.417899999999999827e-01 -2.082930000000000170e+00 -5.385999999999999815e-02 4.039900000000000158e-01 -6.980000000000000093e-02 -2.093259999999999899e+00
-2.750150000000000095e+00 -4.223000000000000087e-01 6.109599999999999476e-01 -3.417899999999999827e-01 -2.082930000000000170e+00 5.385999999999999815e-02 4.039900000000000158e-01 6.980000000000000093e-02 -2.093259999999999899e+00
-2.832539999999999836e+00 2.358000000000000096e-01 -7.081899999999999862e-01 4.007299999999999751e-01 -1.197470000000000034e+00 2.693999999999999867e-02 -5.316999999999999504e-01 -3.200000000000000153e-03 -2.434200000000000141e+00
-2.832539999999999836e+00 -2.358000000000000096e-01 -7.081899999999999862e-01 -4.007299999999999751e-01 -1.197470000000000034e+00 -2.693999999999999867e-02 -5.316999999999999504e-01 3.200000000000000153e-03 -2.434200000000000141e+00
-2.832539999999999836e+00 2.358000000000000096e-01 -7.081899999999999862e-01 4.007299999999999751e-01 -1.197470000000000034e+00 2.693999999999999867e-02 -5.316999999999999504e-01 -3.200000000000000153e-03 -2.434200000000000141e+00
-2.832539999999999836e+00 -2.358000000000000096e-01 -7.081899999999999862e-01 -4.007299999999999751e-01 -1.197470000000000034e+00 -2.693999999999999867e-02 -5.316999999999999504e-01 3.200000000000000153e-03 -2.434200000000000141e+00
