-7.844661539005066964e-02
-2.468340540307193548e-02
-2.468324530551077589e-02
1.966934101200075169e+00
2.015676439484106464e+00
2.015676440026359817e+00
2.271764312849441136e+00
2.271764314909655802e+00
2.355132695034504842e+00
2.389727875407297919e+00
2.473029862390588640e+00
2.473029863690287211e+00
2.559873707269035403e+00
2.762037484284268540e+00
2.762037486619879800e+00
3.067924552494924573e+00
3.067924553774585839e+00
3.755527129514903528e+00
3.755527131967242749e+00
4.085967498418958677e+00
4.537442247017490438e+00
4.537442248502873809e+00
5.229031120040680491e+00
5.229031121469114751e+00
5.321416690940425021e+00
5.349608560047320438e+00
5.392030310621613864e+00
6.043058507154482228e+00
6.043058508155839448e+00
6.254180983352832790e+00
6.254180984286000999e+00
6.257737827947195797e+00
6.257737828522222046e+00
6.948280305687173808e+00
7.010825237480025507e+00
7.462986207602298805e+00
8.048195551090271849e+00
8.048195552496279603e+00
8.683548159371657249e+00
8.683548159985663872e+00
9.782886913971770682e+00
9.814698691579827994e+00
1.033632803936787781e+01
1.050796955048255477e+01
1.050796955068129712e+01
1.069792315258321125e+01
1.073903946453560465e+01
1.073903946494601946e+01
1.105075889751880247e+01
1.105075889857003091e+01
1.123445500404130115e+01
1.123445500483540727e+01
1.208653977543408331e+01
1.208653977607121632e+01
1.272576510533066951e+01
1.272576510598520905e+01
1.373450196950706648e+01
1.383124781925840630e+01
1.477004142688075206e+01
1.477004142760907257e+01
1.552894724118668002e+01
1.552894724146832672e+01
1.585289975939703488e+01
1.597104493941528780e+01
1.625241489787548232e+01
1.670649419392524848e+01
1.814670676594526810e+01
1.830466552109723111e+01
2.112219669299440383e+01
2.112219669347977202e+01
2.118657020557577297e+01
2.118657020577268568e+01
2.719518157193910213e+01
2.719518157216662146e+01
2.769791623862797536e+01
2.776676216428186805e+01
2.806681745999743427e+01
2.806681746010148970e+01
2.912204070394203370e+01
2.912204070401297429e+01
2.962910259645972744e+01
2.962910259656684531e+01
2.968596473885948939e+01
2.968596473912963774e+01
2.991023100893236375e+01
3.002133205638004299e+01
3.021361100438470260e+01
3.021361100452953607e+01
3.095065556803365325e+01
3.383657106311936502e+01
