1.207019999999999982e+00 0.000000000000000000e+00 -0.000000000000000000e+00 0.000000000000000000e+00 1.107339999999999991e+00 -2.045899999999999941e-01 0.000000000000000000e+00 1.788800000000000112e-01 9.109800000000000120e-01
1.207019999999999982e+00 0.000000000000000000e+00 0.000000000000000000e+00 0.000000000000000000e+00 1.107339999999999991e+00 2.045899999999999941e-01 -0.000000000000000000e+00 -1.788800000000000112e-01 9.109800000000000120e-01
1.207019999999999982e+00 0.000000000000000000e+00 -0.000000000000000000e+00 0.000000000000000000e+00 1.107339999999999991e+00 -2.045899999999999941e-01 0.000000000000000000e+00 1.788800000000000112e-01 9.109800000000000120e-01
1.207019999999999982e+00 0.000000000000000000e+00 0.000000000000000000e+00 0.000000000000000000e+00 1.107339999999999991e+00 2.045899999999999941e-01 -0.000000000000000000e+00 -1.788800000000000112e-01 9.109800000000000120e-01
1.031530000000000058e+00 3.230999999999999983e-01 -0.000000000000000000e+00 1.530799999999999939e-01 9.863100000000000200e-01 0.000000000000000000e+00 0.000000000000000000e+00 0.000000000000000000e+00 1.197000000000000064e+00
1.031530000000000058e+00 3.230999999999999983e-01 -0.000000000000000000e+00 1.530799999999999939e-01 9.863100000000000200e-01 0.000000000000000000e+00 0.000000000000000000e+00 0.000000000000000000e+00 1.197000000000000064e+00
1.031530000000000058e+00 -3.230999999999999983e-01 -0.000000000000000000e+00 -1.530799999999999939e-01 9.863100000000000200e-01 -0.000000000000000000e+00 0.000000000000000000e+00 0.000000000000000000e+00 1.197000000000000064e+00
1.031530000000000058e+00 -3.230999999999999983e-01 -0.000000000000000000e+00 -1.530799999999999939e-01 9.863100000000000200e-01 -0.000000000000000000e+00 0.000000000000000000e+00 0.000000000000000000e+00 1.197000000000000064e+00
3.076109999999999900e+00 0.000000000000000000e+00 0.000000000000000000e+00 0.000000000000000000e+00 2.748880000000000212e+00 0.000000000000000000e+00 0.000000000000000000e+00 0.000000000000000000e+00 3.410350000000000215e+00
3.076109999999999900e+00 0.000000000000000000e+00 0.000000000000000000e+00 0.000000000000000000e+00 2.748880000000000212e+00 0.000000000000000000e+00 0.000000000000000000e+00 0.000000000000000000e+00 3.410350000000000215e+00
-2.401769999999999960e+00 -7.092300000000000271e-01 0.000000000000000000e+00 -6.223199999999999843e-01 -1.700560000000000072e+00 0.000000000000000000e+00 0.000000000000000000e+00 0.000000000000000000e+00 -1.287430000000000074e+00
-2.401769999999999960e+00 -7.092300000000000271e-01 0.000000000000000000e+00 -6.223199999999999843e-01 -1.700560000000000072e+00 0.000000000000000000e+00 0.000000000000000000e+00 0.000000000000000000e+00 -1.287430000000000074e+00
-1.374840000000000062e+00 -0.000000000000000000e+00 -0.000000000000000000e+00 -0.000000000000000000e+00 -1.767530000000000046e+00 -5.047500000000000320e-01 -0.000000000000000000e+00 -8.069899999999999851e-01 -2.525720000000000187e+00
-1.374840000000000062e+00 -0.000000000000000000e+00 0.000000000000000000e+00 -0.000000000000000000e+00 -1.767530000000000046e+00 5.047500000000000320e-01 0.000000000000000000e+00 8.069899999999999851e-01 -2.525720000000000187e+00
-1.374840000000000062e+00 -0.000000000000000000e+00 0.000000000000000000e+00 -0.000000000000000000e+00 -1.767530000000000046e+00 5.047500000000000320e-01 0.000000000000000000e+00 8.069899999999999851e-01 -2.525720000000000187e+00
-1.374840000000000062e+00 -0.000000000000000000e+00 -0.000000000000000000e+00 -0.000000000000000000e+00 -1.767530000000000046e+00 -5.047500000000000320e-01 -0.000000000000000000e+00 -8.069899999999999851e-01 -2.525720000000000187e+00
-2.401769999999999960e+00 7.092300000000000271e-01 0.000000000000000000e+00 6.223199999999999843e-01 -1.700560000000000072e+00 -0.000000000000000000e+00 0.000000000000000000e+00 0.000000000000000000e+00 -1.287430000000000074e+00
-2.401769999999999960e+00 7.092300000000000271e-01 0.000000000000000000e+00 6.223199999999999843e-01 -1.700560000000000072e+00 -0.000000000000000000e+00 0.000000000000000000e+00 0.000000000000000000e+00 -1.287430000000000074e+00
