2.516070000000000029e+00 -1.057400000000000007e-01 -7.738000000000000433e-02 -2.120499999999999885e-01 2.508500000000000174e+00 -7.620000000000000037e-03 3.923000000000000098e-02 7.790999999999999315e-02 2.355739999999999945e+00
2.516070000000000029e+00 1.057400000000000007e-01 -7.738000000000000433e-02 2.120499999999999885e-01 2.508500000000000174e+00 7.620000000000000037e-03 3.923000000000000098e-02 -7.790999999999999315e-02 2.355739999999999945e+00
2.516070000000000029e+00 -1.057400000000000007e-01 -7.738000000000000433e-02 -2.120499999999999885e-01 2.508500000000000174e+00 -7.620000000000000037e-03 3.923000000000000098e-02 7.790999999999999315e-02 2.355739999999999945e+00
2.516070000000000029e+00 1.057400000000000007e-01 -7.738000000000000433e-02 2.120499999999999885e-01 2.508500000000000174e+00 7.620000000000000037e-03 3.923000000000000098e-02 -7.790999999999999315e-02 2.355739999999999945e+00
4.381120000000000125e+00 3.540499999999999758e-01 5.872500000000000497e-01 -2.172999999999999932e-01 4.585499999999999687e+00 -1.588400000000000090e-01 -4.104700000000000015e-01 -3.332399999999999807e-01 4.371620000000000061e+00
4.381120000000000125e+00 -3.540499999999999758e-01 5.872500000000000497e-01 2.172999999999999932e-01 4.585499999999999687e+00 1.588400000000000090e-01 -4.104700000000000015e-01 3.332399999999999807e-01 4.371620000000000061e+00
4.863120000000000331e+00 -2.966699999999999893e-01 -5.326899999999999968e-01 2.591700000000000115e-01 4.983030000000000292e+00 -9.228000000000000091e-02 4.095400000000000151e-01 -2.179899999999999893e-01 4.861620000000000275e+00
4.863120000000000331e+00 2.966699999999999893e-01 -5.326899999999999968e-01 -2.591700000000000115e-01 4.983030000000000292e+00 9.228000000000000091e-02 4.095400000000000151e-01 2.179899999999999893e-01 4.861620000000000275e+00
-2.486920000000000019e+00 7.459700000000000220e-01 1.063299999999999940e-01 7.709599999999999786e-01 -2.826970000000000205e+00 -1.446800000000000030e-01 3.681999999999999856e-02 -1.967299999999999882e-01 -1.813539999999999930e+00
-2.486920000000000019e+00 -7.459700000000000220e-01 1.063299999999999940e-01 -7.709599999999999786e-01 -2.826970000000000205e+00 1.446800000000000030e-01 3.681999999999999856e-02 1.967299999999999882e-01 -1.813539999999999930e+00
-2.486920000000000019e+00 7.459700000000000220e-01 1.063299999999999940e-01 7.709599999999999786e-01 -2.826970000000000205e+00 -1.446800000000000030e-01 3.681999999999999856e-02 -1.967299999999999882e-01 -1.813539999999999930e+00
-2.486920000000000019e+00 -7.459700000000000220e-01 1.063299999999999940e-01 -7.709599999999999786e-01 -2.826970000000000205e+00 1.446800000000000030e-01 3.681999999999999856e-02 1.967299999999999882e-01 -1.813539999999999930e+00
-2.651380000000000070e+00 -8.027800000000000491e-01 6.318999999999999617e-02 -8.118900000000000006e-01 -2.693630000000000191e+00 -7.305000000000000382e-02 1.898999999999999994e-02 -1.285000000000000031e-02 -1.818270000000000053e+00
-2.651380000000000070e+00 8.027800000000000491e-01 6.318999999999999617e-02 8.118900000000000006e-01 -2.693630000000000191e+00 7.305000000000000382e-02 1.898999999999999994e-02 1.285000000000000031e-02 -1.818270000000000053e+00
-2.651380000000000070e+00 -8.027800000000000491e-01 6.318999999999999617e-02 -8.118900000000000006e-01 -2.693630000000000191e+00 -7.305000000000000382e-02 1.898999999999999994e-02 -1.285000000000000031e-02 -1.818270000000000053e+00
-2.651380000000000070e+00 8.027800000000000491e-01 6.318999999999999617e-02 8.118900000000000006e-01 -2.693630000000000191e+00 7.305000000000000382e-02 1.898999999999999994e-02 1.285000000000000031e-02 -1.818270000000000053e+00
-1.999900000000000011e+00 8.544000000000000206e-02 -1.194199999999999984e-01 2.104800000000000004e-01 -1.772149999999999892e+00 -4.109000000000000152e-02 -9.456000000000000516e-02 -2.297000000000000083e-02 -3.340549999999999908e+00
-1.999900000000000011e+00 -8.544000000000000206e-02 -1.194199999999999984e-01 -2.104800000000000004e-01 -1.772149999999999892e+00 4.109000000000000152e-02 -9.456000000000000516e-02 2.297000000000000083e-02 -3.340549999999999908e+00
-1.999900000000000011e+00 8.544000000000000206e-02 -1.194199999999999984e-01 2.104800000000000004e-01 -1.772149999999999892e+00 -4.109000000000000152e-02 -9.456000000000000516e-02 -2.297000000000000083e-02 -3.340549999999999908e+00
-1.999900000000000011e+00 -8.544000000000000206e-02 -1.194199999999999984e-01 -2.104800000000000004e-01 -1.772149999999999892e+00 4.109000000000000152e-02 -9.456000000000000516e-02 2.297000000000000083e-02 -3.340549999999999908e+00
