4.191069999999999851e+00 0.000000000000000000e+00 1.478899999999999937e-01 0.000000000000000000e+00 4.028800000000000381e+00 0.000000000000000000e+00 2.114800000000000013e-01 0.000000000000000000e+00 3.239079999999999959e+00
4.191069999999999851e+00 0.000000000000000000e+00 1.478899999999999937e-01 0.000000000000000000e+00 4.028800000000000381e+00 0.000000000000000000e+00 2.114800000000000013e-01 0.000000000000000000e+00 3.239079999999999959e+00
3.718780000000000197e+00 0.000000000000000000e+00 -3.325999999999999790e-02 0.000000000000000000e+00 3.384180000000000188e+00 -0.000000000000000000e+00 -1.661199999999999899e-01 -0.000000000000000000e+00 3.884069999999999911e+00
3.718780000000000197e+00 0.000000000000000000e+00 -3.325999999999999790e-02 0.000000000000000000e+00 3.384180000000000188e+00 -0.000000000000000000e+00 -1.661199999999999899e-01 -0.000000000000000000e+00 3.884069999999999911e+00
-2.300650000000000084e+00 2.812399999999999900e-01 8.316999999999999393e-02 3.527500000000000080e-01 -2.261680000000000135e+00 7.894799999999999596e-01 1.008200000000000068e-01 7.357700000000000351e-01 -1.830659999999999954e+00
-2.300650000000000084e+00 -2.812399999999999900e-01 8.316999999999999393e-02 -3.527500000000000080e-01 -2.261680000000000135e+00 -7.894799999999999596e-01 1.008200000000000068e-01 -7.357700000000000351e-01 -1.830659999999999954e+00
-2.300650000000000084e+00 2.812399999999999900e-01 8.316999999999999393e-02 3.527500000000000080e-01 -2.261680000000000135e+00 7.894799999999999596e-01 1.008200000000000068e-01 7.357700000000000351e-01 -1.830659999999999954e+00
-2.300650000000000084e+00 -2.812399999999999900e-01 8.316999999999999393e-02 -3.527500000000000080e-01 -2.261680000000000135e+00 -7.894799999999999596e-01 1.008200000000000068e-01 -7.357700000000000351e-01 -1.830659999999999954e+00
-3.256740000000000190e+00 -0.000000000000000000e+00 5.797900000000000276e-01 -0.000000000000000000e+00 -1.214290000000000092e+00 0.000000000000000000e+00 5.366900000000000004e-01 0.000000000000000000e+00 -1.501339999999999897e+00
-1.680169999999999941e+00 -0.000000000000000000e+00 -5.708600000000000341e-01 -0.000000000000000000e+00 -2.282480000000000064e+00 -0.000000000000000000e+00 -5.153400000000000203e-01 -0.000000000000000000e+00 -2.711160000000000014e+00
-1.680169999999999941e+00 -0.000000000000000000e+00 -5.708600000000000341e-01 -0.000000000000000000e+00 -2.282480000000000064e+00 -0.000000000000000000e+00 -5.153400000000000203e-01 -0.000000000000000000e+00 -2.711160000000000014e+00
