-9.337216164080920644e-02
-4.898078805578309769e-02
-3.504757828953770221e-02
6.371620501279227078e-01
1.295813394453297684e+00
1.673026340982124882e+00
1.776429818415852013e+00
1.937974725749915361e+00
2.339057771535951957e+00
2.488252916924090563e+00
2.609506607844805259e+00
2.676953778843823795e+00
2.737654339696840022e+00
2.846672420120255342e+00
2.863270331871423657e+00
3.219772519501763686e+00
3.582202537362676686e+00
3.675389972804084415e+00
3.769328025719557385e+00
3.834145509730806811e+00
4.127164681868290330e+00
4.359532428331215570e+00
4.528917195473749047e+00
5.287277847851211909e+00
5.362425888373322458e+00
5.488783149599663069e+00
5.724741930174831239e+00
5.911646827298267404e+00
6.185290505330384825e+00
6.219408307795482926e+00
6.348294428712140558e+00
6.709305372635038012e+00
7.087846550896180098e+00
7.324429538698502995e+00
7.375827716945427603e+00
7.707693702079975395e+00
7.784187146235876931e+00
7.875791011979862866e+00
7.893206998995655255e+00
8.259446164542616486e+00
8.437607649889759642e+00
8.709405922169933589e+00
9.776938186472696302e+00
1.004114662197317998e+01
1.030066104116834858e+01
1.047004907913918714e+01
1.122166542150332447e+01
1.123059333376097868e+01
1.274809562068302959e+01
1.275284515255670215e+01
1.326809290652713358e+01
1.337067857797336323e+01
1.378767570750636651e+01
1.383176180476076134e+01
1.384443008264371144e+01
1.389448297077296068e+01
1.393235901504114693e+01
1.395316149560248675e+01
1.449623351085678635e+01
1.463450341657292064e+01
1.472374672196631806e+01
1.486135067211614746e+01
1.492372577926894373e+01
1.499026392427733434e+01
1.525414495844717067e+01
1.529619251518818679e+01
1.536083252956867540e+01
1.553114614585824249e+01
1.575188649963123844e+01
1.596555266529642303e+01
1.604967993565097828e+01
1.718498539178696660e+01
