-5.274200089921794732e-02
-1.547529268578690630e-02
-8.854562300235404096e-03
2.470253801886705070e+00
2.791317419058700011e+00
4.876066255615161715e+00
5.010475201642608845e+00
5.269021098414152782e+00
5.419770549617157762e+00
5.691659881927775722e+00
5.850871229765280290e+00
6.019054016277165964e+00
6.459421245677899215e+00
7.268798640695319335e+00
7.397191356887562463e+00
9.243825853668688808e+00
1.009923401936586451e+01
1.293401685778995258e+01
1.361458917040597072e+01
1.425926448658515611e+01
1.439956868733851536e+01
1.564501718739849778e+01
1.649846216637628160e+01
1.652930092261186346e+01
1.679689935261650646e+01
1.701192817606786178e+01
1.716005693461676529e+01
