-8.873122658613322167e-02
-5.427130809187618449e-02
-3.625092352578059007e-02
2.094886696509191903e+00
2.301024628702436736e+00
2.310143368276540432e+00
2.666059318766427211e+00
2.703171378237993139e+00
2.898248247093555996e+00
2.990356145194544624e+00
3.070262755745166494e+00
3.252520884208572216e+00
3.375014172332956974e+00
3.514858187968058267e+00
3.771796356584211196e+00
3.947530651499414844e+00
4.165572461399698057e+00
4.470693003075422389e+00
4.502558229082967323e+00
4.557727965184918517e+00
5.199663900348495460e+00
5.300696767840874735e+00
5.325843909767844941e+00
5.459927934090203827e+00
5.573382908558983218e+00
5.608988616875695499e+00
5.750890029943690251e+00
5.793300338603665445e+00
6.117560800896266748e+00
6.346703404882250155e+00
6.876440859882716694e+00
7.152284635482326181e+00
8.113600637202877053e+00
8.119015359268413334e+00
8.389575429759958070e+00
8.597072493953092476e+00
8.778270023554579637e+00
9.877721135691201582e+00
1.000069145680581428e+01
1.046926940396260441e+01
1.197325316353833102e+01
1.246371881050630925e+01
1.277838898449987148e+01
1.289322043218876956e+01
1.306632961195072440e+01
1.318976481331881878e+01
1.344424343380078035e+01
1.375072975039631906e+01
1.379266453604237341e+01
1.400556144549195992e+01
1.463432361722913733e+01
1.525541246374241311e+01
1.562205430874857015e+01
1.575242705363930718e+01
1.582044725628439608e+01
1.617178444892520872e+01
1.836298278501971382e+01
1.880731705307397306e+01
2.382607268628880348e+01
2.394836859024300679e+01
2.604853226596723204e+01
2.607783913968445333e+01
2.633785695676641225e+01
2.671739775291148433e+01
2.680377762944721098e+01
2.778894802487658566e+01
2.794386398682015837e+01
2.822928115527532711e+01
2.870249804387561099e+01
2.873946266302080588e+01
2.877380547640812480e+01
2.891580315689618530e+01
