2.298770000000000202e+00 -0.000000000000000000e+00 1.250300000000000022e-01 -0.000000000000000000e+00 2.350299999999999834e+00 -0.000000000000000000e+00 2.006199999999999928e-01 -0.000000000000000000e+00 2.019550000000000178e+00
2.298770000000000202e+00 -0.000000000000000000e+00 1.250300000000000022e-01 -0.000000000000000000e+00 2.350299999999999834e+00 -0.000000000000000000e+00 2.006199999999999928e-01 -0.000000000000000000e+00 2.019550000000000178e+00
2.396110000000000184e+00 -0.000000000000000000e+00 -4.104000000000000009e-02 -0.000000000000000000e+00 2.090370000000000061e+00 0.000000000000000000e+00 1.565000000000000072e-02 0.000000000000000000e+00 2.220720000000000027e+00
2.396110000000000184e+00 -0.000000000000000000e+00 -4.104000000000000009e-02 -0.000000000000000000e+00 2.090370000000000061e+00 0.000000000000000000e+00 1.565000000000000072e-02 0.000000000000000000e+00 2.220720000000000027e+00
2.992780000000000218e+00 2.299700000000000077e-01 2.210000000000000159e-03 -2.931400000000000117e-01 3.089989999999999792e+00 1.867499999999999993e-01 -4.136000000000000093e-02 -3.266000000000000014e-01 3.553450000000000220e+00
2.992780000000000218e+00 -2.299700000000000077e-01 2.210000000000000159e-03 2.931400000000000117e-01 3.089989999999999792e+00 -1.867499999999999993e-01 -4.136000000000000093e-02 3.266000000000000014e-01 3.553450000000000220e+00
2.992780000000000218e+00 2.299700000000000077e-01 2.210000000000000159e-03 -2.931400000000000117e-01 3.089989999999999792e+00 1.867499999999999993e-01 -4.136000000000000093e-02 -3.266000000000000014e-01 3.553450000000000220e+00
2.992780000000000218e+00 -2.299700000000000077e-01 2.210000000000000159e-03 2.931400000000000117e-01 3.089989999999999792e+00 -1.867499999999999993e-01 -4.136000000000000093e-02 3.266000000000000014e-01 3.553450000000000220e+00
-1.494150000000000089e+00 9.854000000000000259e-02 3.447000000000000064e-01 7.918000000000000038e-02 -1.799949999999999939e+00 5.260599999999999721e-01 3.525800000000000045e-01 5.675099999999999589e-01 -2.325110000000000010e+00
-1.494150000000000089e+00 -9.854000000000000259e-02 3.447000000000000064e-01 -7.918000000000000038e-02 -1.799949999999999939e+00 -5.260599999999999721e-01 3.525800000000000045e-01 -5.675099999999999589e-01 -2.325110000000000010e+00
-1.494150000000000089e+00 9.854000000000000259e-02 3.447000000000000064e-01 7.918000000000000038e-02 -1.799949999999999939e+00 5.260599999999999721e-01 3.525800000000000045e-01 5.675099999999999589e-01 -2.325110000000000010e+00
-1.494150000000000089e+00 -9.854000000000000259e-02 3.447000000000000064e-01 -7.918000000000000038e-02 -1.799949999999999939e+00 -5.260599999999999721e-01 3.525800000000000045e-01 -5.675099999999999589e-01 -2.325110000000000010e+00
-1.586249999999999938e+00 3.112699999999999911e-01 -1.806399999999999950e-01 2.609699999999999798e-01 -1.852719999999999922e+00 2.740299999999999958e-01 -1.875300000000000022e-01 9.753000000000000558e-02 -1.724110000000000031e+00
-1.586249999999999938e+00 -3.112699999999999911e-01 -1.806399999999999950e-01 -2.609699999999999798e-01 -1.852719999999999922e+00 -2.740299999999999958e-01 -1.875300000000000022e-01 -9.753000000000000558e-02 -1.724110000000000031e+00
-1.586249999999999938e+00 3.112699999999999911e-01 -1.806399999999999950e-01 2.609699999999999798e-01 -1.852719999999999922e+00 2.740299999999999958e-01 -1.875300000000000022e-01 9.753000000000000558e-02 -1.724110000000000031e+00
-1.586249999999999938e+00 -3.112699999999999911e-01 -1.806399999999999950e-01 -2.609699999999999798e-01 -1.852719999999999922e+00 -2.740299999999999958e-01 -1.875300000000000022e-01 -9.753000000000000558e-02 -1.724110000000000031e+00
-2.259819999999999940e+00 -5.698000000000000287e-02 -2.082700000000000107e-01 1.500599999999999989e-01 -1.657659999999999911e+00 1.874999999999999931e-02 -2.318300000000000083e-01 4.934000000000000191e-02 -1.624349999999999961e+00
-2.259819999999999940e+00 5.698000000000000287e-02 -2.082700000000000107e-01 -1.500599999999999989e-01 -1.657659999999999911e+00 -1.874999999999999931e-02 -2.318300000000000083e-01 -4.934000000000000191e-02 -1.624349999999999961e+00
-2.259819999999999940e+00 -5.698000000000000287e-02 -2.082700000000000107e-01 1.500599999999999989e-01 -1.657659999999999911e+00 1.874999999999999931e-02 -2.318300000000000083e-01 4.934000000000000191e-02 -1.624349999999999961e+00
-2.259819999999999940e+00 5.698000000000000287e-02 -2.082700000000000107e-01 -1.500599999999999989e-01 -1.657659999999999911e+00 -1.874999999999999931e-02 -2.318300000000000083e-01 -4.934000000000000191e-02 -1.624349999999999961e+00
