-2.886710496726041172e-02
-1.157955482889129646e-02
-1.141568719522187414e-02
2.066332088387646149e+00
2.097018114857915894e+00
2.541633736347590489e+00
2.712203607048504495e+00
3.155029798592521306e+00
3.802926184217800376e+00
3.911774451192105762e+00
4.018943978796118977e+00
4.245799338642170184e+00
4.885940966783296702e+00
5.009423185048892613e+00
5.267807528732969757e+00
5.281696239696306527e+00
5.350006927552160896e+00
5.881641446403180318e+00
6.284764908930739580e+00
6.285120189750239561e+00
6.363129682644670382e+00
6.532535912908183917e+00
7.064040022449825429e+00
7.082101305433687877e+00
7.363726766248417377e+00
7.367498993969295640e+00
7.637701310036270286e+00
7.922255177254674763e+00
8.035004763600475997e+00
8.172345772576642631e+00
8.314797198244278320e+00
8.443772898928500581e+00
8.850647899493461424e+00
8.908687666497367985e+00
9.424173784755305761e+00
9.619723182230893954e+00
9.783443229135034613e+00
9.907469367509332159e+00
9.982769290821368102e+00
1.025008388079804789e+01
1.044872692686960747e+01
1.051683133729595987e+01
1.101862876992774076e+01
1.174990151952903616e+01
1.184709027488003130e+01
1.226235176870468102e+01
1.274002040078648434e+01
1.279288367071596078e+01
1.369493462089231350e+01
1.374257491481670002e+01
1.423738435832711424e+01
1.463045427777182361e+01
1.551447503424047447e+01
1.563399624111315234e+01
1.603986512656686259e+01
1.634131823680792195e+01
1.784199944752883127e+01
1.867024292766891236e+01
1.990487758545318187e+01
2.019589605790299913e+01
2.069791631138091148e+01
2.071397669459674873e+01
2.073722599325599703e+01
2.130695861942293590e+01
2.280095165777160204e+01
2.301695981273907776e+01
2.340306854284485993e+01
2.591307074155458068e+01
2.595234006999210763e+01
2.624200241834384073e+01
2.678187985716000696e+01
2.708495351099025683e+01
