-8.603320705218218956e-02
-8.284029646386069368e-02
-3.237986344325715499e-02
9.023218437688134141e-01
1.352996830630886160e+00
1.365913316112927101e+00
1.897897484683959135e+00
2.382219409236012275e+00
2.389793600229928039e+00
2.457668187091312184e+00
2.505953279176508453e+00
3.322115944193864134e+00
3.414421684512605637e+00
3.767404643378794216e+00
3.849996505121091150e+00
3.929574459826599586e+00
3.946250343609869926e+00
4.194011084636707132e+00
4.224823700936221726e+00
4.253585187189472094e+00
4.427209234267118987e+00
4.492051908065445964e+00
4.526299073559261643e+00
4.612577694313749532e+00
4.619674742547038804e+00
4.946197151643733747e+00
7.489731666199840099e+00
7.584813751720369090e+00
7.652342267822153765e+00
7.685983982342652787e+00
8.356223541521803355e+00
8.467943125648334401e+00
8.513738926003391327e+00
8.529700159053005493e+00
9.495793154949833337e+00
9.668234767217024128e+00
1.359951721283500525e+01
1.366839445967372946e+01
1.521067378198218556e+01
1.524717032985012466e+01
1.588397496328363445e+01
1.612125086574720356e+01
1.953762510408038011e+01
1.998052634321708965e+01
2.421875217613627029e+01
2.438488810646174443e+01
2.448462374177388412e+01
2.474786452679936133e+01
