1.144449999999999967e+00 -1.115099999999999980e-01 -2.408000000000000071e-02 -8.469000000000000139e-02 1.198090000000000099e+00 -5.400000000000000286e-03 -6.536000000000000143e-02 -7.728000000000000147e-02 1.241859999999999964e+00
1.144449999999999967e+00 -1.115099999999999980e-01 -2.408000000000000071e-02 -8.469000000000000139e-02 1.198090000000000099e+00 -5.400000000000000286e-03 -6.536000000000000143e-02 -7.728000000000000147e-02 1.241859999999999964e+00
1.131310000000000038e+00 -1.592000000000000012e-02 -5.299999999999999807e-04 -4.732999999999999707e-02 1.268150000000000110e+00 9.090000000000000857e-03 8.784999999999999754e-02 7.452999999999999903e-02 1.138870000000000049e+00
1.131310000000000038e+00 -1.592000000000000012e-02 -5.299999999999999807e-04 -4.732999999999999707e-02 1.268150000000000110e+00 9.090000000000000857e-03 8.784999999999999754e-02 7.452999999999999903e-02 1.138870000000000049e+00
1.105609999999999982e+00 4.632000000000000006e-02 -1.915999999999999995e-02 9.618000000000000160e-02 1.342070000000000096e+00 1.238100000000000034e-01 -4.315999999999999698e-02 1.140499999999999986e-01 1.161159999999999970e+00
1.105609999999999982e+00 4.632000000000000006e-02 -1.915999999999999995e-02 9.618000000000000160e-02 1.342070000000000096e+00 1.238100000000000034e-01 -4.315999999999999698e-02 1.140499999999999986e-01 1.161159999999999970e+00
1.323369999999999935e+00 5.179000000000000270e-02 9.335000000000000242e-02 2.425000000000000072e-02 9.546200000000000241e-01 -1.137800000000000061e-01 6.239999999999999714e-02 -1.093200000000000005e-01 1.250669999999999948e+00
1.323369999999999935e+00 5.179000000000000270e-02 9.335000000000000242e-02 2.425000000000000072e-02 9.546200000000000241e-01 -1.137800000000000061e-01 6.239999999999999714e-02 -1.093200000000000005e-01 1.250669999999999948e+00
2.765680000000000138e+00 1.199000000000000066e-02 8.140999999999999626e-02 -6.139999999999999625e-03 2.631409999999999805e+00 -5.122000000000000164e-02 9.399000000000000410e-02 -6.285999999999999921e-02 2.667149999999999910e+00
2.765680000000000138e+00 1.199000000000000066e-02 8.140999999999999626e-02 -6.139999999999999625e-03 2.631409999999999805e+00 -5.122000000000000164e-02 9.399000000000000410e-02 -6.285999999999999921e-02 2.667149999999999910e+00
-1.873820000000000041e+00 -8.241999999999999327e-02 -3.831899999999999751e-01 -1.326499999999999901e-01 -1.605460000000000109e+00 -1.468899999999999928e-01 -4.620199999999999863e-01 -1.496699999999999975e-01 -2.059820000000000206e+00
-1.873820000000000041e+00 -8.241999999999999327e-02 -3.831899999999999751e-01 -1.326499999999999901e-01 -1.605460000000000109e+00 -1.468899999999999928e-01 -4.620199999999999863e-01 -1.496699999999999975e-01 -2.059820000000000206e+00
-1.873469999999999969e+00 2.533199999999999896e-01 1.487700000000000133e-01 2.481399999999999995e-01 -1.862589999999999968e+00 -3.379499999999999726e-01 1.804099999999999870e-01 -3.003600000000000159e-01 -1.906209999999999960e+00
-1.873469999999999969e+00 2.533199999999999896e-01 1.487700000000000133e-01 2.481399999999999995e-01 -1.862589999999999968e+00 -3.379499999999999726e-01 1.804099999999999870e-01 -3.003600000000000159e-01 -1.906209999999999960e+00
-2.128319999999999990e+00 -3.169100000000000250e-01 2.355500000000000094e-01 -2.872500000000000053e-01 -1.699529999999999985e+00 1.467600000000000016e-01 2.479899999999999882e-01 1.972700000000000009e-01 -1.744569999999999954e+00
-2.128319999999999990e+00 -3.169100000000000250e-01 2.355500000000000094e-01 -2.872500000000000053e-01 -1.699529999999999985e+00 1.467600000000000016e-01 2.479899999999999882e-01 1.972700000000000009e-01 -1.744569999999999954e+00
-1.594799999999999995e+00 1.633400000000000130e-01 -1.321199999999999875e-01 1.894800000000000095e-01 -2.226760000000000073e+00 3.755800000000000249e-01 -1.020999999999999963e-01 3.136300000000000199e-01 -1.749109999999999943e+00
-1.594799999999999995e+00 1.633400000000000130e-01 -1.321199999999999875e-01 1.894800000000000095e-01 -2.226760000000000073e+00 3.755800000000000249e-01 -1.020999999999999963e-01 3.136300000000000199e-01 -1.749109999999999943e+00
