-6.341573972272709914e-02
-4.412415984185961287e-02
-2.623502865616375926e-02
2.371614275774758251e+00
2.620961776810131649e+00
2.891997382403769468e+00
2.962587796233049353e+00
2.982759186117403871e+00
2.986264889697721969e+00
3.213507734121793913e+00
3.561103323145030419e+00
3.704617450375954579e+00
3.856977059618899695e+00
4.007630234078944476e+00
4.169970146410386214e+00
4.222503559036623777e+00
4.796736322504663974e+00
4.885892005562837426e+00
5.203858759677000734e+00
5.364968754748781876e+00
5.512610924295096915e+00
5.646783137130686470e+00
5.935775209686998899e+00
5.988029964711234499e+00
6.165717365200963584e+00
6.465156122493820767e+00
6.810455661647294434e+00
6.826331624562441469e+00
6.909341527981456288e+00
7.272004438142280591e+00
7.537743935668461681e+00
7.760729436345638277e+00
7.764193653813048712e+00
8.138730820221477202e+00
8.275210540373411305e+00
8.462296650673771126e+00
8.759252282387581801e+00
8.784015449079582538e+00
8.873179742340978393e+00
8.887740291184785590e+00
9.780575560049513228e+00
1.006623863308801070e+01
1.030205603346411536e+01
1.050680978673309696e+01
1.062748555469854317e+01
1.082507634289668630e+01
1.117941015964913376e+01
1.167874415274520494e+01
1.246167350256720319e+01
1.279930305486137065e+01
1.293928798064823660e+01
1.295130730158208543e+01
1.312875403913129624e+01
1.337422355918309691e+01
1.367448052830429361e+01
1.383199278341975713e+01
1.433841320319360868e+01
1.446309446796293408e+01
1.450257558646196188e+01
1.527697797461808449e+01
1.532145941123031818e+01
1.590650021271196657e+01
2.263725503261727923e+01
2.272118518770093942e+01
2.301290027460802534e+01
2.363821949932846067e+01
2.383794462531755087e+01
2.399590921885721428e+01
2.446260598466340852e+01
2.477485247268832325e+01
2.481590962536062150e+01
2.490556803166196076e+01
2.536814751108790489e+01
2.548357328517512244e+01
2.564980970581003561e+01
2.583373615662465994e+01
2.588812134733292680e+01
2.651019632035342255e+01
