-4.972485361537525711e-02
-4.802871164713361923e-02
-4.802871164670099308e-02
2.202181470577030620e+00
2.202181470577044831e+00
2.284756175638898767e+00
3.087664418624273655e+00
3.389179731990064059e+00
3.389179731990082267e+00
3.909383466265603069e+00
3.909383466265609286e+00
4.512007293800397001e+00
4.512007293800417429e+00
4.621347836085586636e+00
5.560974729153426388e+00
6.464461457919283838e+00
6.974981289763841907e+00
7.297624171479099253e+00
7.297624171479102806e+00
8.524495046427572831e+00
8.524495046427579936e+00
8.924163597744092513e+00
9.022465035368753661e+00
1.079245742131821650e+01
1.104097044705005892e+01
1.104097044705008202e+01
1.161616969578629543e+01
1.205826918996820574e+01
2.231125748438180878e+01
2.266583285294716887e+01
2.266583285294719374e+01
2.301128646403825684e+01
2.301128646403827815e+01
2.397814012992831323e+01
2.540472151904653586e+01
2.601666455167294600e+01
