-3.465764914769253052e-02
-3.465764914571494576e-02
-9.861737621021365169e-03
4.629018394100801181e+00
5.754415999419574490e+00
6.034217566613471639e+00
6.034217566613479633e+00
8.446676092863016905e+00
8.446676092863022234e+00
8.897970129139448403e+00
8.897970129139448403e+00
9.524727346552422702e+00
9.812685960541898567e+00
1.298333255685805376e+01
1.380821612974664347e+01
1.380821612974664703e+01
1.402431434125133869e+01
1.507764218277774404e+01
1.507764218277774404e+01
1.613801830417562044e+01
1.683822126590296975e+01
1.710876156498182965e+01
1.710876156498183320e+01
2.064856839765546326e+01
2.064856839765547036e+01
2.081170076932428259e+01
2.228797312778508299e+01
2.443802316861149393e+01
2.504520546730012853e+01
2.504520546730013919e+01
2.703160132928704229e+01
2.703160132928704940e+01
2.865738974314521315e+01
2.898866627943437280e+01
2.964437192327813619e+01
2.966629548856532494e+01
