2.413460000000000161e+00 6.808000000000000163e-02 0.000000000000000000e+00 -6.808000000000000163e-02 2.413460000000000161e+00 0.000000000000000000e+00 -0.000000000000000000e+00 0.000000000000000000e+00 2.873270000000000213e+00
2.413460000000000161e+00 -6.808000000000000163e-02 -0.000000000000000000e+00 6.808000000000000163e-02 2.413460000000000161e+00 0.000000000000000000e+00 0.000000000000000000e+00 0.000000000000000000e+00 2.873270000000000213e+00
2.413460000000000161e+00 6.808000000000000163e-02 0.000000000000000000e+00 -6.808000000000000163e-02 2.413460000000000161e+00 0.000000000000000000e+00 -0.000000000000000000e+00 0.000000000000000000e+00 2.873270000000000213e+00
2.413460000000000161e+00 -6.808000000000000163e-02 -0.000000000000000000e+00 6.808000000000000163e-02 2.413460000000000161e+00 0.000000000000000000e+00 0.000000000000000000e+00 0.000000000000000000e+00 2.873270000000000213e+00
2.396150000000000002e+00 3.907999999999999668e-02 0.000000000000000000e+00 -3.907999999999999668e-02 2.396150000000000002e+00 -0.000000000000000000e+00 -0.000000000000000000e+00 0.000000000000000000e+00 1.445100000000000051e+00
2.396150000000000002e+00 -3.907999999999999668e-02 -0.000000000000000000e+00 3.907999999999999668e-02 2.396150000000000002e+00 -0.000000000000000000e+00 0.000000000000000000e+00 -0.000000000000000000e+00 1.445100000000000051e+00
2.396150000000000002e+00 3.907999999999999668e-02 0.000000000000000000e+00 -3.907999999999999668e-02 2.396150000000000002e+00 0.000000000000000000e+00 -0.000000000000000000e+00 0.000000000000000000e+00 1.445100000000000051e+00
2.396150000000000002e+00 -3.907999999999999668e-02 0.000000000000000000e+00 3.907999999999999668e-02 2.396150000000000002e+00 0.000000000000000000e+00 0.000000000000000000e+00 -0.000000000000000000e+00 1.445100000000000051e+00
5.115999999999999659e+00 7.707999999999999574e-02 0.000000000000000000e+00 -7.707999999999999574e-02 5.115999999999999659e+00 0.000000000000000000e+00 0.000000000000000000e+00 0.000000000000000000e+00 5.168009999999999771e+00
5.115999999999999659e+00 -7.707999999999999574e-02 -0.000000000000000000e+00 7.707999999999999574e-02 5.115999999999999659e+00 0.000000000000000000e+00 0.000000000000000000e+00 0.000000000000000000e+00 5.168009999999999771e+00
5.115999999999999659e+00 7.707999999999999574e-02 0.000000000000000000e+00 -7.707999999999999574e-02 5.115999999999999659e+00 0.000000000000000000e+00 0.000000000000000000e+00 0.000000000000000000e+00 5.168009999999999771e+00
5.115999999999999659e+00 -7.707999999999999574e-02 0.000000000000000000e+00 7.707999999999999574e-02 5.115999999999999659e+00 0.000000000000000000e+00 0.000000000000000000e+00 0.000000000000000000e+00 5.168009999999999771e+00
-3.239079999999999959e+00 -2.451899999999999913e-01 -7.997699999999999809e-01 -2.027400000000000035e-01 -1.341150000000000064e+00 -6.960000000000000041e-03 -9.812499999999999556e-01 5.519000000000000294e-02 -2.006930000000000103e+00
-2.009590000000000209e+00 9.125900000000000123e-01 4.059099999999999930e-01 9.550400000000000000e-01 -2.570629999999999971e+00 -6.891399999999999748e-01 4.428300000000000014e-01 -8.773800000000000487e-01 -2.006930000000000103e+00
-1.621669999999999945e+00 -7.310699999999999976e-01 3.938599999999999879e-01 -6.886200000000000099e-01 -2.958559999999999857e+00 6.961000000000000520e-01 5.384200000000000097e-01 8.221899999999999764e-01 -2.006930000000000103e+00
-3.239079999999999959e+00 2.451899999999999913e-01 7.997699999999999809e-01 2.027400000000000035e-01 -1.341150000000000064e+00 -6.960000000000000041e-03 9.812499999999999556e-01 5.519000000000000294e-02 -2.006930000000000103e+00
-2.009590000000000209e+00 -9.125900000000000123e-01 -4.059099999999999930e-01 -9.550400000000000000e-01 -2.570629999999999971e+00 -6.891399999999999748e-01 -4.428300000000000014e-01 -8.773800000000000487e-01 -2.006930000000000103e+00
-1.621669999999999945e+00 7.310699999999999976e-01 -3.938599999999999879e-01 6.886200000000000099e-01 -2.958559999999999857e+00 6.961000000000000520e-01 -5.384200000000000097e-01 8.221899999999999764e-01 -2.006930000000000103e+00
-3.239079999999999959e+00 -2.451899999999999913e-01 -7.997699999999999809e-01 -2.027400000000000035e-01 -1.341150000000000064e+00 -6.960000000000000041e-03 -9.812499999999999556e-01 5.519000000000000294e-02 -2.006930000000000103e+00
-2.009590000000000209e+00 9.125900000000000123e-01 4.059099999999999930e-01 9.550400000000000000e-01 -2.570629999999999971e+00 -6.891399999999999748e-01 4.428300000000000014e-01 -8.773800000000000487e-01 -2.006930000000000103e+00
-1.621669999999999945e+00 -7.310699999999999976e-01 3.938599999999999879e-01 -6.886200000000000099e-01 -2.958559999999999857e+00 6.961000000000000520e-01 5.384200000000000097e-01 8.221899999999999764e-01 -2.006930000000000103e+00
-3.239079999999999959e+00 2.451899999999999913e-01 7.997699999999999809e-01 2.027400000000000035e-01 -1.341150000000000064e+00 -6.960000000000000041e-03 9.812499999999999556e-01 5.519000000000000294e-02 -2.006930000000000103e+00
-2.009590000000000209e+00 -9.125900000000000123e-01 -4.059099999999999930e-01 -9.550400000000000000e-01 -2.570629999999999971e+00 -6.891399999999999748e-01 -4.428300000000000014e-01 -8.773800000000000487e-01 -2.006930000000000103e+00
-1.621669999999999945e+00 7.310699999999999976e-01 -3.938599999999999879e-01 6.886200000000000099e-01 -2.958559999999999857e+00 6.961000000000000520e-01 -5.384200000000000097e-01 8.221899999999999764e-01 -2.006930000000000103e+00
-2.730069999999999997e+00 0.000000000000000000e+00 0.000000000000000000e+00 0.000000000000000000e+00 -1.343630000000000102e+00 -1.220600000000000018e-01 0.000000000000000000e+00 -1.616700000000000081e-01 -2.310389999999999944e+00
-1.690239999999999965e+00 6.003399999999999848e-01 1.057099999999999984e-01 6.003399999999999848e-01 -2.383459999999999912e+00 6.103000000000000091e-02 1.400099999999999956e-01 8.082999999999999907e-02 -2.310389999999999944e+00
-1.690239999999999965e+00 -6.003399999999999848e-01 -1.057099999999999984e-01 -6.003399999999999848e-01 -2.383459999999999912e+00 6.103000000000000091e-02 -1.400099999999999956e-01 8.082999999999999907e-02 -2.310389999999999944e+00
-2.730069999999999997e+00 0.000000000000000000e+00 0.000000000000000000e+00 0.000000000000000000e+00 -1.343630000000000102e+00 -1.220600000000000018e-01 0.000000000000000000e+00 -1.616700000000000081e-01 -2.310389999999999944e+00
-1.690239999999999965e+00 6.003399999999999848e-01 1.057099999999999984e-01 6.003399999999999848e-01 -2.383459999999999912e+00 6.103000000000000091e-02 1.400099999999999956e-01 8.082999999999999907e-02 -2.310389999999999944e+00
-1.690239999999999965e+00 -6.003399999999999848e-01 -1.057099999999999984e-01 -6.003399999999999848e-01 -2.383459999999999912e+00 6.103000000000000091e-02 -1.400099999999999956e-01 8.082999999999999907e-02 -2.310389999999999944e+00
