1.137229999999999963e+00 0.000000000000000000e+00 0.000000000000000000e+00 0.000000000000000000e+00 1.096889999999999921e+00 -2.162000000000000033e-02 0.000000000000000000e+00 -1.697999999999999857e-02 1.112649999999999917e+00
1.137229999999999963e+00 0.000000000000000000e+00 0.000000000000000000e+00 0.000000000000000000e+00 1.096889999999999921e+00 2.162000000000000033e-02 0.000000000000000000e+00 1.697999999999999857e-02 1.112649999999999917e+00
9.178399999999999892e-01 -2.086000000000000007e-02 -0.000000000000000000e+00 -6.458999999999999464e-02 1.143119999999999914e+00 0.000000000000000000e+00 -0.000000000000000000e+00 0.000000000000000000e+00 1.092989999999999906e+00
9.178399999999999892e-01 2.086000000000000007e-02 0.000000000000000000e+00 6.458999999999999464e-02 1.143119999999999914e+00 0.000000000000000000e+00 0.000000000000000000e+00 0.000000000000000000e+00 1.092989999999999906e+00
1.750559999999999894e+00 -2.999999999999999889e-02 2.980999999999999969e-02 -5.603000000000000341e-02 2.013040000000000163e+00 -2.015000000000000124e-01 4.089999999999999886e-02 1.210799999999999932e-01 2.064540000000000042e+00
1.750559999999999894e+00 -2.999999999999999889e-02 -2.980999999999999969e-02 -5.603000000000000341e-02 2.013040000000000163e+00 2.015000000000000124e-01 -4.089999999999999886e-02 -1.210799999999999932e-01 2.064540000000000042e+00
1.750559999999999894e+00 2.999999999999999889e-02 -2.980999999999999969e-02 5.603000000000000341e-02 2.013040000000000163e+00 -2.015000000000000124e-01 -4.089999999999999886e-02 1.210799999999999932e-01 2.064540000000000042e+00
1.750559999999999894e+00 2.999999999999999889e-02 2.980999999999999969e-02 5.603000000000000341e-02 2.013040000000000163e+00 2.015000000000000124e-01 4.089999999999999886e-02 -1.210799999999999932e-01 2.064540000000000042e+00
3.198220000000000063e+00 -1.592300000000000104e-01 4.268000000000000266e-02 1.807999999999999885e-01 2.806789999999999896e+00 4.417300000000000115e-01 -1.788500000000000090e-01 -2.008500000000000008e-01 2.781080000000000219e+00
3.198220000000000063e+00 -1.592300000000000104e-01 -4.268000000000000266e-02 1.807999999999999885e-01 2.806789999999999896e+00 -4.417300000000000115e-01 1.788500000000000090e-01 2.008500000000000008e-01 2.781080000000000219e+00
3.198220000000000063e+00 1.592300000000000104e-01 -4.268000000000000266e-02 -1.807999999999999885e-01 2.806789999999999896e+00 4.417300000000000115e-01 1.788500000000000090e-01 -2.008500000000000008e-01 2.781080000000000219e+00
3.198220000000000063e+00 1.592300000000000104e-01 4.268000000000000266e-02 -1.807999999999999885e-01 2.806789999999999896e+00 -4.417300000000000115e-01 -1.788500000000000090e-01 2.008500000000000008e-01 2.781080000000000219e+00
-1.316500000000000004e+00 3.567899999999999960e-01 -1.772999999999999923e-02 2.632499999999999840e-01 -2.324219999999999953e+00 -2.669799999999999951e-01 1.808999999999999844e-02 -1.493099999999999983e-01 -1.324459999999999971e+00
-1.316500000000000004e+00 3.567899999999999960e-01 1.772999999999999923e-02 2.632499999999999840e-01 -2.324219999999999953e+00 2.669799999999999951e-01 -1.808999999999999844e-02 1.493099999999999983e-01 -1.324459999999999971e+00
-1.316500000000000004e+00 -3.567899999999999960e-01 1.772999999999999923e-02 -2.632499999999999840e-01 -2.324219999999999953e+00 -2.669799999999999951e-01 -1.808999999999999844e-02 -1.493099999999999983e-01 -1.324459999999999971e+00
-1.316500000000000004e+00 -3.567899999999999960e-01 -1.772999999999999923e-02 -2.632499999999999840e-01 -2.324219999999999953e+00 2.669799999999999951e-01 1.808999999999999844e-02 1.493099999999999983e-01 -1.324459999999999971e+00
-1.852190000000000003e+00 -3.212999999999999745e-01 1.055699999999999972e-01 -3.493700000000000139e-01 -1.539779999999999927e+00 2.928700000000000192e-01 1.178199999999999942e-01 4.096899999999999986e-01 -1.905469999999999997e+00
-1.852190000000000003e+00 -3.212999999999999745e-01 -1.055699999999999972e-01 -3.493700000000000139e-01 -1.539779999999999927e+00 -2.928700000000000192e-01 -1.178199999999999942e-01 -4.096899999999999986e-01 -1.905469999999999997e+00
-1.852190000000000003e+00 3.212999999999999745e-01 -1.055699999999999972e-01 3.493700000000000139e-01 -1.539779999999999927e+00 2.928700000000000192e-01 -1.178199999999999942e-01 4.096899999999999986e-01 -1.905469999999999997e+00
-1.852190000000000003e+00 3.212999999999999745e-01 1.055699999999999972e-01 3.493700000000000139e-01 -1.539779999999999927e+00 -2.928700000000000192e-01 1.178199999999999942e-01 -4.096899999999999986e-01 -1.905469999999999997e+00
-1.319180000000000019e+00 -1.697400000000000020e-01 -2.617599999999999927e-01 -1.652500000000000080e-01 -1.440180000000000016e+00 -2.919999999999999818e-01 -1.454799999999999982e-01 -1.687400000000000011e-01 -2.147790000000000088e+00
-1.319180000000000019e+00 -1.697400000000000020e-01 2.617599999999999927e-01 -1.652500000000000080e-01 -1.440180000000000016e+00 2.919999999999999818e-01 1.454799999999999982e-01 1.687400000000000011e-01 -2.147790000000000088e+00
-1.319180000000000019e+00 1.697400000000000020e-01 2.617599999999999927e-01 1.652500000000000080e-01 -1.440180000000000016e+00 -2.919999999999999818e-01 1.454799999999999982e-01 -1.687400000000000011e-01 -2.147790000000000088e+00
-1.319180000000000019e+00 1.697400000000000020e-01 -2.617599999999999927e-01 1.652500000000000080e-01 -1.440180000000000016e+00 2.919999999999999818e-01 -1.454799999999999982e-01 1.687400000000000011e-01 -2.147790000000000088e+00
-2.976900000000000102e+00 0.000000000000000000e+00 0.000000000000000000e+00 0.000000000000000000e+00 -1.271279999999999966e+00 1.115999999999999978e-02 0.000000000000000000e+00 -1.265199999999999936e-01 -1.141459999999999919e+00
-2.976900000000000102e+00 0.000000000000000000e+00 0.000000000000000000e+00 0.000000000000000000e+00 -1.271279999999999966e+00 -1.115999999999999978e-02 0.000000000000000000e+00 1.265199999999999936e-01 -1.141459999999999919e+00
