-1.890391190392621268e-01
-1.392582042280439414e-01
-5.848369661533246028e-02
9.717199920664340018e-01
1.058176503888122566e+00
1.063866582783813852e+00
1.147127707271682562e+00
1.187754594275117981e+00
1.459813927109427256e+00
1.506188753140265124e+00
1.562599014603791803e+00
1.597816278422926839e+00
1.638798555007356494e+00
1.651939419225816330e+00
1.655805739846916591e+00
1.728804044580923405e+00
1.902268582166294797e+00
1.908462831656030811e+00
1.958743421714673305e+00
1.966890514876465490e+00
2.018817346817772140e+00
2.112959788288105933e+00
2.157064158222918415e+00
2.162379994136120143e+00
2.331840262322779633e+00
2.386227138392432945e+00
2.451286402517084184e+00
2.461038789563010809e+00
2.705747847325177702e+00
2.794506864670100121e+00
2.804898419166664159e+00
2.805409671706712071e+00
2.817631326860287277e+00
2.885205845113350431e+00
2.911779075190727983e+00
2.982747849625992931e+00
2.993984323102336198e+00
2.995562681588991527e+00
3.006955698821344836e+00
3.046744710851353677e+00
3.125287162330509627e+00
3.134241471075517982e+00
3.167392773162428732e+00
3.289098932941374009e+00
3.457278891938097676e+00
3.516522205549172053e+00
3.653704521278252848e+00
3.707356331125797322e+00
9.945767129554100805e+00
9.953320731061037208e+00
9.964272815350653900e+00
1.003332249603701953e+01
1.003590290563400167e+01
1.005247575596663978e+01
1.005683524788001115e+01
1.020998532313593721e+01
1.104500302159612524e+01
1.106338111740401509e+01
1.106697647950844576e+01
1.112298489260638235e+01
1.113523358314083467e+01
1.117078861018781666e+01
1.121871512012968530e+01
1.128022471095552426e+01
1.132923281850814412e+01
1.143332331463624030e+01
1.147358581556912860e+01
1.155519222666998580e+01
2.653112772449464174e+01
2.653783404134679103e+01
2.654116596651153515e+01
2.655106129513184143e+01
2.744445164854008823e+01
2.762711033890134971e+01
2.767391269017501898e+01
2.767690952666511350e+01
2.768705575028132060e+01
2.772057125744723649e+01
2.773720106336244839e+01
2.785978530661983754e+01
2.810932736935356857e+01
2.815714931148832889e+01
2.849591745539692411e+01
2.867808337229967108e+01
