-6.790427746962340860e-02
-6.790427746942512277e-02
-2.835099902731542248e-02
1.691145543410398799e+00
3.164804641970800692e+00
3.164804641970819343e+00
4.191206813442394541e+00
4.439180715593050941e+00
4.539645266090087006e+00
4.539645266090094111e+00
5.128680743571732314e+00
5.128680743571747414e+00
6.863382975664088725e+00
6.866543419920693836e+00
6.866543419920707159e+00
6.921282026035510349e+00
7.207184722291042789e+00
7.207184722291054335e+00
8.964012554489213969e+00
1.002947541294796352e+01
1.002947541294797063e+01
1.005452580909944693e+01
1.115848224647909426e+01
1.118755212273481803e+01
1.118755212273481980e+01
1.217572566876620321e+01
1.284646171340781429e+01
1.362912846310943671e+01
2.744721919810996269e+01
2.751255656795079574e+01
2.751255656795080284e+01
2.766294056495556930e+01
2.807298871365083315e+01
2.857490590383899587e+01
2.858628857357059516e+01
2.858628857357060937e+01
