-5.773647549809905744e-02
-5.773645976986981065e-02
-2.152008805342466718e-02
2.441419255901969176e+00
2.669222569552200941e+00
2.669222570493231750e+00
2.764730612598544024e+00
2.804718474698156605e+00
2.804718475691580615e+00
2.923790070396374841e+00
3.109206363744370538e+00
3.109206364727106209e+00
3.693680198042649465e+00
3.903354529508513249e+00
3.903354530077223217e+00
4.319431136402843485e+00
4.683320553819821264e+00
4.683320554073074682e+00
5.100331595022344899e+00
5.100331595912042992e+00
5.542190476440746139e+00
5.850697270645149217e+00
5.923676358665113106e+00
5.923676358976484480e+00
6.598118243173452413e+00
6.679939387959367814e+00
6.679939388784213783e+00
6.871734270332493288e+00
6.992704710583142358e+00
7.250318440600396208e+00
7.250318441707638506e+00
8.410468655544312000e+00
8.410468655761931700e+00
8.828066348980106781e+00
8.926731109943704112e+00
8.926731110220522680e+00
9.190469138672169080e+00
9.190469138811618421e+00
9.409138897846842653e+00
1.190330421555760587e+01
1.190330421557538365e+01
1.230934564709391665e+01
1.230934564732877057e+01
1.336531881039774916e+01
1.336531881081566020e+01
1.410315108962534758e+01
1.418129843692961956e+01
1.418129843695814429e+01
1.476783028954966426e+01
1.512326031411775418e+01
1.512326031418412065e+01
1.629394769961260536e+01
1.629394769966267731e+01
1.663265410298646430e+01
1.674744042755240869e+01
1.820090097386581718e+01
1.956304574113231709e+01
1.956304574134351881e+01
1.986929531420415884e+01
1.986929531425508699e+01
2.351951647282899671e+01
2.539228522609842642e+01
2.539228522619749384e+01
2.576301274367615335e+01
2.589759686434331343e+01
2.703833231605302956e+01
2.703833231629644729e+01
2.894105153813051956e+01
2.928720368353868153e+01
