1.928010000000000002e+00 -0.000000000000000000e+00 -1.249200000000000033e-01 -0.000000000000000000e+00 2.170980000000000132e+00 -0.000000000000000000e+00 -1.728600000000000136e-01 -0.000000000000000000e+00 2.035449999999999982e+00
1.928010000000000002e+00 -0.000000000000000000e+00 1.249200000000000033e-01 -0.000000000000000000e+00 2.170980000000000132e+00 -0.000000000000000000e+00 1.728600000000000136e-01 -0.000000000000000000e+00 2.035449999999999982e+00
3.172379999999999978e+00 -0.000000000000000000e+00 -0.000000000000000000e+00 -0.000000000000000000e+00 2.616929999999999978e+00 -0.000000000000000000e+00 -0.000000000000000000e+00 -0.000000000000000000e+00 2.933759999999999923e+00
3.172379999999999978e+00 -0.000000000000000000e+00 -0.000000000000000000e+00 -0.000000000000000000e+00 2.616929999999999978e+00 -0.000000000000000000e+00 -0.000000000000000000e+00 -0.000000000000000000e+00 2.933759999999999923e+00
3.015239999999999920e+00 -0.000000000000000000e+00 -0.000000000000000000e+00 -0.000000000000000000e+00 3.338779999999999859e+00 -3.268099999999999894e-01 -0.000000000000000000e+00 -3.107699999999999907e-01 3.147040000000000060e+00
3.015239999999999920e+00 -0.000000000000000000e+00 -0.000000000000000000e+00 -0.000000000000000000e+00 3.338779999999999859e+00 3.268099999999999894e-01 -0.000000000000000000e+00 3.107699999999999907e-01 3.147040000000000060e+00
-1.583830000000000071e+00 -0.000000000000000000e+00 0.000000000000000000e+00 -0.000000000000000000e+00 -2.082040000000000113e+00 3.501199999999999868e-01 0.000000000000000000e+00 3.817200000000000037e-01 -2.215009999999999923e+00
-1.583830000000000071e+00 0.000000000000000000e+00 0.000000000000000000e+00 0.000000000000000000e+00 -2.082040000000000113e+00 -3.501199999999999868e-01 0.000000000000000000e+00 -3.817200000000000037e-01 -2.215009999999999923e+00
-2.473990000000000133e+00 0.000000000000000000e+00 -4.098600000000000021e-01 0.000000000000000000e+00 -1.981300000000000061e+00 0.000000000000000000e+00 -3.837499999999999800e-01 0.000000000000000000e+00 -1.843110000000000026e+00
-2.473990000000000133e+00 0.000000000000000000e+00 4.098600000000000021e-01 0.000000000000000000e+00 -1.981300000000000061e+00 0.000000000000000000e+00 3.837499999999999800e-01 0.000000000000000000e+00 -1.843110000000000026e+00
-2.473990000000000133e+00 0.000000000000000000e+00 4.098600000000000021e-01 0.000000000000000000e+00 -1.981300000000000061e+00 0.000000000000000000e+00 3.837499999999999800e-01 0.000000000000000000e+00 -1.843110000000000026e+00
-2.473990000000000133e+00 0.000000000000000000e+00 -4.098600000000000021e-01 0.000000000000000000e+00 -1.981300000000000061e+00 0.000000000000000000e+00 -3.837499999999999800e-01 0.000000000000000000e+00 -1.843110000000000026e+00
-1.583830000000000071e+00 0.000000000000000000e+00 0.000000000000000000e+00 0.000000000000000000e+00 -2.082040000000000113e+00 -3.501199999999999868e-01 0.000000000000000000e+00 -3.817200000000000037e-01 -2.215009999999999923e+00
-1.583830000000000071e+00 -0.000000000000000000e+00 0.000000000000000000e+00 -0.000000000000000000e+00 -2.082040000000000113e+00 3.501199999999999868e-01 0.000000000000000000e+00 3.817200000000000037e-01 -2.215009999999999923e+00
