1.000639999999999974e+00 -2.139999999999999975e-03 -5.577000000000000013e-02 -3.122000000000000122e-02 1.197319999999999940e+00 4.463000000000000300e-02 -6.126999999999999807e-02 -2.812999999999999876e-02 1.050969999999999960e+00
1.000639999999999974e+00 2.139999999999999975e-03 -5.577000000000000013e-02 3.122000000000000122e-02 1.197319999999999940e+00 -4.463000000000000300e-02 -6.126999999999999807e-02 2.812999999999999876e-02 1.050969999999999960e+00
1.000639999999999974e+00 -2.139999999999999975e-03 -5.577000000000000013e-02 -3.122000000000000122e-02 1.197319999999999940e+00 4.463000000000000300e-02 -6.126999999999999807e-02 -2.812999999999999876e-02 1.050969999999999960e+00
1.000639999999999974e+00 2.139999999999999975e-03 -5.577000000000000013e-02 3.122000000000000122e-02 1.197319999999999940e+00 -4.463000000000000300e-02 -6.126999999999999807e-02 2.812999999999999876e-02 1.050969999999999960e+00
3.764549999999999841e+00 1.256200000000000094e-01 3.984999999999999654e-02 2.094399999999999873e-01 3.514839999999999964e+00 -2.517099999999999893e-01 6.119999999999999746e-02 -3.836499999999999910e-01 3.540179999999999882e+00
3.764549999999999841e+00 1.256200000000000094e-01 3.984999999999999654e-02 2.094399999999999873e-01 3.514839999999999964e+00 -2.517099999999999893e-01 6.119999999999999746e-02 -3.836499999999999910e-01 3.540179999999999882e+00
3.764549999999999841e+00 -1.256200000000000094e-01 3.984999999999999654e-02 -2.094399999999999873e-01 3.514839999999999964e+00 2.517099999999999893e-01 6.119999999999999746e-02 3.836499999999999910e-01 3.540179999999999882e+00
3.764549999999999841e+00 -1.256200000000000094e-01 3.984999999999999654e-02 -2.094399999999999873e-01 3.514839999999999964e+00 2.517099999999999893e-01 6.119999999999999746e-02 3.836499999999999910e-01 3.540179999999999882e+00
3.327440000000000175e+00 -1.780100000000000016e-01 9.378000000000000225e-02 -9.571000000000000341e-02 2.350200000000000067e+00 -1.165699999999999931e-01 5.009999999999999870e-02 1.213100000000000012e-01 3.105649999999999800e+00
3.327440000000000175e+00 -1.780100000000000016e-01 9.378000000000000225e-02 -9.571000000000000341e-02 2.350200000000000067e+00 -1.165699999999999931e-01 5.009999999999999870e-02 1.213100000000000012e-01 3.105649999999999800e+00
3.327440000000000175e+00 1.780100000000000016e-01 9.378000000000000225e-02 9.571000000000000341e-02 2.350200000000000067e+00 1.165699999999999931e-01 5.009999999999999870e-02 -1.213100000000000012e-01 3.105649999999999800e+00
3.327440000000000175e+00 1.780100000000000016e-01 9.378000000000000225e-02 9.571000000000000341e-02 2.350200000000000067e+00 1.165699999999999931e-01 5.009999999999999870e-02 -1.213100000000000012e-01 3.105649999999999800e+00
-2.528020000000000156e+00 7.167999999999999372e-02 -4.725599999999999801e-01 6.393000000000000071e-02 -1.785239999999999938e+00 -5.045699999999999630e-01 -4.765900000000000136e-01 -4.566200000000000259e-01 -1.716190000000000104e+00
-2.528020000000000156e+00 -7.167999999999999372e-02 -4.725599999999999801e-01 -6.393000000000000071e-02 -1.785239999999999938e+00 5.045699999999999630e-01 -4.765900000000000136e-01 4.566200000000000259e-01 -1.716190000000000104e+00
-1.341339999999999977e+00 1.910499999999999976e-01 -1.170999999999999958e-01 2.225699999999999901e-01 -1.812100000000000044e+00 -3.569999999999999823e-03 -9.252000000000000501e-02 -4.324999999999999678e-02 -2.113890000000000047e+00
-2.309359999999999857e+00 5.426000000000000267e-02 4.594599999999999795e-01 1.007300000000000001e-01 -1.732310000000000016e+00 -5.156300000000000328e-01 4.791900000000000048e-01 -5.086100000000000065e-01 -1.859850000000000003e+00
-2.528020000000000156e+00 7.167999999999999372e-02 -4.725599999999999801e-01 6.393000000000000071e-02 -1.785239999999999938e+00 -5.045699999999999630e-01 -4.765900000000000136e-01 -4.566200000000000259e-01 -1.716190000000000104e+00
-1.913910000000000000e+00 1.520799999999999930e-01 5.233999999999999764e-02 1.563900000000000012e-01 -1.732699999999999907e+00 -1.280000000000000105e-03 3.989000000000000185e-02 -3.389000000000000346e-02 -2.006889999999999841e+00
-2.309359999999999857e+00 -5.426000000000000267e-02 4.594599999999999795e-01 -1.007300000000000001e-01 -1.732310000000000016e+00 5.156300000000000328e-01 4.791900000000000048e-01 5.086100000000000065e-01 -1.859850000000000003e+00
-1.913910000000000000e+00 1.520799999999999930e-01 5.233999999999999764e-02 1.563900000000000012e-01 -1.732699999999999907e+00 -1.280000000000000105e-03 3.989000000000000185e-02 -3.389000000000000346e-02 -2.006889999999999841e+00
-1.913910000000000000e+00 -1.520799999999999930e-01 5.233999999999999764e-02 -1.563900000000000012e-01 -1.732699999999999907e+00 1.280000000000000105e-03 3.989000000000000185e-02 3.389000000000000346e-02 -2.006889999999999841e+00
-1.341339999999999977e+00 -1.910499999999999976e-01 -1.170999999999999958e-01 -2.225699999999999901e-01 -1.812100000000000044e+00 3.569999999999999823e-03 -9.252000000000000501e-02 4.324999999999999678e-02 -2.113890000000000047e+00
-2.309359999999999857e+00 5.426000000000000267e-02 4.594599999999999795e-01 1.007300000000000001e-01 -1.732310000000000016e+00 -5.156300000000000328e-01 4.791900000000000048e-01 -5.086100000000000065e-01 -1.859850000000000003e+00
-1.913910000000000000e+00 -1.520799999999999930e-01 5.233999999999999764e-02 -1.563900000000000012e-01 -1.732699999999999907e+00 1.280000000000000105e-03 3.989000000000000185e-02 3.389000000000000346e-02 -2.006889999999999841e+00
-1.341339999999999977e+00 -1.910499999999999976e-01 -1.170999999999999958e-01 -2.225699999999999901e-01 -1.812100000000000044e+00 3.569999999999999823e-03 -9.252000000000000501e-02 4.324999999999999678e-02 -2.113890000000000047e+00
-2.309359999999999857e+00 -5.426000000000000267e-02 4.594599999999999795e-01 -1.007300000000000001e-01 -1.732310000000000016e+00 5.156300000000000328e-01 4.791900000000000048e-01 5.086100000000000065e-01 -1.859850000000000003e+00
-2.528020000000000156e+00 -7.167999999999999372e-02 -4.725599999999999801e-01 -6.393000000000000071e-02 -1.785239999999999938e+00 5.045699999999999630e-01 -4.765900000000000136e-01 4.566200000000000259e-01 -1.716190000000000104e+00
-1.341339999999999977e+00 1.910499999999999976e-01 -1.170999999999999958e-01 2.225699999999999901e-01 -1.812100000000000044e+00 -3.569999999999999823e-03 -9.252000000000000501e-02 -4.324999999999999678e-02 -2.113890000000000047e+00
