3.708740000000000148e+00 0.000000000000000000e+00 -0.000000000000000000e+00 0.000000000000000000e+00 3.150479999999999947e+00 0.000000000000000000e+00 -0.000000000000000000e+00 0.000000000000000000e+00 2.547520000000000007e+00
3.708740000000000148e+00 0.000000000000000000e+00 -0.000000000000000000e+00 0.000000000000000000e+00 3.150479999999999947e+00 0.000000000000000000e+00 0.000000000000000000e+00 0.000000000000000000e+00 2.547520000000000007e+00
3.085350000000000037e+00 0.000000000000000000e+00 0.000000000000000000e+00 0.000000000000000000e+00 2.759739999999999860e+00 8.858399999999999608e-01 -0.000000000000000000e+00 -6.643599999999999506e-01 2.510780000000000012e+00
3.085350000000000037e+00 0.000000000000000000e+00 -0.000000000000000000e+00 0.000000000000000000e+00 2.759739999999999860e+00 -8.858399999999999608e-01 0.000000000000000000e+00 6.643599999999999506e-01 2.510780000000000012e+00
-3.016690000000000094e+00 1.402910000000000101e+00 0.000000000000000000e+00 1.295840000000000103e+00 -1.326899999999999968e+00 -0.000000000000000000e+00 0.000000000000000000e+00 0.000000000000000000e+00 -8.909500000000000197e-01
-3.016690000000000094e+00 1.402910000000000101e+00 0.000000000000000000e+00 1.295840000000000103e+00 -1.326899999999999968e+00 0.000000000000000000e+00 0.000000000000000000e+00 0.000000000000000000e+00 -8.909500000000000197e-01
-3.016690000000000094e+00 -1.402910000000000101e+00 0.000000000000000000e+00 -1.295840000000000103e+00 -1.326899999999999968e+00 -0.000000000000000000e+00 0.000000000000000000e+00 0.000000000000000000e+00 -8.909500000000000197e-01
-3.016690000000000094e+00 -1.402910000000000101e+00 0.000000000000000000e+00 -1.295840000000000103e+00 -1.326899999999999968e+00 0.000000000000000000e+00 0.000000000000000000e+00 0.000000000000000000e+00 -8.909500000000000197e-01
-3.803500000000000214e-01 -0.000000000000000000e+00 -0.000000000000000000e+00 -0.000000000000000000e+00 -1.628209999999999935e+00 -1.085939999999999905e+00 -0.000000000000000000e+00 -1.229349999999999943e+00 -1.638200000000000101e+00
-3.803500000000000214e-01 -0.000000000000000000e+00 0.000000000000000000e+00 -0.000000000000000000e+00 -1.628209999999999935e+00 1.085939999999999905e+00 0.000000000000000000e+00 1.229349999999999943e+00 -1.638200000000000101e+00
-3.803500000000000214e-01 -0.000000000000000000e+00 -0.000000000000000000e+00 -0.000000000000000000e+00 -1.628209999999999935e+00 -1.085939999999999905e+00 -0.000000000000000000e+00 -1.229349999999999943e+00 -1.638200000000000101e+00
-3.803500000000000214e-01 -0.000000000000000000e+00 0.000000000000000000e+00 -0.000000000000000000e+00 -1.628209999999999935e+00 1.085939999999999905e+00 0.000000000000000000e+00 1.229349999999999943e+00 -1.638200000000000101e+00
