-6.049996266011294088e-02
-6.049996265975318699e-02
-2.297495365068584830e-02
2.037808868598049106e+00
2.747769531072052906e+00
2.747769531072055127e+00
3.688029634301013271e+00
4.523418126627679392e+00
4.523418126627684721e+00
4.745412744991686971e+00
4.816778389195069288e+00
4.816778389195071952e+00
6.245977630303049644e+00
6.378541909839977819e+00
6.378541909839978707e+00
6.384142694044563804e+00
6.724778675080578694e+00
7.609540901968264492e+00
7.609540901968269822e+00
8.931786605738450291e+00
9.495950833293372639e+00
9.495950833293374416e+00
1.083904287994046101e+01
1.165993885020274057e+01
1.165993885020274057e+01
1.194094309383184438e+01
1.307759703575751509e+01
1.323145439163226200e+01
2.250575341922501593e+01
2.250575341922501948e+01
2.302578382110682753e+01
2.302578382110683464e+01
2.378332083839541511e+01
2.412958864465938191e+01
2.476373420031878325e+01
2.497151797599284961e+01
