1.061590000000000034e+00 4.879000000000000004e-02 1.930000000000000075e-03 5.660000000000000100e-03 9.812999999999999501e-01 4.599999999999999922e-03 6.340000000000000149e-03 -3.210000000000000180e-03 1.074249999999999927e+00
1.061590000000000034e+00 -4.879000000000000004e-02 1.930000000000000075e-03 -5.660000000000000100e-03 9.812999999999999501e-01 -4.599999999999999922e-03 6.340000000000000149e-03 3.210000000000000180e-03 1.074249999999999927e+00
1.050079999999999902e+00 6.640000000000000069e-03 -3.565999999999999726e-02 -1.559999999999999928e-02 1.026880000000000015e+00 2.381000000000000130e-02 2.157999999999999849e-02 -3.146999999999999797e-02 1.007460000000000022e+00
1.050079999999999902e+00 -6.640000000000000069e-03 -3.565999999999999726e-02 1.559999999999999928e-02 1.026880000000000015e+00 -2.381000000000000130e-02 2.157999999999999849e-02 3.146999999999999797e-02 1.007460000000000022e+00
1.855639999999999956e+00 7.205999999999999905e-02 1.483200000000000074e-01 -3.389000000000000346e-02 1.946409999999999973e+00 -1.117900000000000005e-01 -1.505900000000000016e-01 1.454100000000000115e-01 1.787139999999999951e+00
1.855639999999999956e+00 -7.205999999999999905e-02 1.483200000000000074e-01 3.389000000000000346e-02 1.946409999999999973e+00 1.117900000000000005e-01 -1.505900000000000016e-01 -1.454100000000000115e-01 1.787139999999999951e+00
3.024340000000000028e+00 -3.939000000000000140e-02 -9.579000000000000015e-02 1.426999999999999970e-02 2.917539999999999800e+00 -8.422999999999999932e-02 8.877000000000000168e-02 1.148499999999999938e-01 2.901949999999999807e+00
3.024340000000000028e+00 3.939000000000000140e-02 -9.579000000000000015e-02 -1.426999999999999970e-02 2.917539999999999800e+00 8.422999999999999932e-02 8.877000000000000168e-02 -1.148499999999999938e-01 2.901949999999999807e+00
-2.174999999999999822e+00 -1.126899999999999985e-01 -2.976199999999999957e-01 -9.377000000000000612e-02 -1.347809999999999953e+00 -7.073999999999999733e-02 -2.851199999999999846e-01 -1.562900000000000122e-01 -1.627340000000000009e+00
-1.959959999999999924e+00 -1.254300000000000137e-01 3.519900000000000251e-01 -1.241600000000000065e-01 -1.409189999999999943e+00 1.317899999999999905e-01 3.683500000000000107e-01 2.318900000000000128e-01 -1.768319999999999892e+00
-1.430630000000000068e+00 -7.040000000000000424e-02 5.276999999999999746e-02 -9.726999999999999535e-02 -2.107699999999999907e+00 -3.063600000000000212e-01 7.584000000000000463e-02 -3.022000000000000242e-01 -1.619930000000000092e+00
-2.174999999999999822e+00 1.126899999999999985e-01 -2.976199999999999957e-01 9.377000000000000612e-02 -1.347809999999999953e+00 7.073999999999999733e-02 -2.851199999999999846e-01 1.562900000000000122e-01 -1.627340000000000009e+00
-1.430630000000000068e+00 7.040000000000000424e-02 5.276999999999999746e-02 9.726999999999999535e-02 -2.107699999999999907e+00 3.063600000000000212e-01 7.584000000000000463e-02 3.022000000000000242e-01 -1.619930000000000092e+00
-1.426060000000000105e+00 6.080000000000000335e-03 -1.259399999999999964e-01 -1.991000000000000061e-02 -2.007429999999999826e+00 3.643600000000000172e-01 -1.251599999999999935e-01 4.110800000000000010e-01 -1.755209999999999937e+00
-1.426060000000000105e+00 -6.080000000000000335e-03 -1.259399999999999964e-01 1.991000000000000061e-02 -2.007429999999999826e+00 -3.643600000000000172e-01 -1.251599999999999935e-01 -4.110800000000000010e-01 -1.755209999999999937e+00
-1.959959999999999924e+00 1.254300000000000137e-01 3.519900000000000251e-01 1.241600000000000065e-01 -1.409189999999999943e+00 -1.317899999999999905e-01 3.683500000000000107e-01 -2.318900000000000128e-01 -1.768319999999999892e+00
