8.693970000000000198e+00 -3.317899999999999738e-01 0.000000000000000000e+00 3.317899999999999738e-01 8.693970000000000198e+00 0.000000000000000000e+00 0.000000000000000000e+00 0.000000000000000000e+00 4.613120000000000331e+00
8.693970000000000198e+00 -3.317899999999999738e-01 0.000000000000000000e+00 3.317899999999999738e-01 8.693970000000000198e+00 0.000000000000000000e+00 0.000000000000000000e+00 0.000000000000000000e+00 4.613120000000000331e+00
1.951160000000000005e+00 4.282400000000000095e-01 -8.266999999999999904e-01 1.112079999999999957e+00 3.447039999999999882e+00 5.512899999999999467e-01 -4.317900000000000071e-01 -2.733999999999999764e-01 3.176180000000000003e+00
3.740050000000000097e+00 -7.926999999999999325e-02 -6.407999999999999807e-02 6.045800000000000063e-01 1.658150000000000013e+00 -9.915899999999999714e-01 4.526600000000000068e-01 -2.372400000000000064e-01 3.176180000000000003e+00
2.406089999999999840e+00 -1.374740000000000073e+00 8.907899999999999707e-01 -6.908900000000000041e-01 2.992109999999999825e+00 4.403000000000000247e-01 -2.086999999999999966e-02 5.106399999999999828e-01 3.176180000000000003e+00
1.951160000000000005e+00 4.282400000000000095e-01 -8.266999999999999904e-01 1.112079999999999957e+00 3.447039999999999882e+00 5.512899999999999467e-01 -4.317900000000000071e-01 -2.733999999999999764e-01 3.176180000000000003e+00
3.740050000000000097e+00 -7.926999999999999325e-02 -6.407999999999999807e-02 6.045800000000000063e-01 1.658150000000000013e+00 -9.915899999999999714e-01 4.526600000000000068e-01 -2.372400000000000064e-01 3.176180000000000003e+00
2.406089999999999840e+00 -1.374740000000000073e+00 8.907899999999999707e-01 -6.908900000000000041e-01 2.992109999999999825e+00 4.403000000000000247e-01 -2.086999999999999966e-02 5.106399999999999828e-01 3.176180000000000003e+00
-4.194180000000000241e+00 2.448960000000000026e+00 7.439900000000000402e-01 1.529679999999999929e+00 -2.571680000000000188e+00 9.292999999999999872e-02 1.395820000000000061e+00 -3.169100000000000250e-01 -1.287199999999999900e+00
-1.254499999999999948e+00 1.675399999999999945e-01 -4.524699999999999833e-01 -7.517399999999999638e-01 -5.511359999999999815e+00 5.978499999999999925e-01 -4.234499999999999931e-01 1.367269999999999985e+00 -1.287199999999999900e+00
-4.700109999999999566e+00 -1.237579999999999902e+00 -2.915200000000000014e-01 -2.156859999999999999e+00 -2.065749999999999975e+00 -6.907799999999999496e-01 -9.723600000000000021e-01 -1.050359999999999960e+00 -1.287199999999999900e+00
-4.194180000000000241e+00 2.448960000000000026e+00 7.439900000000000402e-01 1.529679999999999929e+00 -2.571680000000000188e+00 9.292999999999999872e-02 1.395820000000000061e+00 -3.169100000000000250e-01 -1.287199999999999900e+00
-1.254499999999999948e+00 1.675399999999999945e-01 -4.524699999999999833e-01 -7.517399999999999638e-01 -5.511359999999999815e+00 5.978499999999999925e-01 -4.234499999999999931e-01 1.367269999999999985e+00 -1.287199999999999900e+00
-4.700109999999999566e+00 -1.237579999999999902e+00 -2.915200000000000014e-01 -2.156859999999999999e+00 -2.065749999999999975e+00 -6.907799999999999496e-01 -9.723600000000000021e-01 -1.050359999999999960e+00 -1.287199999999999900e+00
-2.676769999999999872e+00 -8.205900000000000416e-01 -8.386099999999999666e-01 -8.063500000000000112e-01 -1.751549999999999940e+00 -6.829100000000000170e-01 -4.137100000000000222e-01 -9.000899999999999457e-01 -3.426689999999999792e+00
-2.687339999999999840e+00 8.002500000000000169e-01 1.010720000000000063e+00 8.144799999999999818e-01 -1.740979999999999972e+00 -3.847999999999999754e-01 9.863600000000000145e-01 9.175999999999999435e-02 -3.426689999999999792e+00
-1.278370000000000006e+00 -1.020000000000000073e-03 -1.721100000000000130e-01 1.322000000000000085e-02 -3.149939999999999962e+00 1.067709999999999937e+00 -5.726400000000000379e-01 8.083299999999999930e-01 -3.426689999999999792e+00
-2.687339999999999840e+00 8.002500000000000169e-01 1.010720000000000063e+00 8.144799999999999818e-01 -1.740979999999999972e+00 -3.847999999999999754e-01 9.863600000000000145e-01 9.175999999999999435e-02 -3.426689999999999792e+00
-2.676769999999999872e+00 -8.205900000000000416e-01 -8.386099999999999666e-01 -8.063500000000000112e-01 -1.751549999999999940e+00 -6.829100000000000170e-01 -4.137100000000000222e-01 -9.000899999999999457e-01 -3.426689999999999792e+00
-1.278370000000000006e+00 -1.020000000000000073e-03 -1.721100000000000130e-01 1.322000000000000085e-02 -3.149939999999999962e+00 1.067709999999999937e+00 -5.726400000000000379e-01 8.083299999999999930e-01 -3.426689999999999792e+00
