2.523210000000000175e+00 0.000000000000000000e+00 4.323699999999999766e-01 0.000000000000000000e+00 2.357419999999999849e+00 0.000000000000000000e+00 1.192499999999999949e-01 0.000000000000000000e+00 2.481790000000000163e+00
2.523210000000000175e+00 0.000000000000000000e+00 -4.323699999999999766e-01 0.000000000000000000e+00 2.357419999999999849e+00 0.000000000000000000e+00 -1.192499999999999949e-01 0.000000000000000000e+00 2.481790000000000163e+00
2.523210000000000175e+00 0.000000000000000000e+00 4.323699999999999766e-01 0.000000000000000000e+00 2.357419999999999849e+00 0.000000000000000000e+00 1.192499999999999949e-01 0.000000000000000000e+00 2.481790000000000163e+00
2.523210000000000175e+00 0.000000000000000000e+00 -4.323699999999999766e-01 0.000000000000000000e+00 2.357419999999999849e+00 0.000000000000000000e+00 -1.192499999999999949e-01 0.000000000000000000e+00 2.481790000000000163e+00
4.746909999999999741e+00 5.460000000000000270e-02 -7.766899999999999915e-01 -3.187599999999999878e-01 4.551400000000000112e+00 -1.030110000000000081e+00 6.375699999999999701e-01 1.166320000000000023e+00 4.544380000000000308e+00
4.746909999999999741e+00 -5.460000000000000270e-02 7.766899999999999915e-01 3.187599999999999878e-01 4.551400000000000112e+00 -1.030110000000000081e+00 -6.375699999999999701e-01 1.166320000000000023e+00 4.544380000000000308e+00
4.746909999999999741e+00 5.460000000000000270e-02 7.766899999999999915e-01 -3.187599999999999878e-01 4.551400000000000112e+00 1.030110000000000081e+00 -6.375699999999999701e-01 -1.166320000000000023e+00 4.544380000000000308e+00
4.746909999999999741e+00 -5.460000000000000270e-02 -7.766899999999999915e-01 3.187599999999999878e-01 4.551400000000000112e+00 1.030110000000000081e+00 6.375699999999999701e-01 -1.166320000000000023e+00 4.544380000000000308e+00
-1.774890000000000079e+00 -0.000000000000000000e+00 -2.408200000000000063e-01 0.000000000000000000e+00 -3.193519999999999914e+00 0.000000000000000000e+00 -2.521999999999999936e-02 -0.000000000000000000e+00 -2.081469999999999931e+00
-2.747619999999999951e+00 1.726000000000000034e-01 7.146599999999999620e-01 1.564399999999999957e-01 -1.857650000000000023e+00 5.548999999999999766e-02 6.993399999999999617e-01 -3.439999999999999915e-03 -2.472350000000000048e+00
-1.774890000000000079e+00 0.000000000000000000e+00 2.408200000000000063e-01 0.000000000000000000e+00 -3.193519999999999914e+00 0.000000000000000000e+00 2.521999999999999936e-02 -0.000000000000000000e+00 -2.081469999999999931e+00
-2.747619999999999951e+00 1.726000000000000034e-01 -7.146599999999999620e-01 1.564399999999999957e-01 -1.857650000000000023e+00 -5.548999999999999766e-02 -6.993399999999999617e-01 3.439999999999999915e-03 -2.472350000000000048e+00
-2.747619999999999951e+00 -1.726000000000000034e-01 7.146599999999999620e-01 -1.564399999999999957e-01 -1.857650000000000023e+00 -5.548999999999999766e-02 6.993399999999999617e-01 3.439999999999999915e-03 -2.472350000000000048e+00
-1.774890000000000079e+00 0.000000000000000000e+00 2.408200000000000063e-01 0.000000000000000000e+00 -3.193519999999999914e+00 0.000000000000000000e+00 2.521999999999999936e-02 -0.000000000000000000e+00 -2.081469999999999931e+00
-2.747619999999999951e+00 1.726000000000000034e-01 -7.146599999999999620e-01 1.564399999999999957e-01 -1.857650000000000023e+00 -5.548999999999999766e-02 -6.993399999999999617e-01 3.439999999999999915e-03 -2.472350000000000048e+00
-2.747619999999999951e+00 1.726000000000000034e-01 7.146599999999999620e-01 1.564399999999999957e-01 -1.857650000000000023e+00 5.548999999999999766e-02 6.993399999999999617e-01 -3.439999999999999915e-03 -2.472350000000000048e+00
-1.774890000000000079e+00 -0.000000000000000000e+00 -2.408200000000000063e-01 0.000000000000000000e+00 -3.193519999999999914e+00 0.000000000000000000e+00 -2.521999999999999936e-02 -0.000000000000000000e+00 -2.081469999999999931e+00
-2.747619999999999951e+00 -1.726000000000000034e-01 -7.146599999999999620e-01 -1.564399999999999957e-01 -1.857650000000000023e+00 5.548999999999999766e-02 -6.993399999999999617e-01 -3.439999999999999915e-03 -2.472350000000000048e+00
-2.747619999999999951e+00 -1.726000000000000034e-01 7.146599999999999620e-01 -1.564399999999999957e-01 -1.857650000000000023e+00 -5.548999999999999766e-02 6.993399999999999617e-01 3.439999999999999915e-03 -2.472350000000000048e+00
-2.747619999999999951e+00 -1.726000000000000034e-01 -7.146599999999999620e-01 -1.564399999999999957e-01 -1.857650000000000023e+00 5.548999999999999766e-02 -6.993399999999999617e-01 -3.439999999999999915e-03 -2.472350000000000048e+00
