9.368579999999999686e+00 0.000000000000000000e+00 -4.248700000000000254e-01 0.000000000000000000e+00 9.829769999999999897e+00 0.000000000000000000e+00 1.893999999999999850e-02 0.000000000000000000e+00 9.528330000000000410e+00
9.368579999999999686e+00 0.000000000000000000e+00 -4.248700000000000254e-01 0.000000000000000000e+00 9.829769999999999897e+00 0.000000000000000000e+00 1.893999999999999850e-02 0.000000000000000000e+00 9.528330000000000410e+00
9.368579999999999686e+00 0.000000000000000000e+00 4.248700000000000254e-01 0.000000000000000000e+00 9.829769999999999897e+00 0.000000000000000000e+00 -1.893999999999999850e-02 0.000000000000000000e+00 9.528330000000000410e+00
9.368579999999999686e+00 0.000000000000000000e+00 4.248700000000000254e-01 0.000000000000000000e+00 9.829769999999999897e+00 0.000000000000000000e+00 -1.893999999999999850e-02 0.000000000000000000e+00 9.528330000000000410e+00
5.332760000000000389e+00 -0.000000000000000000e+00 2.245600000000000096e-01 0.000000000000000000e+00 4.583269999999999733e+00 0.000000000000000000e+00 -5.988400000000000389e-01 0.000000000000000000e+00 4.660730000000000040e+00
5.332760000000000389e+00 -0.000000000000000000e+00 2.245600000000000096e-01 0.000000000000000000e+00 4.583269999999999733e+00 0.000000000000000000e+00 -5.988400000000000389e-01 -0.000000000000000000e+00 4.660730000000000040e+00
5.332760000000000389e+00 0.000000000000000000e+00 -2.245600000000000096e-01 0.000000000000000000e+00 4.583269999999999733e+00 0.000000000000000000e+00 5.988400000000000389e-01 0.000000000000000000e+00 4.660730000000000040e+00
5.332760000000000389e+00 0.000000000000000000e+00 -2.245600000000000096e-01 0.000000000000000000e+00 4.583269999999999733e+00 0.000000000000000000e+00 5.988400000000000389e-01 0.000000000000000000e+00 4.660730000000000040e+00
-3.453199999999999825e+00 -0.000000000000000000e+00 -2.889489999999999892e+00 0.000000000000000000e+00 -7.909500000000000419e-01 0.000000000000000000e+00 -2.683269999999999822e+00 -0.000000000000000000e+00 -3.741940000000000044e+00
-3.453199999999999825e+00 -0.000000000000000000e+00 -2.889489999999999892e+00 0.000000000000000000e+00 -7.909500000000000419e-01 0.000000000000000000e+00 -2.683269999999999822e+00 -0.000000000000000000e+00 -3.741940000000000044e+00
-3.453199999999999825e+00 0.000000000000000000e+00 2.889489999999999892e+00 0.000000000000000000e+00 -7.909500000000000419e-01 0.000000000000000000e+00 2.683269999999999822e+00 0.000000000000000000e+00 -3.741940000000000044e+00
-3.453199999999999825e+00 0.000000000000000000e+00 2.889489999999999892e+00 0.000000000000000000e+00 -7.909500000000000419e-01 0.000000000000000000e+00 2.683269999999999822e+00 -0.000000000000000000e+00 -3.741940000000000044e+00
-6.596059999999999590e+00 -0.000000000000000000e+00 2.056459999999999955e+00 0.000000000000000000e+00 -7.710099999999999731e-01 0.000000000000000000e+00 2.203390000000000182e+00 -0.000000000000000000e+00 -1.629620000000000068e+00
-6.596059999999999590e+00 -0.000000000000000000e+00 2.056459999999999955e+00 0.000000000000000000e+00 -7.710099999999999731e-01 0.000000000000000000e+00 2.203390000000000182e+00 -0.000000000000000000e+00 -1.629620000000000068e+00
-6.596059999999999590e+00 0.000000000000000000e+00 -2.056459999999999955e+00 0.000000000000000000e+00 -7.710099999999999731e-01 0.000000000000000000e+00 -2.203390000000000182e+00 -0.000000000000000000e+00 -1.629620000000000068e+00
-6.596059999999999590e+00 0.000000000000000000e+00 -2.056459999999999955e+00 0.000000000000000000e+00 -7.710099999999999731e-01 0.000000000000000000e+00 -2.203390000000000182e+00 0.000000000000000000e+00 -1.629620000000000068e+00
-2.194290000000000074e+00 -1.784140000000000059e+00 1.365760000000000085e+00 -1.665340000000000042e+00 -4.799360000000000070e+00 2.658980000000000121e+00 1.430930000000000035e+00 2.834550000000000125e+00 -3.567550000000000221e+00
-2.194290000000000074e+00 1.784140000000000059e+00 1.365760000000000085e+00 1.665340000000000042e+00 -4.799360000000000070e+00 -2.658980000000000121e+00 1.430930000000000035e+00 -2.834550000000000125e+00 -3.567550000000000221e+00
-2.194290000000000074e+00 -1.784140000000000059e+00 -1.365760000000000085e+00 -1.665340000000000042e+00 -4.799360000000000070e+00 -2.658980000000000121e+00 -1.430930000000000035e+00 -2.834550000000000125e+00 -3.567550000000000221e+00
-2.194290000000000074e+00 1.784140000000000059e+00 -1.365760000000000085e+00 1.665340000000000042e+00 -4.799360000000000070e+00 2.658980000000000121e+00 -1.430930000000000035e+00 2.834550000000000125e+00 -3.567550000000000221e+00
-1.228900000000000103e+00 1.017560000000000020e+00 7.238799999999999679e-01 1.244669999999999943e+00 -4.025859999999999772e+00 -2.485500000000000043e+00 9.190399999999999681e-01 -2.370460000000000012e+00 -2.624979999999999869e+00
-1.228900000000000103e+00 -1.017560000000000020e+00 7.238799999999999679e-01 -1.244669999999999943e+00 -4.025859999999999772e+00 2.485500000000000043e+00 9.190399999999999681e-01 2.370460000000000012e+00 -2.624979999999999869e+00
-1.228900000000000103e+00 1.017560000000000020e+00 -7.238799999999999679e-01 1.244669999999999943e+00 -4.025859999999999772e+00 2.485500000000000043e+00 -9.190399999999999681e-01 2.370460000000000012e+00 -2.624979999999999869e+00
-1.228900000000000103e+00 -1.017560000000000020e+00 -7.238799999999999679e-01 -1.244669999999999943e+00 -4.025859999999999772e+00 -2.485500000000000043e+00 -9.190399999999999681e-01 -2.370460000000000012e+00 -2.624979999999999869e+00
-1.228900000000000103e+00 1.017560000000000020e+00 7.238799999999999679e-01 1.244669999999999943e+00 -4.025859999999999772e+00 -2.485500000000000043e+00 9.190399999999999681e-01 -2.370460000000000012e+00 -2.624979999999999869e+00
-1.228900000000000103e+00 -1.017560000000000020e+00 7.238799999999999679e-01 -1.244669999999999943e+00 -4.025859999999999772e+00 2.485500000000000043e+00 9.190399999999999681e-01 2.370460000000000012e+00 -2.624979999999999869e+00
-1.228900000000000103e+00 1.017560000000000020e+00 -7.238799999999999679e-01 1.244669999999999943e+00 -4.025859999999999772e+00 2.485500000000000043e+00 -9.190399999999999681e-01 2.370460000000000012e+00 -2.624979999999999869e+00
-1.228900000000000103e+00 -1.017560000000000020e+00 -7.238799999999999679e-01 -1.244669999999999943e+00 -4.025859999999999772e+00 -2.485500000000000043e+00 -9.190399999999999681e-01 -2.370460000000000012e+00 -2.624979999999999869e+00
