1.079760000000000053e+00 -1.100399999999999989e-01 4.322999999999999760e-02 -1.100399999999999989e-01 9.526999999999999913e-01 -2.495999999999999955e-02 6.532999999999999918e-02 -3.771999999999999659e-02 1.170479999999999965e+00
8.891700000000000159e-01 -0.000000000000000000e+00 0.000000000000000000e+00 -0.000000000000000000e+00 1.143289999999999917e+00 -4.991999999999999910e-02 0.000000000000000000e+00 -7.542999999999999705e-02 1.170479999999999965e+00
1.079760000000000053e+00 1.100399999999999989e-01 -4.322999999999999760e-02 1.100399999999999989e-01 9.526999999999999913e-01 -2.495999999999999955e-02 -6.532999999999999918e-02 -3.771999999999999659e-02 1.170479999999999965e+00
1.079760000000000053e+00 1.100399999999999989e-01 4.322999999999999760e-02 1.100399999999999989e-01 9.526999999999999913e-01 2.495999999999999955e-02 6.532999999999999918e-02 3.771999999999999659e-02 1.170479999999999965e+00
1.079760000000000053e+00 -1.100399999999999989e-01 -4.322999999999999760e-02 -1.100399999999999989e-01 9.526999999999999913e-01 2.495999999999999955e-02 -6.532999999999999918e-02 3.771999999999999659e-02 1.170479999999999965e+00
8.891700000000000159e-01 -0.000000000000000000e+00 -0.000000000000000000e+00 -0.000000000000000000e+00 1.143289999999999917e+00 4.991999999999999910e-02 -0.000000000000000000e+00 7.542999999999999705e-02 1.170479999999999965e+00
1.113210000000000033e+00 -0.000000000000000000e+00 0.000000000000000000e+00 -0.000000000000000000e+00 1.025970000000000049e+00 -4.533999999999999836e-02 0.000000000000000000e+00 -4.451000000000000095e-02 1.049169999999999936e+00
1.047779999999999934e+00 3.778000000000000108e-02 3.926000000000000323e-02 3.778000000000000108e-02 1.091399999999999926e+00 -2.266999999999999918e-02 3.853999999999999787e-02 -2.224999999999999895e-02 1.049169999999999936e+00
1.047779999999999934e+00 -3.778000000000000108e-02 -3.926000000000000323e-02 -3.778000000000000108e-02 1.091399999999999926e+00 -2.266999999999999918e-02 -3.853999999999999787e-02 -2.224999999999999895e-02 1.049169999999999936e+00
1.047779999999999934e+00 -3.778000000000000108e-02 3.926000000000000323e-02 -3.778000000000000108e-02 1.091399999999999926e+00 2.266999999999999918e-02 3.853999999999999787e-02 2.224999999999999895e-02 1.049169999999999936e+00
1.047779999999999934e+00 3.778000000000000108e-02 -3.926000000000000323e-02 3.778000000000000108e-02 1.091399999999999926e+00 2.266999999999999918e-02 -3.853999999999999787e-02 2.224999999999999895e-02 1.049169999999999936e+00
1.113210000000000033e+00 -0.000000000000000000e+00 -0.000000000000000000e+00 -0.000000000000000000e+00 1.025970000000000049e+00 4.533999999999999836e-02 -0.000000000000000000e+00 4.451000000000000095e-02 1.049169999999999936e+00
1.662260000000000071e+00 -0.000000000000000000e+00 0.000000000000000000e+00 -0.000000000000000000e+00 1.662260000000000071e+00 0.000000000000000000e+00 0.000000000000000000e+00 0.000000000000000000e+00 1.530380000000000074e+00
1.662260000000000071e+00 -0.000000000000000000e+00 0.000000000000000000e+00 -0.000000000000000000e+00 1.662260000000000071e+00 -0.000000000000000000e+00 -0.000000000000000000e+00 0.000000000000000000e+00 1.530380000000000074e+00
-1.876889999999999947e+00 0.000000000000000000e+00 0.000000000000000000e+00 0.000000000000000000e+00 -1.876889999999999947e+00 0.000000000000000000e+00 0.000000000000000000e+00 0.000000000000000000e+00 -2.189589999999999925e+00
-1.876889999999999947e+00 0.000000000000000000e+00 0.000000000000000000e+00 0.000000000000000000e+00 -1.876889999999999947e+00 -0.000000000000000000e+00 -0.000000000000000000e+00 0.000000000000000000e+00 -2.189589999999999925e+00
-2.011039999999999939e+00 0.000000000000000000e+00 0.000000000000000000e+00 0.000000000000000000e+00 -2.017520000000000202e+00 -1.062400000000000011e-01 0.000000000000000000e+00 -9.597999999999999587e-02 -1.999910000000000077e+00
-2.015899999999999803e+00 2.809999999999999998e-03 9.200999999999999457e-02 2.809999999999999998e-03 -2.012659999999999894e+00 -5.312000000000000055e-02 8.311999999999999944e-02 -4.798999999999999794e-02 -1.999910000000000077e+00
-2.015899999999999803e+00 -2.809999999999999998e-03 -9.200999999999999457e-02 -2.809999999999999998e-03 -2.012659999999999894e+00 -5.312000000000000055e-02 -8.311999999999999944e-02 -4.798999999999999794e-02 -1.999910000000000077e+00
-2.015899999999999803e+00 -2.809999999999999998e-03 9.200999999999999457e-02 -2.809999999999999998e-03 -2.012659999999999894e+00 5.312000000000000055e-02 8.311999999999999944e-02 4.798999999999999794e-02 -1.999910000000000077e+00
-2.015899999999999803e+00 2.809999999999999998e-03 -9.200999999999999457e-02 2.809999999999999998e-03 -2.012659999999999894e+00 5.312000000000000055e-02 -8.311999999999999944e-02 4.798999999999999794e-02 -1.999910000000000077e+00
-2.011039999999999939e+00 0.000000000000000000e+00 -0.000000000000000000e+00 0.000000000000000000e+00 -2.017520000000000202e+00 1.062400000000000011e-01 -0.000000000000000000e+00 9.597999999999999587e-02 -1.999910000000000077e+00
