-7.765533297849819272e-02
-3.606039435021064082e-02
-1.929828282119233282e-02
3.689199015912695501e+00
3.876435987718008125e+00
4.089650096072558583e+00
4.423452424460005972e+00
5.470481322140204661e+00
6.544706727080131792e+00
6.762062494878549046e+00
7.082736844014888788e+00
7.634376748399227530e+00
8.303512958331827676e+00
9.221409363374421631e+00
9.372238634872980256e+00
9.903745296533118747e+00
1.034908135891925163e+01
1.035529911943893921e+01
1.118592116869687736e+01
1.124008227694420015e+01
1.142177622583231233e+01
1.163854903492898174e+01
1.164062612981584444e+01
1.177685651158309810e+01
1.200404015004848368e+01
1.201137337909323399e+01
1.231923439509777829e+01
1.278772861193355936e+01
1.315492078678767918e+01
1.334736806822530042e+01
1.356927343465928182e+01
1.360845610895494140e+01
1.385249943158135366e+01
1.451769310135681934e+01
1.562046827834124940e+01
1.578437542792148207e+01
1.582211736605070840e+01
1.633768558099526302e+01
1.660564366495118094e+01
1.807839021553282066e+01
1.923536877400381329e+01
2.216225657043843711e+01
2.243705079968447080e+01
2.281717265347353063e+01
2.737667896570613379e+01
2.743502274920698980e+01
2.802233572823539376e+01
2.963802486552638271e+01
2.977687778251929984e+01
3.034359862952918618e+01
3.047954278858674826e+01
3.231223501279731636e+01
3.323385323054915830e+01
3.458952618658163658e+01
