6.625790000000000290e+00 0.000000000000000000e+00 0.000000000000000000e+00 0.000000000000000000e+00 6.625790000000000290e+00 0.000000000000000000e+00 0.000000000000000000e+00 0.000000000000000000e+00 5.120899999999999785e+00
6.625790000000000290e+00 0.000000000000000000e+00 0.000000000000000000e+00 0.000000000000000000e+00 6.625790000000000290e+00 0.000000000000000000e+00 0.000000000000000000e+00 0.000000000000000000e+00 5.120899999999999785e+00
2.626720000000000166e+00 0.000000000000000000e+00 0.000000000000000000e+00 0.000000000000000000e+00 2.626720000000000166e+00 0.000000000000000000e+00 0.000000000000000000e+00 0.000000000000000000e+00 3.993930000000000202e+00
2.626720000000000166e+00 0.000000000000000000e+00 0.000000000000000000e+00 0.000000000000000000e+00 2.626720000000000166e+00 0.000000000000000000e+00 0.000000000000000000e+00 0.000000000000000000e+00 3.993930000000000202e+00
-3.552309999999999857e+00 -0.000000000000000000e+00 -3.006800000000000028e-01 -0.000000000000000000e+00 -1.073949999999999960e+00 -0.000000000000000000e+00 -4.667999999999999927e-02 -0.000000000000000000e+00 -2.278709999999999791e+00
-1.073949999999999960e+00 -0.000000000000000000e+00 0.000000000000000000e+00 -0.000000000000000000e+00 -3.552309999999999857e+00 3.006800000000000028e-01 0.000000000000000000e+00 4.667999999999999927e-02 -2.278709999999999791e+00
-1.073949999999999960e+00 -0.000000000000000000e+00 0.000000000000000000e+00 -0.000000000000000000e+00 -3.552309999999999857e+00 3.006800000000000028e-01 0.000000000000000000e+00 4.667999999999999927e-02 -2.278709999999999791e+00
-3.552309999999999857e+00 -0.000000000000000000e+00 -3.006800000000000028e-01 -0.000000000000000000e+00 -1.073949999999999960e+00 -0.000000000000000000e+00 -4.667999999999999927e-02 -0.000000000000000000e+00 -2.278709999999999791e+00
-3.552309999999999857e+00 -0.000000000000000000e+00 3.006800000000000028e-01 -0.000000000000000000e+00 -1.073949999999999960e+00 -0.000000000000000000e+00 4.667999999999999927e-02 -0.000000000000000000e+00 -2.278709999999999791e+00
-1.073949999999999960e+00 -0.000000000000000000e+00 -0.000000000000000000e+00 -0.000000000000000000e+00 -3.552309999999999857e+00 -3.006800000000000028e-01 -0.000000000000000000e+00 -4.667999999999999927e-02 -2.278709999999999791e+00
-3.552309999999999857e+00 -0.000000000000000000e+00 3.006800000000000028e-01 -0.000000000000000000e+00 -1.073949999999999960e+00 -0.000000000000000000e+00 4.667999999999999927e-02 -0.000000000000000000e+00 -2.278709999999999791e+00
-1.073949999999999960e+00 -0.000000000000000000e+00 -0.000000000000000000e+00 -0.000000000000000000e+00 -3.552309999999999857e+00 -3.006800000000000028e-01 -0.000000000000000000e+00 -4.667999999999999927e-02 -2.278709999999999791e+00
