6.346940000000000026e+00 0.000000000000000000e+00 0.000000000000000000e+00 0.000000000000000000e+00 6.346940000000000026e+00 0.000000000000000000e+00 -0.000000000000000000e+00 0.000000000000000000e+00 7.778870000000000395e+00
6.346940000000000026e+00 0.000000000000000000e+00 0.000000000000000000e+00 0.000000000000000000e+00 6.346940000000000026e+00 0.000000000000000000e+00 0.000000000000000000e+00 0.000000000000000000e+00 7.778870000000000395e+00
2.013199999999999878e+00 0.000000000000000000e+00 0.000000000000000000e+00 0.000000000000000000e+00 2.013199999999999878e+00 0.000000000000000000e+00 0.000000000000000000e+00 -0.000000000000000000e+00 1.185359999999999969e+00
2.013199999999999878e+00 0.000000000000000000e+00 0.000000000000000000e+00 0.000000000000000000e+00 2.013199999999999878e+00 0.000000000000000000e+00 0.000000000000000000e+00 0.000000000000000000e+00 1.185359999999999969e+00
3.058260000000000201e+00 1.361300000000000010e-01 -0.000000000000000000e+00 -4.371200000000000085e-01 4.327580000000000204e+00 0.000000000000000000e+00 0.000000000000000000e+00 0.000000000000000000e+00 3.902070000000000149e+00
4.140579999999999927e+00 -1.877600000000000102e-01 0.000000000000000000e+00 -7.610099999999999643e-01 3.245260000000000034e+00 0.000000000000000000e+00 0.000000000000000000e+00 0.000000000000000000e+00 3.902070000000000149e+00
3.879919999999999813e+00 9.114999999999999769e-01 0.000000000000000000e+00 3.382499999999999951e-01 3.505920000000000147e+00 0.000000000000000000e+00 -0.000000000000000000e+00 -0.000000000000000000e+00 3.902070000000000149e+00
4.140579999999999927e+00 1.877600000000000102e-01 0.000000000000000000e+00 7.610099999999999643e-01 3.245260000000000034e+00 0.000000000000000000e+00 0.000000000000000000e+00 -0.000000000000000000e+00 3.902070000000000149e+00
3.058260000000000201e+00 -1.361300000000000010e-01 -0.000000000000000000e+00 4.371200000000000085e-01 4.327580000000000204e+00 0.000000000000000000e+00 -0.000000000000000000e+00 -0.000000000000000000e+00 3.902070000000000149e+00
3.879919999999999813e+00 -9.114999999999999769e-01 -0.000000000000000000e+00 -3.382499999999999951e-01 3.505920000000000147e+00 0.000000000000000000e+00 0.000000000000000000e+00 0.000000000000000000e+00 3.902070000000000149e+00
-2.158869999999999845e+00 8.414500000000000313e-01 0.000000000000000000e+00 1.087769999999999904e+00 -2.348510000000000097e+00 0.000000000000000000e+00 0.000000000000000000e+00 -0.000000000000000000e+00 -1.118959999999999955e+00
-3.136470000000000091e+00 -5.233499999999999819e-01 0.000000000000000000e+00 -2.770299999999999985e-01 -1.370900000000000007e+00 0.000000000000000000e+00 0.000000000000000000e+00 0.000000000000000000e+00 -1.118959999999999955e+00
-1.465719999999999912e+00 -6.875799999999999690e-01 -0.000000000000000000e+00 -4.412599999999999856e-01 -3.041650000000000187e+00 0.000000000000000000e+00 -0.000000000000000000e+00 0.000000000000000000e+00 -1.118959999999999955e+00
-3.136470000000000091e+00 5.233499999999999819e-01 0.000000000000000000e+00 2.770299999999999985e-01 -1.370900000000000007e+00 0.000000000000000000e+00 0.000000000000000000e+00 0.000000000000000000e+00 -1.118959999999999955e+00
-2.158869999999999845e+00 -8.414500000000000313e-01 -0.000000000000000000e+00 -1.087769999999999904e+00 -2.348510000000000097e+00 0.000000000000000000e+00 0.000000000000000000e+00 0.000000000000000000e+00 -1.118959999999999955e+00
-1.465719999999999912e+00 6.875799999999999690e-01 -0.000000000000000000e+00 4.412599999999999856e-01 -3.041650000000000187e+00 0.000000000000000000e+00 -0.000000000000000000e+00 -0.000000000000000000e+00 -1.118959999999999955e+00
-1.655690000000000106e+00 -6.143199999999999772e-01 2.166800000000000115e-01 -5.598100000000000298e-01 -2.570250000000000146e+00 1.309129999999999905e+00 3.427100000000000146e-01 1.564219999999999944e+00 -2.885600000000000165e+00
-1.833199999999999941e+00 6.622900000000000453e-01 -1.025400000000000089e+00 7.167999999999999927e-01 -2.392739999999999867e+00 8.422199999999999687e-01 -1.183300000000000018e+00 1.078910000000000036e+00 -2.885600000000000165e+00
-2.850020000000000220e+00 -1.297399999999999942e-01 1.242080000000000073e+00 -7.523000000000000520e-02 -1.375920000000000032e+00 4.669099999999999917e-01 1.526010000000000089e+00 4.853199999999999736e-01 -2.885600000000000165e+00
-2.850020000000000220e+00 -1.297399999999999942e-01 -1.242080000000000073e+00 -7.523000000000000520e-02 -1.375920000000000032e+00 -4.669099999999999917e-01 -1.526010000000000089e+00 -4.853199999999999736e-01 -2.885600000000000165e+00
-1.833199999999999941e+00 6.622900000000000453e-01 1.025400000000000089e+00 7.167999999999999927e-01 -2.392739999999999867e+00 -8.422199999999999687e-01 1.183300000000000018e+00 -1.078910000000000036e+00 -2.885600000000000165e+00
-1.833199999999999941e+00 -6.622900000000000453e-01 1.025400000000000089e+00 -7.167999999999999927e-01 -2.392739999999999867e+00 8.422199999999999687e-01 1.183300000000000018e+00 1.078910000000000036e+00 -2.885600000000000165e+00
-1.655690000000000106e+00 6.143199999999999772e-01 2.166800000000000115e-01 5.598100000000000298e-01 -2.570250000000000146e+00 -1.309129999999999905e+00 3.427100000000000146e-01 -1.564219999999999944e+00 -2.885600000000000165e+00
-2.850020000000000220e+00 1.297399999999999942e-01 -1.242080000000000073e+00 7.523000000000000520e-02 -1.375920000000000032e+00 4.669099999999999917e-01 -1.526010000000000089e+00 4.853199999999999736e-01 -2.885600000000000165e+00
-1.655690000000000106e+00 6.143199999999999772e-01 -2.166800000000000115e-01 5.598100000000000298e-01 -2.570250000000000146e+00 1.309129999999999905e+00 -3.427100000000000146e-01 1.564219999999999944e+00 -2.885600000000000165e+00
-2.850020000000000220e+00 1.297399999999999942e-01 1.242080000000000073e+00 7.523000000000000520e-02 -1.375920000000000032e+00 -4.669099999999999917e-01 1.526010000000000089e+00 -4.853199999999999736e-01 -2.885600000000000165e+00
-1.655690000000000106e+00 -6.143199999999999772e-01 -2.166800000000000115e-01 -5.598100000000000298e-01 -2.570250000000000146e+00 -1.309129999999999905e+00 -3.427100000000000146e-01 -1.564219999999999944e+00 -2.885600000000000165e+00
-1.833199999999999941e+00 -6.622900000000000453e-01 -1.025400000000000089e+00 -7.167999999999999927e-01 -2.392739999999999867e+00 -8.422199999999999687e-01 -1.183300000000000018e+00 -1.078910000000000036e+00 -2.885600000000000165e+00
