2.225909999999999833e+00 2.820000000000000024e-03 -0.000000000000000000e+00 -2.820000000000000024e-03 2.225909999999999833e+00 0.000000000000000000e+00 -0.000000000000000000e+00 0.000000000000000000e+00 2.418229999999999880e+00
4.352999999999999758e+00 -3.754100000000000215e-01 -0.000000000000000000e+00 3.754100000000000215e-01 4.352999999999999758e+00 0.000000000000000000e+00 -0.000000000000000000e+00 0.000000000000000000e+00 3.658079999999999998e+00
2.789200000000000124e+00 4.378500000000000170e-01 -0.000000000000000000e+00 -4.378500000000000170e-01 2.789200000000000124e+00 0.000000000000000000e+00 -0.000000000000000000e+00 0.000000000000000000e+00 8.816000000000000503e-01
2.789200000000000124e+00 4.378500000000000170e-01 -0.000000000000000000e+00 -4.378500000000000170e-01 2.789200000000000124e+00 0.000000000000000000e+00 -0.000000000000000000e+00 0.000000000000000000e+00 8.816000000000000503e-01
-1.652390000000000025e+00 2.795400000000000107e-01 1.599500000000000088e-01 4.472400000000000264e-01 -2.400040000000000173e+00 2.330200000000000049e-01 1.194299999999999945e-01 1.821099999999999941e-01 -1.306589999999999918e+00
-1.898430000000000062e+00 -5.892899999999999805e-01 -2.817799999999999749e-01 -4.215900000000000203e-01 -2.154009999999999980e+00 2.200999999999999832e-02 -2.174200000000000021e-01 1.237000000000000079e-02 -1.306589999999999918e+00
-2.527839999999999865e+00 5.820000000000000173e-02 1.218299999999999939e-01 2.258999999999999897e-01 -1.524599999999999955e+00 -2.550299999999999789e-01 9.800000000000000377e-02 -1.944799999999999862e-01 -1.306589999999999918e+00
-1.652390000000000025e+00 2.795400000000000107e-01 1.599500000000000088e-01 4.472400000000000264e-01 -2.400040000000000173e+00 2.330200000000000049e-01 1.194299999999999945e-01 1.821099999999999941e-01 -1.306589999999999918e+00
-1.898430000000000062e+00 -5.892899999999999805e-01 -2.817799999999999749e-01 -4.215900000000000203e-01 -2.154009999999999980e+00 2.200999999999999832e-02 -2.174200000000000021e-01 1.237000000000000079e-02 -1.306589999999999918e+00
-2.527839999999999865e+00 5.820000000000000173e-02 1.218299999999999939e-01 2.258999999999999897e-01 -1.524599999999999955e+00 -2.550299999999999789e-01 9.800000000000000377e-02 -1.944799999999999862e-01 -1.306589999999999918e+00
