1.461430000000000007e+00 -0.000000000000000000e+00 -0.000000000000000000e+00 0.000000000000000000e+00 2.121140000000000025e+00 0.000000000000000000e+00 0.000000000000000000e+00 0.000000000000000000e+00 1.189219999999999944e+00
1.461430000000000007e+00 -0.000000000000000000e+00 -0.000000000000000000e+00 0.000000000000000000e+00 2.121140000000000025e+00 0.000000000000000000e+00 0.000000000000000000e+00 0.000000000000000000e+00 1.189219999999999944e+00
6.463009999999999700e+00 -0.000000000000000000e+00 0.000000000000000000e+00 0.000000000000000000e+00 3.291199999999999903e+00 0.000000000000000000e+00 0.000000000000000000e+00 0.000000000000000000e+00 5.553219999999999601e+00
6.463009999999999700e+00 -0.000000000000000000e+00 0.000000000000000000e+00 0.000000000000000000e+00 3.291199999999999903e+00 0.000000000000000000e+00 0.000000000000000000e+00 0.000000000000000000e+00 5.553219999999999601e+00
5.066720000000000113e+00 7.249900000000000233e-01 -0.000000000000000000e+00 -5.007399999999999629e-01 3.623460000000000125e+00 -0.000000000000000000e+00 0.000000000000000000e+00 0.000000000000000000e+00 5.030439999999999579e+00
5.066720000000000113e+00 7.249900000000000233e-01 -0.000000000000000000e+00 -5.007399999999999629e-01 3.623460000000000125e+00 -0.000000000000000000e+00 0.000000000000000000e+00 0.000000000000000000e+00 5.030439999999999579e+00
5.066720000000000113e+00 -7.249900000000000233e-01 -0.000000000000000000e+00 5.007399999999999629e-01 3.623460000000000125e+00 0.000000000000000000e+00 0.000000000000000000e+00 0.000000000000000000e+00 5.030439999999999579e+00
5.066720000000000113e+00 -7.249900000000000233e-01 -0.000000000000000000e+00 5.007399999999999629e-01 3.623460000000000125e+00 0.000000000000000000e+00 0.000000000000000000e+00 0.000000000000000000e+00 5.030439999999999579e+00
-3.391700000000000159e+00 -1.837499999999999911e+00 0.000000000000000000e+00 -9.583599999999999897e-01 -1.645340000000000025e+00 0.000000000000000000e+00 0.000000000000000000e+00 0.000000000000000000e+00 -2.170100000000000140e+00
-3.391700000000000159e+00 -1.837499999999999911e+00 0.000000000000000000e+00 -9.583599999999999897e-01 -1.645340000000000025e+00 0.000000000000000000e+00 0.000000000000000000e+00 0.000000000000000000e+00 -2.170100000000000140e+00
-3.391700000000000159e+00 1.837499999999999911e+00 -0.000000000000000000e+00 9.583599999999999897e-01 -1.645340000000000025e+00 0.000000000000000000e+00 0.000000000000000000e+00 0.000000000000000000e+00 -2.170100000000000140e+00
-3.391700000000000159e+00 1.837499999999999911e+00 -0.000000000000000000e+00 9.583599999999999897e-01 -1.645340000000000025e+00 0.000000000000000000e+00 0.000000000000000000e+00 0.000000000000000000e+00 -2.170100000000000140e+00
-2.212190000000000101e+00 -7.953200000000000269e-01 1.584629999999999983e+00 -4.131099999999999772e-01 -1.047760000000000025e+00 4.029400000000000204e-01 1.445019999999999971e+00 4.202500000000000124e-01 -2.685979999999999812e+00
-2.212190000000000101e+00 -7.953200000000000269e-01 1.584629999999999983e+00 -4.131099999999999772e-01 -1.047760000000000025e+00 4.029400000000000204e-01 1.445019999999999971e+00 4.202500000000000124e-01 -2.685979999999999812e+00
-2.212190000000000101e+00 -7.953200000000000269e-01 -1.584629999999999983e+00 -4.131099999999999772e-01 -1.047760000000000025e+00 -4.029400000000000204e-01 -1.445019999999999971e+00 -4.202500000000000124e-01 -2.685979999999999812e+00
-2.212190000000000101e+00 7.953200000000000269e-01 1.584629999999999983e+00 4.131099999999999772e-01 -1.047760000000000025e+00 -4.029400000000000204e-01 1.445019999999999971e+00 -4.202500000000000124e-01 -2.685979999999999812e+00
-2.212190000000000101e+00 -7.953200000000000269e-01 -1.584629999999999983e+00 -4.131099999999999772e-01 -1.047760000000000025e+00 -4.029400000000000204e-01 -1.445019999999999971e+00 -4.202500000000000124e-01 -2.685979999999999812e+00
-2.212190000000000101e+00 7.953200000000000269e-01 1.584629999999999983e+00 4.131099999999999772e-01 -1.047760000000000025e+00 -4.029400000000000204e-01 1.445019999999999971e+00 -4.202500000000000124e-01 -2.685979999999999812e+00
-2.212190000000000101e+00 7.953200000000000269e-01 -1.584629999999999983e+00 4.131099999999999772e-01 -1.047760000000000025e+00 4.029400000000000204e-01 -1.445019999999999971e+00 4.202500000000000124e-01 -2.685979999999999812e+00
-2.212190000000000101e+00 7.953200000000000269e-01 -1.584629999999999983e+00 4.131099999999999772e-01 -1.047760000000000025e+00 4.029400000000000204e-01 -1.445019999999999971e+00 4.202500000000000124e-01 -2.685979999999999812e+00
-1.212860000000000049e+00 1.067399999999999904e+00 0.000000000000000000e+00 1.127480000000000038e+00 -2.588769999999999794e+00 0.000000000000000000e+00 0.000000000000000000e+00 0.000000000000000000e+00 -8.596000000000000307e-01
-1.212860000000000049e+00 1.067399999999999904e+00 0.000000000000000000e+00 1.127480000000000038e+00 -2.588769999999999794e+00 0.000000000000000000e+00 0.000000000000000000e+00 0.000000000000000000e+00 -8.596000000000000307e-01
-1.212860000000000049e+00 -1.067399999999999904e+00 0.000000000000000000e+00 -1.127480000000000038e+00 -2.588769999999999794e+00 -0.000000000000000000e+00 0.000000000000000000e+00 0.000000000000000000e+00 -8.596000000000000307e-01
-1.212860000000000049e+00 -1.067399999999999904e+00 0.000000000000000000e+00 -1.127480000000000038e+00 -2.588769999999999794e+00 -0.000000000000000000e+00 0.000000000000000000e+00 0.000000000000000000e+00 -8.596000000000000307e-01
