2.280470000000000219e+00 1.660000000000000017e-02 -8.755000000000000282e-02 3.432000000000000328e-02 2.696969999999999867e+00 -8.349999999999999784e-03 -8.987000000000000544e-02 1.528999999999999977e-02 2.320349999999999913e+00
2.280470000000000219e+00 -1.660000000000000017e-02 8.755000000000000282e-02 -3.432000000000000328e-02 2.696969999999999867e+00 -8.349999999999999784e-03 8.987000000000000544e-02 1.528999999999999977e-02 2.320349999999999913e+00
2.280470000000000219e+00 1.660000000000000017e-02 8.755000000000000282e-02 3.432000000000000328e-02 2.696969999999999867e+00 8.349999999999999784e-03 8.987000000000000544e-02 -1.528999999999999977e-02 2.320349999999999913e+00
2.280470000000000219e+00 -1.660000000000000017e-02 -8.755000000000000282e-02 -3.432000000000000328e-02 2.696969999999999867e+00 8.349999999999999784e-03 -8.987000000000000544e-02 -1.528999999999999977e-02 2.320349999999999913e+00
2.672369999999999912e+00 -1.091999999999999915e-02 -2.163100000000000023e-01 1.382000000000000069e-02 2.158450000000000202e+00 -2.348000000000000087e-02 -2.304200000000000137e-01 1.591000000000000053e-02 2.931939999999999991e+00
2.672369999999999912e+00 1.091999999999999915e-02 -2.163100000000000023e-01 -1.382000000000000069e-02 2.158450000000000202e+00 2.348000000000000087e-02 -2.304200000000000137e-01 -1.591000000000000053e-02 2.931939999999999991e+00
2.672369999999999912e+00 1.091999999999999915e-02 2.163100000000000023e-01 -1.382000000000000069e-02 2.158450000000000202e+00 -2.348000000000000087e-02 2.304200000000000137e-01 1.591000000000000053e-02 2.931939999999999991e+00
2.672369999999999912e+00 -1.091999999999999915e-02 2.163100000000000023e-01 1.382000000000000069e-02 2.158450000000000202e+00 2.348000000000000087e-02 2.304200000000000137e-01 -1.591000000000000053e-02 2.931939999999999991e+00
1.992250000000000076e+00 -9.912600000000000300e-01 -1.541000000000000009e-02 -1.064070000000000071e+00 1.356119999999999992e+00 -2.534100000000000241e-01 -1.018499999999999961e-01 -2.398299999999999876e-01 2.668880000000000141e+00
1.992250000000000076e+00 9.912600000000000300e-01 1.541000000000000009e-02 1.064070000000000071e+00 1.356119999999999992e+00 -2.534100000000000241e-01 1.018499999999999961e-01 -2.398299999999999876e-01 2.668880000000000141e+00
1.992250000000000076e+00 -9.912600000000000300e-01 1.541000000000000009e-02 -1.064070000000000071e+00 1.356119999999999992e+00 2.534100000000000241e-01 1.018499999999999961e-01 2.398299999999999876e-01 2.668880000000000141e+00
1.992250000000000076e+00 9.912600000000000300e-01 -1.541000000000000009e-02 1.064070000000000071e+00 1.356119999999999992e+00 2.534100000000000241e-01 -1.018499999999999961e-01 2.398299999999999876e-01 2.668880000000000141e+00
-1.894730000000000025e+00 -6.804400000000000448e-01 -4.330999999999999850e-01 -6.666900000000000048e-01 -1.179210000000000091e+00 -2.297299999999999898e-01 -4.142199999999999771e-01 -2.190499999999999947e-01 -2.009409999999999918e+00
-2.116490000000000204e+00 -6.018099999999999561e-01 3.327000000000000096e-02 -5.687799999999999523e-01 -2.017929999999999779e+00 -9.249999999999999542e-03 1.641000000000000097e-02 1.663999999999999854e-02 -1.499589999999999979e+00
-1.310629999999999962e+00 2.412199999999999900e-01 -1.612999999999999851e-02 2.619099999999999762e-01 -1.789109999999999978e+00 -3.420000000000000123e-02 -9.750999999999999945e-02 -2.783000000000000057e-02 -2.171879999999999811e+00
-2.116490000000000204e+00 6.018099999999999561e-01 3.327000000000000096e-02 5.687799999999999523e-01 -2.017929999999999779e+00 9.249999999999999542e-03 1.641000000000000097e-02 -1.663999999999999854e-02 -1.499589999999999979e+00
-2.116490000000000204e+00 -6.018099999999999561e-01 -3.327000000000000096e-02 -5.687799999999999523e-01 -2.017929999999999779e+00 9.249999999999999542e-03 -1.641000000000000097e-02 -1.663999999999999854e-02 -1.499589999999999979e+00
-1.623229999999999951e+00 5.934700000000000530e-01 -3.196800000000000197e-01 4.677100000000000146e-01 -1.225270000000000081e+00 3.511299999999999977e-01 -1.987099999999999977e-01 3.240799999999999792e-01 -2.240289999999999893e+00
-1.310629999999999962e+00 -2.412199999999999900e-01 1.612999999999999851e-02 -2.619099999999999762e-01 -1.789109999999999978e+00 -3.420000000000000123e-02 9.750999999999999945e-02 -2.783000000000000057e-02 -2.171879999999999811e+00
-1.310629999999999962e+00 -2.412199999999999900e-01 -1.612999999999999851e-02 -2.619099999999999762e-01 -1.789109999999999978e+00 3.420000000000000123e-02 -9.750999999999999945e-02 2.783000000000000057e-02 -2.171879999999999811e+00
-1.623229999999999951e+00 -5.934700000000000530e-01 3.196800000000000197e-01 -4.677100000000000146e-01 -1.225270000000000081e+00 3.511299999999999977e-01 1.987099999999999977e-01 3.240799999999999792e-01 -2.240289999999999893e+00
-1.894730000000000025e+00 6.804400000000000448e-01 4.330999999999999850e-01 6.666900000000000048e-01 -1.179210000000000091e+00 -2.297299999999999898e-01 4.142199999999999771e-01 -2.190499999999999947e-01 -2.009409999999999918e+00
-1.623229999999999951e+00 5.934700000000000530e-01 3.196800000000000197e-01 4.677100000000000146e-01 -1.225270000000000081e+00 -3.511299999999999977e-01 1.987099999999999977e-01 -3.240799999999999792e-01 -2.240289999999999893e+00
-1.310629999999999962e+00 2.412199999999999900e-01 1.612999999999999851e-02 2.619099999999999762e-01 -1.789109999999999978e+00 3.420000000000000123e-02 9.750999999999999945e-02 2.783000000000000057e-02 -2.171879999999999811e+00
-1.894730000000000025e+00 6.804400000000000448e-01 -4.330999999999999850e-01 6.666900000000000048e-01 -1.179210000000000091e+00 2.297299999999999898e-01 -4.142199999999999771e-01 2.190499999999999947e-01 -2.009409999999999918e+00
-1.894730000000000025e+00 -6.804400000000000448e-01 4.330999999999999850e-01 -6.666900000000000048e-01 -1.179210000000000091e+00 2.297299999999999898e-01 4.142199999999999771e-01 2.190499999999999947e-01 -2.009409999999999918e+00
-2.116490000000000204e+00 6.018099999999999561e-01 -3.327000000000000096e-02 5.687799999999999523e-01 -2.017929999999999779e+00 -9.249999999999999542e-03 -1.641000000000000097e-02 1.663999999999999854e-02 -1.499589999999999979e+00
-1.623229999999999951e+00 -5.934700000000000530e-01 -3.196800000000000197e-01 -4.677100000000000146e-01 -1.225270000000000081e+00 -3.511299999999999977e-01 -1.987099999999999977e-01 -3.240799999999999792e-01 -2.240289999999999893e+00
