2.401870000000000172e+00 0.000000000000000000e+00 1.679599999999999982e-01 0.000000000000000000e+00 2.327150000000000052e+00 0.000000000000000000e+00 1.218199999999999977e-01 -0.000000000000000000e+00 2.459709999999999841e+00
2.401870000000000172e+00 0.000000000000000000e+00 -1.679599999999999982e-01 0.000000000000000000e+00 2.327150000000000052e+00 0.000000000000000000e+00 -1.218199999999999977e-01 -0.000000000000000000e+00 2.459709999999999841e+00
2.401870000000000172e+00 0.000000000000000000e+00 -1.679599999999999982e-01 0.000000000000000000e+00 2.327150000000000052e+00 0.000000000000000000e+00 -1.218199999999999977e-01 -0.000000000000000000e+00 2.459709999999999841e+00
2.401870000000000172e+00 0.000000000000000000e+00 1.679599999999999982e-01 0.000000000000000000e+00 2.327150000000000052e+00 0.000000000000000000e+00 1.218199999999999977e-01 -0.000000000000000000e+00 2.459709999999999841e+00
5.677469999999999573e+00 -9.546999999999999931e-02 2.110499999999999876e-01 -2.583300000000000041e-01 5.555819999999999759e+00 3.645900000000000252e-01 -3.929900000000000060e-01 -5.696499999999999897e-01 5.578899999999999970e+00
5.677469999999999573e+00 9.546999999999999931e-02 2.110499999999999876e-01 2.583300000000000041e-01 5.555819999999999759e+00 -3.645900000000000252e-01 -3.929900000000000060e-01 5.696499999999999897e-01 5.578899999999999970e+00
5.677469999999999573e+00 -9.546999999999999931e-02 -2.110499999999999876e-01 -2.583300000000000041e-01 5.555819999999999759e+00 -3.645900000000000252e-01 3.929900000000000060e-01 5.696499999999999897e-01 5.578899999999999970e+00
5.677469999999999573e+00 9.546999999999999931e-02 -2.110499999999999876e-01 2.583300000000000041e-01 5.555819999999999759e+00 3.645900000000000252e-01 3.929900000000000060e-01 -5.696499999999999897e-01 5.578899999999999970e+00
-1.786939999999999973e+00 -0.000000000000000000e+00 -1.437700000000000089e-01 0.000000000000000000e+00 -4.148369999999999891e+00 0.000000000000000000e+00 -4.460999999999999688e-02 0.000000000000000000e+00 -2.065010000000000012e+00
-3.146199999999999886e+00 1.237000000000000044e-01 1.169140000000000068e+00 1.227000000000000035e-01 -1.867299999999999960e+00 2.765000000000000097e-02 1.130400000000000071e+00 2.397000000000000172e-02 -2.986800000000000122e+00
-3.146199999999999886e+00 -1.237000000000000044e-01 1.169140000000000068e+00 -1.227000000000000035e-01 -1.867299999999999960e+00 -2.765000000000000097e-02 1.130400000000000071e+00 -2.397000000000000172e-02 -2.986800000000000122e+00
-3.146199999999999886e+00 1.237000000000000044e-01 -1.169140000000000068e+00 1.227000000000000035e-01 -1.867299999999999960e+00 -2.765000000000000097e-02 -1.130400000000000071e+00 -2.397000000000000172e-02 -2.986800000000000122e+00
-3.146199999999999886e+00 -1.237000000000000044e-01 -1.169140000000000068e+00 -1.227000000000000035e-01 -1.867299999999999960e+00 2.765000000000000097e-02 -1.130400000000000071e+00 2.397000000000000172e-02 -2.986800000000000122e+00
-1.786939999999999973e+00 -0.000000000000000000e+00 1.437700000000000089e-01 0.000000000000000000e+00 -4.148369999999999891e+00 0.000000000000000000e+00 4.460999999999999688e-02 0.000000000000000000e+00 -2.065010000000000012e+00
-1.786939999999999973e+00 -0.000000000000000000e+00 1.437700000000000089e-01 0.000000000000000000e+00 -4.148369999999999891e+00 0.000000000000000000e+00 4.460999999999999688e-02 0.000000000000000000e+00 -2.065010000000000012e+00
-3.146199999999999886e+00 -1.237000000000000044e-01 -1.169140000000000068e+00 -1.227000000000000035e-01 -1.867299999999999960e+00 2.765000000000000097e-02 -1.130400000000000071e+00 2.397000000000000172e-02 -2.986800000000000122e+00
-3.146199999999999886e+00 1.237000000000000044e-01 -1.169140000000000068e+00 1.227000000000000035e-01 -1.867299999999999960e+00 -2.765000000000000097e-02 -1.130400000000000071e+00 -2.397000000000000172e-02 -2.986800000000000122e+00
-3.146199999999999886e+00 -1.237000000000000044e-01 1.169140000000000068e+00 -1.227000000000000035e-01 -1.867299999999999960e+00 -2.765000000000000097e-02 1.130400000000000071e+00 -2.397000000000000172e-02 -2.986800000000000122e+00
-3.146199999999999886e+00 1.237000000000000044e-01 1.169140000000000068e+00 1.227000000000000035e-01 -1.867299999999999960e+00 2.765000000000000097e-02 1.130400000000000071e+00 2.397000000000000172e-02 -2.986800000000000122e+00
-1.786939999999999973e+00 -0.000000000000000000e+00 -1.437700000000000089e-01 0.000000000000000000e+00 -4.148369999999999891e+00 0.000000000000000000e+00 -4.460999999999999688e-02 0.000000000000000000e+00 -2.065010000000000012e+00
