1.397520000000000095e+00 7.782200000000000228e-01 -1.824600000000000111e-01 7.782200000000000228e-01 4.989100000000000201e-01 -1.053400000000000031e-01 6.417000000000000481e-02 3.704999999999999960e-02 3.419499999999999762e-01
4.959999999999999826e-02 0.000000000000000000e+00 0.000000000000000000e+00 0.000000000000000000e+00 1.846819999999999906e+00 2.106899999999999884e-01 -0.000000000000000000e+00 -7.409999999999999920e-02 3.419499999999999762e-01
1.397520000000000095e+00 -7.782200000000000228e-01 1.824600000000000111e-01 -7.782200000000000228e-01 4.989100000000000201e-01 -1.053400000000000031e-01 -6.417000000000000481e-02 3.704999999999999960e-02 3.419499999999999762e-01
1.397520000000000095e+00 -7.782200000000000228e-01 1.824600000000000111e-01 -7.782200000000000228e-01 4.989100000000000201e-01 -1.053400000000000031e-01 -6.417000000000000481e-02 3.704999999999999960e-02 3.419499999999999762e-01
1.397520000000000095e+00 7.782200000000000228e-01 -1.824600000000000111e-01 7.782200000000000228e-01 4.989100000000000201e-01 -1.053400000000000031e-01 6.417000000000000481e-02 3.704999999999999960e-02 3.419499999999999762e-01
4.959999999999999826e-02 0.000000000000000000e+00 0.000000000000000000e+00 0.000000000000000000e+00 1.846819999999999906e+00 2.106899999999999884e-01 -0.000000000000000000e+00 -7.409999999999999920e-02 3.419499999999999762e-01
-2.428999999999999909e-02 1.660999999999999976e-01 2.456899999999999917e-01 1.660999999999999976e-01 -2.160799999999999943e-01 1.418500000000000039e-01 1.810100000000000042e-01 1.044999999999999957e-01 -1.518700000000000050e-01
-3.119799999999999796e-01 0.000000000000000000e+00 -0.000000000000000000e+00 0.000000000000000000e+00 7.160999999999999310e-02 -2.837000000000000077e-01 0.000000000000000000e+00 -2.090100000000000013e-01 -1.518700000000000050e-01
-2.428999999999999909e-02 -1.660999999999999976e-01 -2.456899999999999917e-01 -1.660999999999999976e-01 -2.160799999999999943e-01 1.418500000000000039e-01 -1.810100000000000042e-01 1.044999999999999957e-01 -1.518700000000000050e-01
-2.428999999999999909e-02 -1.660999999999999976e-01 -2.456899999999999917e-01 -1.660999999999999976e-01 -2.160799999999999943e-01 1.418500000000000039e-01 -1.810100000000000042e-01 1.044999999999999957e-01 -1.518700000000000050e-01
-2.428999999999999909e-02 1.660999999999999976e-01 2.456899999999999917e-01 1.660999999999999976e-01 -2.160799999999999943e-01 1.418500000000000039e-01 1.810100000000000042e-01 1.044999999999999957e-01 -1.518700000000000050e-01
-3.119799999999999796e-01 0.000000000000000000e+00 -0.000000000000000000e+00 0.000000000000000000e+00 7.160999999999999310e-02 -2.837000000000000077e-01 0.000000000000000000e+00 -2.090100000000000013e-01 -1.518700000000000050e-01
-2.484090000000000131e+00 -0.000000000000000000e+00 0.000000000000000000e+00 -0.000000000000000000e+00 -2.484090000000000131e+00 0.000000000000000000e+00 0.000000000000000000e+00 0.000000000000000000e+00 -5.702399999999999691e-01
-2.484090000000000131e+00 -0.000000000000000000e+00 0.000000000000000000e+00 -0.000000000000000000e+00 -2.484090000000000131e+00 0.000000000000000000e+00 0.000000000000000000e+00 0.000000000000000000e+00 -5.702399999999999691e-01
