9.922900000000000054e-01 3.577000000000000318e-02 -2.611000000000000126e-02 2.326999999999999902e-02 8.015700000000000047e-01 1.064599999999999991e-01 -1.809999999999999977e-03 1.199500000000000011e-01 1.160439999999999916e+00
9.922900000000000054e-01 -3.577000000000000318e-02 -2.611000000000000126e-02 -2.326999999999999902e-02 8.015700000000000047e-01 -1.064599999999999991e-01 -1.809999999999999977e-03 -1.199500000000000011e-01 1.160439999999999916e+00
9.922900000000000054e-01 3.577000000000000318e-02 -2.611000000000000126e-02 2.326999999999999902e-02 8.015700000000000047e-01 1.064599999999999991e-01 -1.809999999999999977e-03 1.199500000000000011e-01 1.160439999999999916e+00
9.922900000000000054e-01 -3.577000000000000318e-02 -2.611000000000000126e-02 -2.326999999999999902e-02 8.015700000000000047e-01 -1.064599999999999991e-01 -1.809999999999999977e-03 -1.199500000000000011e-01 1.160439999999999916e+00
9.531199999999999672e-01 -2.292999999999999899e-02 -3.567000000000000032e-02 -1.474999999999999922e-02 1.067110000000000003e+00 -6.749999999999999924e-03 -1.598000000000000115e-02 -8.056000000000000660e-02 1.003880000000000106e+00
9.531199999999999672e-01 2.292999999999999899e-02 -3.567000000000000032e-02 1.474999999999999922e-02 1.067110000000000003e+00 6.749999999999999924e-03 -1.598000000000000115e-02 8.056000000000000660e-02 1.003880000000000106e+00
9.531199999999999672e-01 -2.292999999999999899e-02 -3.567000000000000032e-02 -1.474999999999999922e-02 1.067110000000000003e+00 -6.749999999999999924e-03 -1.598000000000000115e-02 -8.056000000000000660e-02 1.003880000000000106e+00
9.531199999999999672e-01 2.292999999999999899e-02 -3.567000000000000032e-02 1.474999999999999922e-02 1.067110000000000003e+00 6.749999999999999924e-03 -1.598000000000000115e-02 8.056000000000000660e-02 1.003880000000000106e+00
9.406299999999999661e-01 2.830000000000000050e-03 2.903999999999999984e-02 5.939999999999999968e-03 1.142069999999999919e+00 2.725999999999999951e-02 9.029999999999999832e-03 1.078100000000000031e-01 1.080770000000000008e+00
9.406299999999999661e-01 -2.830000000000000050e-03 2.903999999999999984e-02 -5.939999999999999968e-03 1.142069999999999919e+00 -2.725999999999999951e-02 9.029999999999999832e-03 -1.078100000000000031e-01 1.080770000000000008e+00
9.406299999999999661e-01 2.830000000000000050e-03 2.903999999999999984e-02 5.939999999999999968e-03 1.142069999999999919e+00 2.725999999999999951e-02 9.029999999999999832e-03 1.078100000000000031e-01 1.080770000000000008e+00
9.406299999999999661e-01 -2.830000000000000050e-03 2.903999999999999984e-02 -5.939999999999999968e-03 1.142069999999999919e+00 -2.725999999999999951e-02 9.029999999999999832e-03 -1.078100000000000031e-01 1.080770000000000008e+00
9.574399999999999578e-01 -5.941999999999999504e-01 2.679599999999999760e-01 -5.385199999999999987e-01 2.141550000000000065e+00 1.408600000000000130e-01 2.328399999999999914e-01 8.760999999999999344e-02 2.423210000000000086e+00
9.574399999999999578e-01 5.941999999999999504e-01 2.679599999999999760e-01 5.385199999999999987e-01 2.141550000000000065e+00 -1.408600000000000130e-01 2.328399999999999914e-01 -8.760999999999999344e-02 2.423210000000000086e+00
9.574399999999999578e-01 -5.941999999999999504e-01 2.679599999999999760e-01 -5.385199999999999987e-01 2.141550000000000065e+00 1.408600000000000130e-01 2.328399999999999914e-01 8.760999999999999344e-02 2.423210000000000086e+00
9.574399999999999578e-01 5.941999999999999504e-01 2.679599999999999760e-01 5.385199999999999987e-01 2.141550000000000065e+00 -1.408600000000000130e-01 2.328399999999999914e-01 -8.760999999999999344e-02 2.423210000000000086e+00
-1.250070000000000014e+00 1.084799999999999931e-01 -2.249899999999999956e-01 1.274000000000000132e-01 -1.360849999999999893e+00 1.932399999999999951e-01 -2.099999999999999922e-01 2.533099999999999796e-01 -2.231829999999999981e+00
-1.250070000000000014e+00 -1.084799999999999931e-01 -2.249899999999999956e-01 -1.274000000000000132e-01 -1.360849999999999893e+00 -1.932399999999999951e-01 -2.099999999999999922e-01 -2.533099999999999796e-01 -2.231829999999999981e+00
-1.250070000000000014e+00 1.084799999999999931e-01 -2.249899999999999956e-01 1.274000000000000132e-01 -1.360849999999999893e+00 1.932399999999999951e-01 -2.099999999999999922e-01 2.533099999999999796e-01 -2.231829999999999981e+00
-1.250070000000000014e+00 -1.084799999999999931e-01 -2.249899999999999956e-01 -1.274000000000000132e-01 -1.360849999999999893e+00 -1.932399999999999951e-01 -2.099999999999999922e-01 -2.533099999999999796e-01 -2.231829999999999981e+00
-1.191109999999999891e+00 1.101599999999999940e-01 5.496000000000000191e-02 8.634999999999999620e-02 -1.708409999999999984e+00 -4.526100000000000123e-01 1.714999999999999858e-02 -4.552800000000000180e-01 -1.991910000000000069e+00
-1.191109999999999891e+00 -1.101599999999999940e-01 5.496000000000000191e-02 -8.634999999999999620e-02 -1.708409999999999984e+00 4.526100000000000123e-01 1.714999999999999858e-02 4.552800000000000180e-01 -1.991910000000000069e+00
-1.191109999999999891e+00 1.101599999999999940e-01 5.496000000000000191e-02 8.634999999999999620e-02 -1.708409999999999984e+00 -4.526100000000000123e-01 1.714999999999999858e-02 -4.552800000000000180e-01 -1.991910000000000069e+00
-1.191109999999999891e+00 -1.101599999999999940e-01 5.496000000000000191e-02 -8.634999999999999620e-02 -1.708409999999999984e+00 4.526100000000000123e-01 1.714999999999999858e-02 4.552800000000000180e-01 -1.991910000000000069e+00
-1.402300000000000102e+00 3.453800000000000203e-01 -6.518999999999999795e-02 3.443300000000000249e-01 -2.083040000000000003e+00 6.562999999999999390e-02 -3.122000000000000122e-02 9.779999999999999805e-02 -1.444550000000000001e+00
-1.402300000000000102e+00 -3.453800000000000203e-01 -6.518999999999999795e-02 -3.443300000000000249e-01 -2.083040000000000003e+00 -6.562999999999999390e-02 -3.122000000000000122e-02 -9.779999999999999805e-02 -1.444550000000000001e+00
-1.402300000000000102e+00 3.453800000000000203e-01 -6.518999999999999795e-02 3.443300000000000249e-01 -2.083040000000000003e+00 6.562999999999999390e-02 -3.122000000000000122e-02 9.779999999999999805e-02 -1.444550000000000001e+00
-1.402300000000000102e+00 -3.453800000000000203e-01 -6.518999999999999795e-02 -3.443300000000000249e-01 -2.083040000000000003e+00 -6.562999999999999390e-02 -3.122000000000000122e-02 -9.779999999999999805e-02 -1.444550000000000001e+00
