-4.201527701691877559e-02
-2.648482625249843486e-02
-1.595277691387182381e-02
1.587950747736306623e+00
1.611093320912634352e+00
2.055881337737075043e+00
2.084394140244717697e+00
2.356494716038179948e+00
2.887279881597090814e+00
2.967778959202878042e+00
3.242507512581671136e+00
3.280058810608182274e+00
3.319436031726252345e+00
4.530740283585699579e+00
4.672983319608936092e+00
5.006083390531572697e+00
5.115020531737106246e+00
5.474205229217727897e+00
5.837507780797690948e+00
6.524334244539605976e+00
6.826378374025455109e+00
7.037628638302436457e+00
7.300031112583755366e+00
7.696830597467791080e+00
7.851556938296647026e+00
8.083775113573430815e+00
8.194368594674656947e+00
8.262712465903081949e+00
8.647292371502173225e+00
8.652317506384310519e+00
9.815972173126597866e+00
1.054925646040595844e+01
1.063125938756088473e+01
1.075929236747138695e+01
1.095913969426275791e+01
1.319464782276403803e+01
1.363915684949989604e+01
1.489632135564100146e+01
1.773207253684820017e+01
1.853881514634288052e+01
1.884478152690701691e+01
1.917410228263656080e+01
