1.179119999999999946e+00 0.000000000000000000e+00 5.313999999999999974e-02 0.000000000000000000e+00 1.075919999999999987e+00 0.000000000000000000e+00 5.299000000000000238e-02 0.000000000000000000e+00 1.356680000000000108e+00
1.179119999999999946e+00 0.000000000000000000e+00 5.313999999999999974e-02 0.000000000000000000e+00 1.075919999999999987e+00 0.000000000000000000e+00 5.299000000000000238e-02 0.000000000000000000e+00 1.356680000000000108e+00
1.096649999999999903e+00 0.000000000000000000e+00 3.851999999999999869e-02 0.000000000000000000e+00 9.220300000000000162e-01 0.000000000000000000e+00 5.659999999999999754e-02 0.000000000000000000e+00 7.145899999999999475e-01
1.096649999999999903e+00 0.000000000000000000e+00 3.851999999999999869e-02 0.000000000000000000e+00 9.220300000000000162e-01 0.000000000000000000e+00 5.659999999999999754e-02 0.000000000000000000e+00 7.145899999999999475e-01
1.463400000000000034e+00 0.000000000000000000e+00 -1.548700000000000077e-01 0.000000000000000000e+00 2.110139999999999905e+00 0.000000000000000000e+00 -1.534099999999999908e-01 0.000000000000000000e+00 1.552130000000000010e+00
1.463400000000000034e+00 0.000000000000000000e+00 -1.548700000000000077e-01 0.000000000000000000e+00 2.110139999999999905e+00 0.000000000000000000e+00 -1.534099999999999908e-01 0.000000000000000000e+00 1.552130000000000010e+00
-1.543449999999999989e+00 -0.000000000000000000e+00 7.463999999999999801e-02 -0.000000000000000000e+00 -2.484430000000000138e+00 -0.000000000000000000e+00 1.242400000000000032e-01 -0.000000000000000000e+00 -1.822990000000000110e+00
-1.543449999999999989e+00 -0.000000000000000000e+00 7.463999999999999801e-02 -0.000000000000000000e+00 -2.484430000000000138e+00 -0.000000000000000000e+00 1.242400000000000032e-01 -0.000000000000000000e+00 -1.822990000000000110e+00
-2.195720000000000116e+00 -0.000000000000000000e+00 -1.144000000000000052e-02 -0.000000000000000000e+00 -1.623669999999999947e+00 -0.000000000000000000e+00 -8.043000000000000149e-02 -0.000000000000000000e+00 -1.800400000000000000e+00
-2.195720000000000116e+00 -0.000000000000000000e+00 -1.144000000000000052e-02 -0.000000000000000000e+00 -1.623669999999999947e+00 -0.000000000000000000e+00 -8.043000000000000149e-02 -0.000000000000000000e+00 -1.800400000000000000e+00
