-3.788907822005224690e-02
-3.788907821985277452e-02
-2.315676925485784382e-02
1.397011797068256733e+00
1.973244482316200532e+00
1.973244482316214077e+00
2.414739628124982218e+00
2.723413728331545158e+00
2.723413728331552708e+00
2.753729418887748359e+00
2.753729418887763014e+00
3.206329823691909997e+00
3.724204252391188685e+00
4.196278475359561000e+00
4.357065492297423681e+00
4.357065492297425457e+00
4.478348087401809785e+00
4.478348087401820443e+00
4.535995049811679003e+00
4.547864952174587749e+00
4.917197831464203084e+00
5.417032477072497798e+00
6.241475806558845818e+00
6.241475806558850259e+00
7.669181084123413150e+00
7.669181084123413150e+00
7.809673772514273082e+00
8.739587400735318923e+00
8.739587400735324252e+00
9.261208958727623397e+00
9.302517502607344113e+00
9.302517502607347666e+00
9.454430157956231540e+00
9.454430157956235092e+00
1.051091882519243370e+01
1.247524196107331562e+01
1.260679608164907251e+01
1.298435081524791279e+01
1.380862874843570687e+01
1.391995630482943369e+01
1.391995630482944080e+01
1.420690277846156313e+01
1.426194266886675166e+01
1.426194266886675344e+01
1.459498340247898085e+01
1.516907729853740960e+01
2.461788613453904162e+01
2.499407664662944484e+01
2.613330123437515340e+01
2.613330123437516406e+01
2.613486261989338644e+01
2.613486261989338644e+01
2.620178184298188384e+01
2.782974676585583751e+01
