-5.311965084182581481e-02
-2.672390274050178219e-02
-2.275157719935304648e-02
2.518456418022483767e+00
3.048319105726188472e+00
3.270195384984173614e+00
3.424830035548465546e+00
3.848784093757120495e+00
4.020456612326069212e+00
4.223366350215119525e+00
4.312252591011021430e+00
4.441451464845965091e+00
4.726248315944788558e+00
4.837927367831370340e+00
4.889796387711873749e+00
5.290474332536171609e+00
5.431648315357602286e+00
5.576979692734542304e+00
5.594766593658969889e+00
5.864733205112407255e+00
5.932474229399028687e+00
6.059949546768422124e+00
6.292948887306430983e+00
6.488683036840688700e+00
6.596126102610732289e+00
6.727287062299292408e+00
6.978264799677281971e+00
7.010569852297742877e+00
7.050805247317065927e+00
7.269599520189074404e+00
7.438878337547439656e+00
7.537032457610898462e+00
7.929817106821899664e+00
8.050463894763488781e+00
8.135663086356359486e+00
8.369509140401452996e+00
8.466571713263114418e+00
8.693508001688091014e+00
8.876354669959516386e+00
9.203500620518958897e+00
9.204501052787078308e+00
9.346952073055980748e+00
9.360022794205274721e+00
9.664306078099505370e+00
1.037455195143896880e+01
1.120344022383227767e+01
1.711033307410901116e+01
1.723235363382126550e+01
1.759905367063357318e+01
1.801127114845059296e+01
1.842409595124915711e+01
1.903223653909193658e+01
1.915434542328509693e+01
1.929287957765052752e+01
