-2.204334689268650643e-02
-2.204334689176193005e-02
-2.204334689082998455e-02
1.960900917098235219e+00
1.960900917098236107e+00
1.960900917098249208e+00
2.338655673976035132e+00
2.338655673976035576e+00
2.338655673976045346e+00
2.482952769183772279e+00
2.482952769183778052e+00
2.735423456060326775e+00
4.002419451896901847e+00
4.002419451896905400e+00
4.002419451896907177e+00
4.159890829764954390e+00
4.159890829764955278e+00
4.159890829764957942e+00
4.357114577410134970e+00
4.598723303728385225e+00
4.598723303728388778e+00
4.598723303728392331e+00
5.240440165213998469e+00
5.240440165213998469e+00
5.240440165214001134e+00
5.271008303016004426e+00
5.271008303016005314e+00
5.271008303016010643e+00
5.378189258385146942e+00
5.378189258385149607e+00
5.638005746735527346e+00
5.638005746735529122e+00
5.638005746735532675e+00
5.732513442403496917e+00
5.732513442403502246e+00
5.732513442403506687e+00
5.808464312042826982e+00
6.099457875872190904e+00
6.099457875872192680e+00
6.099457875872195345e+00
6.139646441388217468e+00
6.578358712809673214e+00
6.578358712809678543e+00
6.578358712809678543e+00
6.734867164356273861e+00
6.734867164356274749e+00
6.734867164356276525e+00
7.005284803486494738e+00
7.005284803486498291e+00
7.070702242199429222e+00
7.070702242199430998e+00
7.179417011840529383e+00
7.179417011840532936e+00
7.179417011840534713e+00
7.210508718807206563e+00
7.210508718807206563e+00
7.210508718807207451e+00
7.510197572892225892e+00
7.848621296165861239e+00
7.848621296165861239e+00
8.388832711798817954e+00
8.388832711798819730e+00
8.388832711798825059e+00
9.109064130667359649e+00
9.127677842332435176e+00
9.127677842332440505e+00
9.339225370218436240e+00
9.339225370218436240e+00
9.339225370218438016e+00
9.566050251854859354e+00
9.566050251854859354e+00
9.566050251854861131e+00
1.619616049891261156e+01
1.619616049891261511e+01
1.619616049891262222e+01
1.701194223368542069e+01
1.701194223368542069e+01
1.701194223368542779e+01
1.717428386360484893e+01
1.717428386360485959e+01
1.771234276238604721e+01
1.771234276238605432e+01
1.771234276238607563e+01
1.867605963342314368e+01
