2.647149999999999892e+00 -0.000000000000000000e+00 -0.000000000000000000e+00 -0.000000000000000000e+00 2.647149999999999892e+00 0.000000000000000000e+00 -0.000000000000000000e+00 -0.000000000000000000e+00 3.113710000000000200e+00
2.647149999999999892e+00 -0.000000000000000000e+00 0.000000000000000000e+00 -0.000000000000000000e+00 2.647149999999999892e+00 0.000000000000000000e+00 -0.000000000000000000e+00 -0.000000000000000000e+00 3.113710000000000200e+00
3.060540000000000038e+00 -0.000000000000000000e+00 0.000000000000000000e+00 -0.000000000000000000e+00 3.060540000000000038e+00 0.000000000000000000e+00 0.000000000000000000e+00 -0.000000000000000000e+00 2.095450000000000035e+00
7.109119999999999884e+00 -0.000000000000000000e+00 0.000000000000000000e+00 -0.000000000000000000e+00 7.109119999999999884e+00 -0.000000000000000000e+00 -0.000000000000000000e+00 0.000000000000000000e+00 6.529090000000000060e+00
7.109119999999999884e+00 -0.000000000000000000e+00 0.000000000000000000e+00 -0.000000000000000000e+00 7.109119999999999884e+00 0.000000000000000000e+00 -0.000000000000000000e+00 0.000000000000000000e+00 6.529090000000000060e+00
3.114660000000000206e+00 -0.000000000000000000e+00 0.000000000000000000e+00 -0.000000000000000000e+00 3.114660000000000206e+00 -0.000000000000000000e+00 0.000000000000000000e+00 -0.000000000000000000e+00 3.285789999999999988e+00
-3.033599999999999852e+00 5.927700000000000191e-01 7.351600000000000357e-01 5.927700000000000191e-01 -2.349130000000000162e+00 -4.244399999999999840e-01 8.420499999999999652e-01 -4.861599999999999810e-01 -2.633459999999999912e+00
-2.006889999999999841e+00 0.000000000000000000e+00 -0.000000000000000000e+00 0.000000000000000000e+00 -3.375830000000000108e+00 8.488900000000000334e-01 -0.000000000000000000e+00 9.723100000000000076e-01 -2.633459999999999912e+00
-3.033599999999999852e+00 -5.927700000000000191e-01 -7.351600000000000357e-01 -5.927700000000000191e-01 -2.349130000000000162e+00 -4.244399999999999840e-01 -8.420499999999999652e-01 -4.861599999999999810e-01 -2.633459999999999912e+00
-3.033599999999999852e+00 -5.927700000000000191e-01 -7.351600000000000357e-01 -5.927700000000000191e-01 -2.349130000000000162e+00 -4.244399999999999840e-01 -8.420499999999999652e-01 -4.861599999999999810e-01 -2.633459999999999912e+00
-2.006889999999999841e+00 0.000000000000000000e+00 -0.000000000000000000e+00 0.000000000000000000e+00 -3.375830000000000108e+00 8.488900000000000334e-01 -0.000000000000000000e+00 9.723100000000000076e-01 -2.633459999999999912e+00
-3.033599999999999852e+00 5.927700000000000191e-01 7.351600000000000357e-01 5.927700000000000191e-01 -2.349130000000000162e+00 -4.244399999999999840e-01 8.420499999999999652e-01 -4.861599999999999810e-01 -2.633459999999999912e+00
-1.899329999999999963e+00 0.000000000000000000e+00 -0.000000000000000000e+00 0.000000000000000000e+00 -4.460390000000000299e+00 1.933179999999999898e+00 -0.000000000000000000e+00 1.498159999999999936e+00 -2.955360000000000209e+00
-3.820120000000000182e+00 -1.108970000000000011e+00 -1.674190000000000067e+00 -1.108970000000000011e+00 -2.539590000000000014e+00 -9.665899999999999492e-01 -1.297439999999999927e+00 -7.490799999999999681e-01 -2.955360000000000209e+00
-3.820120000000000182e+00 1.108970000000000011e+00 1.674190000000000067e+00 1.108970000000000011e+00 -2.539590000000000014e+00 -9.665899999999999492e-01 1.297439999999999927e+00 -7.490799999999999681e-01 -2.955360000000000209e+00
