2.936770000000000103e+00 0.000000000000000000e+00 0.000000000000000000e+00 0.000000000000000000e+00 2.936770000000000103e+00 0.000000000000000000e+00 0.000000000000000000e+00 0.000000000000000000e+00 2.294869999999999965e+00
2.936770000000000103e+00 0.000000000000000000e+00 0.000000000000000000e+00 0.000000000000000000e+00 2.936770000000000103e+00 0.000000000000000000e+00 -0.000000000000000000e+00 0.000000000000000000e+00 2.294869999999999965e+00
3.167860000000000120e+00 -5.725599999999999579e-01 0.000000000000000000e+00 -2.729599999999999804e-01 3.234189999999999898e+00 0.000000000000000000e+00 0.000000000000000000e+00 0.000000000000000000e+00 3.155489999999999906e+00
2.851480000000000015e+00 9.030000000000000526e-02 -0.000000000000000000e+00 3.899000000000000243e-01 3.550570000000000004e+00 0.000000000000000000e+00 -0.000000000000000000e+00 0.000000000000000000e+00 3.155489999999999906e+00
3.583730000000000082e+00 3.286000000000000032e-02 0.000000000000000000e+00 3.324599999999999778e-01 2.818319999999999936e+00 0.000000000000000000e+00 -0.000000000000000000e+00 0.000000000000000000e+00 3.155489999999999906e+00
3.167860000000000120e+00 5.725599999999999579e-01 0.000000000000000000e+00 2.729599999999999804e-01 3.234189999999999898e+00 0.000000000000000000e+00 0.000000000000000000e+00 0.000000000000000000e+00 3.155489999999999906e+00
3.583730000000000082e+00 -3.286000000000000032e-02 0.000000000000000000e+00 -3.324599999999999778e-01 2.818319999999999936e+00 0.000000000000000000e+00 -0.000000000000000000e+00 0.000000000000000000e+00 3.155489999999999906e+00
2.851480000000000015e+00 -9.030000000000000526e-02 0.000000000000000000e+00 -3.899000000000000243e-01 3.550570000000000004e+00 0.000000000000000000e+00 0.000000000000000000e+00 0.000000000000000000e+00 3.155489999999999906e+00
3.943999999999999950e+00 0.000000000000000000e+00 0.000000000000000000e+00 0.000000000000000000e+00 3.943999999999999950e+00 0.000000000000000000e+00 0.000000000000000000e+00 0.000000000000000000e+00 4.399479999999999613e+00
3.943999999999999950e+00 0.000000000000000000e+00 0.000000000000000000e+00 0.000000000000000000e+00 3.943999999999999950e+00 0.000000000000000000e+00 -0.000000000000000000e+00 0.000000000000000000e+00 4.399479999999999613e+00
-1.645199999999999996e+00 -1.261400000000000021e-01 -6.566899999999999959e-01 -2.092600000000000016e-01 -1.742340000000000000e+00 -2.344900000000000040e-01 -6.192800000000000527e-01 -1.320000000000000062e-01 -2.151029999999999998e+00
-1.572820000000000107e+00 -1.674700000000000077e-01 1.252699999999999925e-01 -8.436000000000000443e-02 -1.814720000000000111e+00 -6.859499999999999487e-01 1.953199999999999936e-01 -6.023100000000000120e-01 -2.151029999999999998e+00
-1.863289999999999891e+00 8.333999999999999742e-02 5.314200000000000035e-01 2.300000000000000070e-04 -1.524250000000000105e+00 -4.514599999999999724e-01 4.239499999999999935e-01 -4.703100000000000058e-01 -2.151029999999999998e+00
-1.572820000000000107e+00 1.674700000000000077e-01 1.252699999999999925e-01 8.436000000000000443e-02 -1.814720000000000111e+00 6.859499999999999487e-01 1.953199999999999936e-01 6.023100000000000120e-01 -2.151029999999999998e+00
-1.863289999999999891e+00 8.333999999999999742e-02 -5.314200000000000035e-01 2.300000000000000070e-04 -1.524250000000000105e+00 4.514599999999999724e-01 -4.239499999999999935e-01 4.703100000000000058e-01 -2.151029999999999998e+00
-1.572820000000000107e+00 1.674700000000000077e-01 -1.252699999999999925e-01 8.436000000000000443e-02 -1.814720000000000111e+00 -6.859499999999999487e-01 -1.953199999999999936e-01 -6.023100000000000120e-01 -2.151029999999999998e+00
-1.645199999999999996e+00 -1.261400000000000021e-01 6.566899999999999959e-01 -2.092600000000000016e-01 -1.742340000000000000e+00 2.344900000000000040e-01 6.192800000000000527e-01 1.320000000000000062e-01 -2.151029999999999998e+00
-1.645199999999999996e+00 1.261400000000000021e-01 6.566899999999999959e-01 2.092600000000000016e-01 -1.742340000000000000e+00 -2.344900000000000040e-01 6.192800000000000527e-01 -1.320000000000000062e-01 -2.151029999999999998e+00
-1.863289999999999891e+00 -8.333999999999999742e-02 -5.314200000000000035e-01 -2.300000000000000070e-04 -1.524250000000000105e+00 -4.514599999999999724e-01 -4.239499999999999935e-01 -4.703100000000000058e-01 -2.151029999999999998e+00
-1.863289999999999891e+00 -8.333999999999999742e-02 5.314200000000000035e-01 -2.300000000000000070e-04 -1.524250000000000105e+00 4.514599999999999724e-01 4.239499999999999935e-01 4.703100000000000058e-01 -2.151029999999999998e+00
-2.162529999999999841e+00 7.273300000000000320e-01 0.000000000000000000e+00 8.085599999999999454e-01 -2.051610000000000156e+00 0.000000000000000000e+00 -0.000000000000000000e+00 -0.000000000000000000e+00 -1.084889999999999910e+00
-2.744400000000000173e+00 -4.726099999999999746e-01 0.000000000000000000e+00 -3.913900000000000157e-01 -1.469740000000000046e+00 0.000000000000000000e+00 0.000000000000000000e+00 -0.000000000000000000e+00 -1.084889999999999910e+00
-1.414279999999999982e+00 -3.765600000000000058e-01 -0.000000000000000000e+00 -2.953299999999999814e-01 -2.799859999999999793e+00 0.000000000000000000e+00 0.000000000000000000e+00 0.000000000000000000e+00 -1.084889999999999910e+00
-2.744400000000000173e+00 4.726099999999999746e-01 0.000000000000000000e+00 3.913900000000000157e-01 -1.469740000000000046e+00 0.000000000000000000e+00 0.000000000000000000e+00 0.000000000000000000e+00 -1.084889999999999910e+00
-2.162529999999999841e+00 -7.273300000000000320e-01 0.000000000000000000e+00 -8.085599999999999454e-01 -2.051610000000000156e+00 0.000000000000000000e+00 0.000000000000000000e+00 -0.000000000000000000e+00 -1.084889999999999910e+00
-1.414279999999999982e+00 3.765600000000000058e-01 0.000000000000000000e+00 2.953299999999999814e-01 -2.799859999999999793e+00 0.000000000000000000e+00 -0.000000000000000000e+00 -0.000000000000000000e+00 -1.084889999999999910e+00
-1.572820000000000107e+00 -1.674700000000000077e-01 -1.252699999999999925e-01 -8.436000000000000443e-02 -1.814720000000000111e+00 6.859499999999999487e-01 -1.953199999999999936e-01 6.023100000000000120e-01 -2.151029999999999998e+00
-1.645199999999999996e+00 1.261400000000000021e-01 -6.566899999999999959e-01 2.092600000000000016e-01 -1.742340000000000000e+00 2.344900000000000040e-01 -6.192800000000000527e-01 1.320000000000000062e-01 -2.151029999999999998e+00
