-1.191056771153330696e-01
-3.831027456049504887e-03
-3.831027449623705325e-03
2.016738545081418366e+00
2.016738545081449896e+00
2.775468266649443461e+00
2.775468266649455895e+00
3.590868135948365403e+00
3.590868135948386275e+00
3.907345181762963193e+00
3.907345181762964970e+00
4.115969158352772439e+00
4.143633536565607400e+00
4.584231592103827246e+00
4.753705047223710345e+00
4.753705047223718339e+00
4.812744961451927317e+00
5.675283431011280300e+00
5.675283431011284740e+00
6.165916204240502907e+00
6.165916204240504683e+00
7.160107404293561295e+00
7.160107404293562183e+00
8.579613785197667042e+00
8.579613785197672371e+00
8.594121056825883898e+00
9.276135776338144012e+00
1.146916615273834772e+01
1.270949920169416991e+01
1.754338105215904164e+01
1.754338105215904164e+01
1.781090435810743955e+01
1.791936914977138784e+01
1.791936914977138784e+01
2.321139522388968501e+01
2.355124950592300337e+01
