2.556259999999999977e+00 9.003999999999999504e-02 3.089999999999999865e-03 9.468000000000000027e-02 2.481910000000000061e+00 -1.699999999999999905e-03 -1.699999999999999905e-03 -1.100000000000000066e-03 2.464789999999999814e+00
2.556259999999999977e+00 -9.003999999999999504e-02 3.089999999999999865e-03 -9.468000000000000027e-02 2.481910000000000061e+00 1.699999999999999905e-03 -1.699999999999999905e-03 1.100000000000000066e-03 2.464789999999999814e+00
2.556259999999999977e+00 9.003999999999999504e-02 3.089999999999999865e-03 9.468000000000000027e-02 2.481910000000000061e+00 -1.699999999999999905e-03 -1.699999999999999905e-03 -1.100000000000000066e-03 2.464789999999999814e+00
2.556259999999999977e+00 -9.003999999999999504e-02 3.089999999999999865e-03 -9.468000000000000027e-02 2.481910000000000061e+00 1.699999999999999905e-03 -1.699999999999999905e-03 1.100000000000000066e-03 2.464789999999999814e+00
4.489449999999999719e+00 1.957200000000000051e-01 -3.525900000000000145e-01 -1.410599999999999909e-01 4.419760000000000133e+00 4.388999999999999846e-02 2.640100000000000224e-01 6.297999999999999432e-02 4.455350000000000144e+00
4.489449999999999719e+00 -1.957200000000000051e-01 -3.525900000000000145e-01 1.410599999999999909e-01 4.419760000000000133e+00 -4.388999999999999846e-02 2.640100000000000224e-01 -6.297999999999999432e-02 4.455350000000000144e+00
5.078050000000000175e+00 -1.551400000000000001e-01 2.985300000000000176e-01 1.204299999999999954e-01 5.080759999999999721e+00 3.957999999999999713e-02 -2.219700000000000006e-01 5.603999999999999954e-02 5.093449999999999811e+00
5.078050000000000175e+00 1.551400000000000001e-01 2.985300000000000176e-01 -1.204299999999999954e-01 5.080759999999999721e+00 -3.957999999999999713e-02 -2.219700000000000006e-01 -5.603999999999999954e-02 5.093449999999999811e+00
-2.673109999999999875e+00 -8.290199999999999791e-01 4.250000000000000305e-02 -8.289900000000000047e-01 -2.747170000000000112e+00 7.338000000000000078e-02 3.080000000000000099e-02 4.207000000000000323e-02 -1.858899999999999997e+00
-2.673109999999999875e+00 8.290199999999999791e-01 4.250000000000000305e-02 8.289900000000000047e-01 -2.747170000000000112e+00 -7.338000000000000078e-02 3.080000000000000099e-02 -4.207000000000000323e-02 -1.858899999999999997e+00
-2.673109999999999875e+00 -8.290199999999999791e-01 4.250000000000000305e-02 -8.289900000000000047e-01 -2.747170000000000112e+00 7.338000000000000078e-02 3.080000000000000099e-02 4.207000000000000323e-02 -1.858899999999999997e+00
-2.673109999999999875e+00 8.290199999999999791e-01 4.250000000000000305e-02 8.289900000000000047e-01 -2.747170000000000112e+00 -7.338000000000000078e-02 3.080000000000000099e-02 -4.207000000000000323e-02 -1.858899999999999997e+00
-2.728629999999999889e+00 -8.049899999999999833e-01 1.246000000000000059e-02 -8.511800000000000477e-01 -2.676270000000000149e+00 1.455000000000000043e-02 1.443000000000000012e-02 -2.687000000000000152e-02 -1.856970000000000010e+00
-2.728629999999999889e+00 8.049899999999999833e-01 1.246000000000000059e-02 8.511800000000000477e-01 -2.676270000000000149e+00 -1.455000000000000043e-02 1.443000000000000012e-02 2.687000000000000152e-02 -1.856970000000000010e+00
-2.728629999999999889e+00 -8.049899999999999833e-01 1.246000000000000059e-02 -8.511800000000000477e-01 -2.676270000000000149e+00 1.455000000000000043e-02 1.443000000000000012e-02 -2.687000000000000152e-02 -1.856970000000000010e+00
-2.728629999999999889e+00 8.049899999999999833e-01 1.246000000000000059e-02 8.511800000000000477e-01 -2.676270000000000149e+00 -1.455000000000000043e-02 1.443000000000000012e-02 2.687000000000000152e-02 -1.856970000000000010e+00
-1.938280000000000003e+00 -1.949000000000000038e-02 -3.101999999999999896e-02 -5.292999999999999788e-02 -1.808729999999999949e+00 1.100000000000000066e-03 -6.454999999999999627e-02 1.516999999999999946e-02 -3.523330000000000073e+00
-1.938280000000000003e+00 1.949000000000000038e-02 -3.101999999999999896e-02 5.292999999999999788e-02 -1.808729999999999949e+00 -1.100000000000000066e-03 -6.454999999999999627e-02 -1.516999999999999946e-02 -3.523330000000000073e+00
-1.938280000000000003e+00 -1.949000000000000038e-02 -3.101999999999999896e-02 -5.292999999999999788e-02 -1.808729999999999949e+00 1.100000000000000066e-03 -6.454999999999999627e-02 1.516999999999999946e-02 -3.523330000000000073e+00
-1.938280000000000003e+00 1.949000000000000038e-02 -3.101999999999999896e-02 5.292999999999999788e-02 -1.808729999999999949e+00 -1.100000000000000066e-03 -6.454999999999999627e-02 -1.516999999999999946e-02 -3.523330000000000073e+00
