-1.712361503726411438e-01
-1.245965027939832520e-01
-7.396656213342650554e-02
4.935568368667918038e-01
1.095593261498838400e+00
1.145755019532600505e+00
1.187914389552666483e+00
1.284340010600001136e+00
1.381019872371513912e+00
1.408619987811106089e+00
1.412826070559365821e+00
1.471335532690160708e+00
1.638518915366742101e+00
1.678479569598046339e+00
1.713226463584916370e+00
1.732617704199029829e+00
1.786221587602093708e+00
1.796156798254739728e+00
1.824894757707495430e+00
1.844078174511918355e+00
1.954073512393362355e+00
1.968392054896054510e+00
2.006013181723951710e+00
2.042364168798172841e+00
2.102728797577985365e+00
2.132606888204679585e+00
2.146663399472573897e+00
2.151502952238707245e+00
2.186664921253396621e+00
2.254313212315282033e+00
2.270185231642678048e+00
2.291264635119069748e+00
2.433346396454108440e+00
2.564101814695492809e+00
2.618850671979823019e+00
2.632813389887300293e+00
2.668437825997532542e+00
2.785525879994692033e+00
2.942349310885239877e+00
3.014771691342767568e+00
3.019189338738943906e+00
3.038769213777789968e+00
3.129518621474862261e+00
3.162366703122200029e+00
3.198804433119391000e+00
3.291263081239468313e+00
3.503385335159922231e+00
3.527294633132088020e+00
3.548756588340772122e+00
3.677816386346631994e+00
4.301156104361905541e+00
4.499114579696706251e+00
4.589922586921582948e+00
4.590323381704449091e+00
5.967140252018841906e+00
6.269513875367560551e+00
6.328240899304301337e+00
6.593311783213112953e+00
6.737401297624222352e+00
6.814699714381395879e+00
7.297044562630071951e+00
7.305676858153308473e+00
7.605648550457206447e+00
7.821856502413844225e+00
8.704018729874714921e+00
8.782133185716084256e+00
8.833530426245145506e+00
9.082225091377472026e+00
9.272052487298445556e+00
9.363942612423862499e+00
9.493555159726533077e+00
9.592102387301824962e+00
9.952863489994559387e+00
1.005070595220124119e+01
1.055465652318051362e+01
1.124681985649225346e+01
1.967766171533357777e+01
1.969667193120354298e+01
2.052251597664919558e+01
2.057685405408997426e+01
2.060489210319494546e+01
2.061453413601446272e+01
2.065096891014060887e+01
2.072369752146573063e+01
2.078845703289989899e+01
2.135702438053488805e+01
2.145172698853760807e+01
2.150856207030803802e+01
2.323261167914161973e+01
2.324001756744089420e+01
