3.842630000000000212e+00 -4.430100000000000149e-01 7.663000000000000367e-02 -4.430100000000000149e-01 3.842630000000000212e+00 -7.663000000000000367e-02 1.923100000000000087e-01 -1.923100000000000087e-01 3.406540000000000123e+00
3.842630000000000212e+00 4.430100000000000149e-01 -7.663000000000000367e-02 4.430100000000000149e-01 3.842630000000000212e+00 -7.663000000000000367e-02 -1.923100000000000087e-01 -1.923100000000000087e-01 3.406540000000000123e+00
3.842630000000000212e+00 4.430100000000000149e-01 7.663000000000000367e-02 4.430100000000000149e-01 3.842630000000000212e+00 7.663000000000000367e-02 1.923100000000000087e-01 1.923100000000000087e-01 3.406540000000000123e+00
3.842630000000000212e+00 -4.430100000000000149e-01 -7.663000000000000367e-02 -4.430100000000000149e-01 3.842630000000000212e+00 7.663000000000000367e-02 -1.923100000000000087e-01 1.923100000000000087e-01 3.406540000000000123e+00
1.641699999999999937e+00 -2.523999999999999855e-02 9.629999999999999671e-03 -2.523999999999999855e-02 1.641699999999999937e+00 9.629999999999999671e-03 -1.244399999999999951e-01 -1.244399999999999951e-01 2.045589999999999797e+00
1.641699999999999937e+00 2.523999999999999855e-02 -9.629999999999999671e-03 2.523999999999999855e-02 1.641699999999999937e+00 9.629999999999999671e-03 1.244399999999999951e-01 -1.244399999999999951e-01 2.045589999999999797e+00
1.641699999999999937e+00 2.523999999999999855e-02 9.629999999999999671e-03 2.523999999999999855e-02 1.641699999999999937e+00 -9.629999999999999671e-03 -1.244399999999999951e-01 1.244399999999999951e-01 2.045589999999999797e+00
1.641699999999999937e+00 -2.523999999999999855e-02 -9.629999999999999671e-03 -2.523999999999999855e-02 1.641699999999999937e+00 -9.629999999999999671e-03 1.244399999999999951e-01 1.244399999999999951e-01 2.045589999999999797e+00
3.366120000000000001e+00 9.883999999999999730e-02 0.000000000000000000e+00 -9.883999999999999730e-02 3.366120000000000001e+00 -0.000000000000000000e+00 0.000000000000000000e+00 0.000000000000000000e+00 3.325489999999999835e+00
3.366120000000000001e+00 -9.883999999999999730e-02 0.000000000000000000e+00 9.883999999999999730e-02 3.366120000000000001e+00 -0.000000000000000000e+00 0.000000000000000000e+00 0.000000000000000000e+00 3.325489999999999835e+00
-1.901920000000000055e+00 2.026900000000000091e-01 2.998999999999999999e-01 1.268100000000000060e-01 -2.098149999999999959e+00 -2.141399999999999970e-01 2.587400000000000255e-01 -2.847100000000000186e-01 -1.909629999999999939e+00
-2.098149999999999959e+00 -1.268100000000000060e-01 -2.141399999999999970e-01 -2.026900000000000091e-01 -1.901920000000000055e+00 -2.998999999999999999e-01 -2.847100000000000186e-01 -2.587400000000000255e-01 -1.909629999999999939e+00
-2.098149999999999959e+00 -1.268100000000000060e-01 2.141399999999999970e-01 -2.026900000000000091e-01 -1.901920000000000055e+00 2.998999999999999999e-01 2.847100000000000186e-01 2.587400000000000255e-01 -1.909629999999999939e+00
-1.901920000000000055e+00 2.026900000000000091e-01 -2.998999999999999999e-01 1.268100000000000060e-01 -2.098149999999999959e+00 2.141399999999999970e-01 -2.587400000000000255e-01 2.847100000000000186e-01 -1.909629999999999939e+00
-1.901920000000000055e+00 -2.026900000000000091e-01 -2.998999999999999999e-01 -1.268100000000000060e-01 -2.098149999999999959e+00 -2.141399999999999970e-01 -2.587400000000000255e-01 -2.847100000000000186e-01 -1.909629999999999939e+00
-1.901920000000000055e+00 -2.026900000000000091e-01 2.998999999999999999e-01 -1.268100000000000060e-01 -2.098149999999999959e+00 2.141399999999999970e-01 2.587400000000000255e-01 2.847100000000000186e-01 -1.909629999999999939e+00
-2.098149999999999959e+00 1.268100000000000060e-01 -2.141399999999999970e-01 2.026900000000000091e-01 -1.901920000000000055e+00 2.998999999999999999e-01 -2.847100000000000186e-01 2.587400000000000255e-01 -1.909629999999999939e+00
-2.098149999999999959e+00 1.268100000000000060e-01 2.141399999999999970e-01 2.026900000000000091e-01 -1.901920000000000055e+00 -2.998999999999999999e-01 2.847100000000000186e-01 -2.587400000000000255e-01 -1.909629999999999939e+00
-2.148680000000000145e+00 2.636299999999999755e-01 3.660000000000000059e-03 2.636299999999999755e-01 -2.148680000000000145e+00 -3.660000000000000059e-03 3.599999999999999901e-03 -3.599999999999999901e-03 -2.217220000000000191e+00
-2.148680000000000145e+00 -2.636299999999999755e-01 -3.660000000000000059e-03 -2.636299999999999755e-01 -2.148680000000000145e+00 -3.660000000000000059e-03 -3.599999999999999901e-03 -3.599999999999999901e-03 -2.217220000000000191e+00
-2.148680000000000145e+00 -2.636299999999999755e-01 3.660000000000000059e-03 -2.636299999999999755e-01 -2.148680000000000145e+00 3.660000000000000059e-03 3.599999999999999901e-03 3.599999999999999901e-03 -2.217220000000000191e+00
-2.148680000000000145e+00 2.636299999999999755e-01 -3.660000000000000059e-03 2.636299999999999755e-01 -2.148680000000000145e+00 3.660000000000000059e-03 -3.599999999999999901e-03 3.599999999999999901e-03 -2.217220000000000191e+00
-2.037279999999999980e+00 4.068999999999999700e-02 0.000000000000000000e+00 4.068999999999999700e-02 -2.037279999999999980e+00 -0.000000000000000000e+00 0.000000000000000000e+00 0.000000000000000000e+00 -2.156789999999999985e+00
-2.037279999999999980e+00 -4.068999999999999700e-02 0.000000000000000000e+00 -4.068999999999999700e-02 -2.037279999999999980e+00 0.000000000000000000e+00 0.000000000000000000e+00 0.000000000000000000e+00 -2.156789999999999985e+00
