1.532869999999999955e+00 -1.182000000000000065e-02 0.000000000000000000e+00 1.182000000000000065e-02 1.532869999999999955e+00 -0.000000000000000000e+00 0.000000000000000000e+00 0.000000000000000000e+00 1.092009999999999925e+00
1.532869999999999955e+00 -1.182000000000000065e-02 0.000000000000000000e+00 1.182000000000000065e-02 1.532869999999999955e+00 0.000000000000000000e+00 0.000000000000000000e+00 0.000000000000000000e+00 1.092009999999999925e+00
1.532869999999999955e+00 -1.182000000000000065e-02 0.000000000000000000e+00 1.182000000000000065e-02 1.532869999999999955e+00 -0.000000000000000000e+00 0.000000000000000000e+00 0.000000000000000000e+00 1.092009999999999925e+00
1.532869999999999955e+00 -1.182000000000000065e-02 -0.000000000000000000e+00 1.182000000000000065e-02 1.532869999999999955e+00 0.000000000000000000e+00 0.000000000000000000e+00 0.000000000000000000e+00 1.092009999999999925e+00
5.611080000000000290e+00 9.162400000000000544e-01 -0.000000000000000000e+00 -9.162400000000000544e-01 5.611080000000000290e+00 -0.000000000000000000e+00 -0.000000000000000000e+00 0.000000000000000000e+00 7.261980000000000324e+00
5.611080000000000290e+00 9.162400000000000544e-01 0.000000000000000000e+00 -9.162400000000000544e-01 5.611080000000000290e+00 0.000000000000000000e+00 0.000000000000000000e+00 -0.000000000000000000e+00 7.261980000000000324e+00
2.977780000000000094e+00 -1.872399999999999898e-01 0.000000000000000000e+00 4.381300000000000194e-01 4.289670000000000094e+00 0.000000000000000000e+00 0.000000000000000000e+00 0.000000000000000000e+00 4.148719999999999963e+00
3.853060000000000151e+00 -9.434700000000000308e-01 0.000000000000000000e+00 -3.180999999999999939e-01 3.414400000000000102e+00 0.000000000000000000e+00 0.000000000000000000e+00 0.000000000000000000e+00 4.148719999999999963e+00
4.070339999999999847e+00 1.926599999999999979e-01 0.000000000000000000e+00 8.180199999999999694e-01 3.197119999999999962e+00 0.000000000000000000e+00 0.000000000000000000e+00 0.000000000000000000e+00 4.148719999999999963e+00
3.853060000000000151e+00 -9.434700000000000308e-01 0.000000000000000000e+00 -3.180999999999999939e-01 3.414400000000000102e+00 0.000000000000000000e+00 0.000000000000000000e+00 0.000000000000000000e+00 4.148719999999999963e+00
4.070339999999999847e+00 1.926599999999999979e-01 0.000000000000000000e+00 8.180199999999999694e-01 3.197119999999999962e+00 0.000000000000000000e+00 0.000000000000000000e+00 0.000000000000000000e+00 4.148719999999999963e+00
2.977780000000000094e+00 -1.872399999999999898e-01 0.000000000000000000e+00 4.381300000000000194e-01 4.289670000000000094e+00 0.000000000000000000e+00 0.000000000000000000e+00 0.000000000000000000e+00 4.148719999999999963e+00
-2.737049999999999983e+00 3.591500000000000248e-01 1.287320000000000020e+00 4.547100000000000031e-01 -1.375439999999999996e+00 -4.699499999999999789e-01 1.464169999999999972e+00 -4.461999999999999855e-01 -2.965380000000000127e+00
-2.068249999999999922e+00 -8.408400000000000318e-01 1.050650000000000084e+00 -7.452800000000000535e-01 -2.044230000000000214e+00 8.798799999999999955e-01 1.118500000000000050e+00 1.044910000000000005e+00 -2.965380000000000127e+00
-1.363429999999999920e+00 3.383499999999999841e-01 2.366699999999999915e-01 4.339100000000000179e-01 -2.749060000000000059e+00 -1.349830000000000085e+00 3.456699999999999773e-01 -1.491109999999999935e+00 -2.965380000000000127e+00
-1.363429999999999920e+00 3.383499999999999841e-01 -2.366699999999999915e-01 4.339100000000000179e-01 -2.749060000000000059e+00 1.349830000000000085e+00 -3.456699999999999773e-01 1.491109999999999935e+00 -2.965380000000000127e+00
-2.068249999999999922e+00 -8.408400000000000318e-01 -1.050650000000000084e+00 -7.452800000000000535e-01 -2.044230000000000214e+00 -8.798799999999999955e-01 -1.118500000000000050e+00 -1.044910000000000005e+00 -2.965380000000000127e+00
-2.737049999999999983e+00 3.591500000000000248e-01 -1.287320000000000020e+00 4.547100000000000031e-01 -1.375439999999999996e+00 4.699499999999999789e-01 -1.464169999999999972e+00 4.461999999999999855e-01 -2.965380000000000127e+00
-2.737049999999999983e+00 3.591500000000000248e-01 1.287320000000000020e+00 4.547100000000000031e-01 -1.375439999999999996e+00 -4.699499999999999789e-01 1.464169999999999972e+00 -4.461999999999999855e-01 -2.965380000000000127e+00
-2.068249999999999922e+00 -8.408400000000000318e-01 1.050650000000000084e+00 -7.452800000000000535e-01 -2.044230000000000214e+00 8.798799999999999955e-01 1.118500000000000050e+00 1.044910000000000005e+00 -2.965380000000000127e+00
-1.363429999999999920e+00 3.383499999999999841e-01 2.366699999999999915e-01 4.339100000000000179e-01 -2.749060000000000059e+00 -1.349830000000000085e+00 3.456699999999999773e-01 -1.491109999999999935e+00 -2.965380000000000127e+00
-1.363429999999999920e+00 3.383499999999999841e-01 -2.366699999999999915e-01 4.339100000000000179e-01 -2.749060000000000059e+00 1.349830000000000085e+00 -3.456699999999999773e-01 1.491109999999999935e+00 -2.965380000000000127e+00
-2.068249999999999922e+00 -8.408400000000000318e-01 -1.050650000000000084e+00 -7.452800000000000535e-01 -2.044230000000000214e+00 -8.798799999999999955e-01 -1.118500000000000050e+00 -1.044910000000000005e+00 -2.965380000000000127e+00
-2.737049999999999983e+00 3.591500000000000248e-01 -1.287320000000000020e+00 4.547100000000000031e-01 -1.375439999999999996e+00 4.699499999999999789e-01 -1.464169999999999972e+00 4.461999999999999855e-01 -2.965380000000000127e+00
-1.697969999999999979e+00 7.962500000000000133e-01 0.000000000000000000e+00 5.748199999999999976e-01 -3.129070000000000018e+00 -0.000000000000000000e+00 0.000000000000000000e+00 0.000000000000000000e+00 -1.366619999999999946e+00
-3.364990000000000148e+00 3.876299999999999746e-01 -0.000000000000000000e+00 1.661999999999999866e-01 -1.462050000000000072e+00 -0.000000000000000000e+00 0.000000000000000000e+00 0.000000000000000000e+00 -1.366619999999999946e+00
-2.177599999999999980e+00 -8.517400000000000526e-01 0.000000000000000000e+00 -1.073169999999999957e+00 -2.649439999999999795e+00 -0.000000000000000000e+00 0.000000000000000000e+00 0.000000000000000000e+00 -1.366619999999999946e+00
-2.177599999999999980e+00 -8.517400000000000526e-01 0.000000000000000000e+00 -1.073169999999999957e+00 -2.649439999999999795e+00 0.000000000000000000e+00 0.000000000000000000e+00 0.000000000000000000e+00 -1.366619999999999946e+00
-3.364990000000000148e+00 3.876299999999999746e-01 -0.000000000000000000e+00 1.661999999999999866e-01 -1.462050000000000072e+00 -0.000000000000000000e+00 0.000000000000000000e+00 0.000000000000000000e+00 -1.366619999999999946e+00
-1.697969999999999979e+00 7.962500000000000133e-01 0.000000000000000000e+00 5.748199999999999976e-01 -3.129070000000000018e+00 -0.000000000000000000e+00 0.000000000000000000e+00 0.000000000000000000e+00 -1.366619999999999946e+00
