3.047730000000000050e+00 4.966300000000000159e-01 3.884500000000000175e-01 -1.305499999999999994e-01 2.960640000000000160e+00 -1.155800000000000022e-01 2.465199999999999891e-01 1.502999999999999892e-01 2.143089999999999939e+00
3.047730000000000050e+00 -4.966300000000000159e-01 3.884500000000000175e-01 1.305499999999999994e-01 2.960640000000000160e+00 1.155800000000000022e-01 2.465199999999999891e-01 -1.502999999999999892e-01 2.143089999999999939e+00
3.047730000000000050e+00 4.966300000000000159e-01 3.884500000000000175e-01 -1.305499999999999994e-01 2.960640000000000160e+00 -1.155800000000000022e-01 2.465199999999999891e-01 1.502999999999999892e-01 2.143089999999999939e+00
3.047730000000000050e+00 -4.966300000000000159e-01 3.884500000000000175e-01 1.305499999999999994e-01 2.960640000000000160e+00 1.155800000000000022e-01 2.465199999999999891e-01 -1.502999999999999892e-01 2.143089999999999939e+00
3.221659999999999968e+00 -7.064300000000000024e-01 -4.992300000000000071e-01 1.083299999999999957e-01 3.319799999999999862e+00 -4.878199999999999759e-01 -2.846199999999999841e-01 -4.484099999999999753e-01 1.909340000000000037e+00
3.221659999999999968e+00 7.064300000000000024e-01 -4.992300000000000071e-01 -1.083299999999999957e-01 3.319799999999999862e+00 4.878199999999999759e-01 -2.846199999999999841e-01 4.484099999999999753e-01 1.909340000000000037e+00
3.221659999999999968e+00 -7.064300000000000024e-01 -4.992300000000000071e-01 1.083299999999999957e-01 3.319799999999999862e+00 -4.878199999999999759e-01 -2.846199999999999841e-01 -4.484099999999999753e-01 1.909340000000000037e+00
3.221659999999999968e+00 7.064300000000000024e-01 -4.992300000000000071e-01 -1.083299999999999957e-01 3.319799999999999862e+00 4.878199999999999759e-01 -2.846199999999999841e-01 4.484099999999999753e-01 1.909340000000000037e+00
2.803389999999999826e+00 -1.951799999999999924e-01 1.013000000000000012e-02 -2.141200000000000048e-01 3.112499999999999822e+00 -1.424400000000000110e-01 -3.039000000000000035e-02 -2.096800000000000053e-01 3.690179999999999794e+00
2.803389999999999826e+00 1.951799999999999924e-01 1.013000000000000012e-02 2.141200000000000048e-01 3.112499999999999822e+00 1.424400000000000110e-01 -3.039000000000000035e-02 2.096800000000000053e-01 3.690179999999999794e+00
2.803389999999999826e+00 -1.951799999999999924e-01 1.013000000000000012e-02 -2.141200000000000048e-01 3.112499999999999822e+00 -1.424400000000000110e-01 -3.039000000000000035e-02 -2.096800000000000053e-01 3.690179999999999794e+00
2.803389999999999826e+00 1.951799999999999924e-01 1.013000000000000012e-02 2.141200000000000048e-01 3.112499999999999822e+00 1.424400000000000110e-01 -3.039000000000000035e-02 2.096800000000000053e-01 3.690179999999999794e+00
-3.570559999999999956e+00 8.381499999999999506e-01 1.151049999999999907e+00 3.936999999999999944e-01 -1.226420000000000066e+00 -2.494399999999999951e-01 4.095000000000000029e-02 -1.734100000000000086e-01 -1.382540000000000102e+00
-3.570559999999999956e+00 -8.381499999999999506e-01 1.151049999999999907e+00 -3.936999999999999944e-01 -1.226420000000000066e+00 2.494399999999999951e-01 4.095000000000000029e-02 1.734100000000000086e-01 -1.382540000000000102e+00
-3.570559999999999956e+00 8.381499999999999506e-01 1.151049999999999907e+00 3.936999999999999944e-01 -1.226420000000000066e+00 -2.494399999999999951e-01 4.095000000000000029e-02 -1.734100000000000086e-01 -1.382540000000000102e+00
-3.570559999999999956e+00 -8.381499999999999506e-01 1.151049999999999907e+00 -3.936999999999999944e-01 -1.226420000000000066e+00 2.494399999999999951e-01 4.095000000000000029e-02 1.734100000000000086e-01 -1.382540000000000102e+00
-1.700779999999999959e+00 -7.854200000000000070e-01 -8.540999999999999981e-02 -1.073509999999999964e+00 -3.102819999999999911e+00 8.323800000000000088e-01 2.811299999999999910e-01 6.351200000000000179e-01 -1.478920000000000012e+00
-1.700779999999999959e+00 7.854200000000000070e-01 -8.540999999999999981e-02 1.073509999999999964e+00 -3.102819999999999911e+00 -8.323800000000000088e-01 2.811299999999999910e-01 -6.351200000000000179e-01 -1.478920000000000012e+00
-1.700779999999999959e+00 -7.854200000000000070e-01 -8.540999999999999981e-02 -1.073509999999999964e+00 -3.102819999999999911e+00 8.323800000000000088e-01 2.811299999999999910e-01 6.351200000000000179e-01 -1.478920000000000012e+00
-1.700779999999999959e+00 7.854200000000000070e-01 -8.540999999999999981e-02 1.073509999999999964e+00 -3.102819999999999911e+00 -8.323800000000000088e-01 2.811299999999999910e-01 -6.351200000000000179e-01 -1.478920000000000012e+00
-1.526540000000000008e+00 -1.140409999999999924e+00 -4.096099999999999741e-01 -7.221800000000000441e-01 -2.822049999999999947e+00 -7.363100000000000200e-01 -6.729999999999999871e-02 -2.815300000000000025e-01 -2.499810000000000088e+00
-1.526540000000000008e+00 1.140409999999999924e+00 -4.096099999999999741e-01 7.221800000000000441e-01 -2.822049999999999947e+00 7.363100000000000200e-01 -6.729999999999999871e-02 2.815300000000000025e-01 -2.499810000000000088e+00
-1.526540000000000008e+00 -1.140409999999999924e+00 -4.096099999999999741e-01 -7.221800000000000441e-01 -2.822049999999999947e+00 -7.363100000000000200e-01 -6.729999999999999871e-02 -2.815300000000000025e-01 -2.499810000000000088e+00
-1.526540000000000008e+00 1.140409999999999924e+00 -4.096099999999999741e-01 7.221800000000000441e-01 -2.822049999999999947e+00 7.363100000000000200e-01 -6.729999999999999871e-02 2.815300000000000025e-01 -2.499810000000000088e+00
-2.274910000000000210e+00 -1.019719999999999960e+00 -5.553700000000000303e-01 -1.108460000000000001e+00 -2.241659999999999986e+00 -7.002300000000000191e-01 -1.862999999999999934e-01 1.512100000000000111e-01 -2.381330000000000169e+00
-2.274910000000000210e+00 1.019719999999999960e+00 -5.553700000000000303e-01 1.108460000000000001e+00 -2.241659999999999986e+00 7.002300000000000191e-01 -1.862999999999999934e-01 -1.512100000000000111e-01 -2.381330000000000169e+00
-2.274910000000000210e+00 -1.019719999999999960e+00 -5.553700000000000303e-01 -1.108460000000000001e+00 -2.241659999999999986e+00 -7.002300000000000191e-01 -1.862999999999999934e-01 1.512100000000000111e-01 -2.381330000000000169e+00
-2.274910000000000210e+00 1.019719999999999960e+00 -5.553700000000000303e-01 1.108460000000000001e+00 -2.241659999999999986e+00 7.002300000000000191e-01 -1.862999999999999934e-01 -1.512100000000000111e-01 -2.381330000000000169e+00
