1.593409999999999993e+00 0.000000000000000000e+00 -4.150000000000000043e-03 0.000000000000000000e+00 1.684790000000000010e+00 0.000000000000000000e+00 -8.179999999999999771e-03 -0.000000000000000000e+00 1.956239999999999979e+00
1.593409999999999993e+00 0.000000000000000000e+00 -4.150000000000000043e-03 0.000000000000000000e+00 1.684790000000000010e+00 0.000000000000000000e+00 -8.179999999999999771e-03 -0.000000000000000000e+00 1.956239999999999979e+00
1.593409999999999993e+00 0.000000000000000000e+00 4.150000000000000043e-03 0.000000000000000000e+00 1.684790000000000010e+00 0.000000000000000000e+00 8.179999999999999771e-03 0.000000000000000000e+00 1.956239999999999979e+00
1.593409999999999993e+00 0.000000000000000000e+00 4.150000000000000043e-03 0.000000000000000000e+00 1.684790000000000010e+00 0.000000000000000000e+00 8.179999999999999771e-03 0.000000000000000000e+00 1.956239999999999979e+00
3.191969999999999974e+00 -0.000000000000000000e+00 8.949000000000000010e-02 0.000000000000000000e+00 3.013329999999999842e+00 0.000000000000000000e+00 8.416999999999999482e-02 -0.000000000000000000e+00 2.882169999999999899e+00
3.191969999999999974e+00 0.000000000000000000e+00 -8.949000000000000010e-02 0.000000000000000000e+00 3.013329999999999842e+00 0.000000000000000000e+00 -8.416999999999999482e-02 0.000000000000000000e+00 2.882169999999999899e+00
3.191969999999999974e+00 -0.000000000000000000e+00 8.949000000000000010e-02 0.000000000000000000e+00 3.013329999999999842e+00 0.000000000000000000e+00 8.416999999999999482e-02 -0.000000000000000000e+00 2.882169999999999899e+00
3.191969999999999974e+00 0.000000000000000000e+00 -8.949000000000000010e-02 0.000000000000000000e+00 3.013329999999999842e+00 0.000000000000000000e+00 -8.416999999999999482e-02 0.000000000000000000e+00 2.882169999999999899e+00
2.735939999999999817e+00 -1.611400000000000055e-01 -8.497999999999999998e-02 -1.630500000000000005e-01 2.937009999999999899e+00 1.444300000000000028e-01 -8.339000000000000579e-02 1.769100000000000117e-01 2.777260000000000062e+00
2.735939999999999817e+00 -1.611400000000000055e-01 8.497999999999999998e-02 -1.630500000000000005e-01 2.937009999999999899e+00 -1.444300000000000028e-01 8.339000000000000579e-02 -1.769100000000000117e-01 2.777260000000000062e+00
2.735939999999999817e+00 1.611400000000000055e-01 -8.497999999999999998e-02 1.630500000000000005e-01 2.937009999999999899e+00 -1.444300000000000028e-01 -8.339000000000000579e-02 -1.769100000000000117e-01 2.777260000000000062e+00
2.735939999999999817e+00 1.611400000000000055e-01 8.497999999999999998e-02 1.630500000000000005e-01 2.937009999999999899e+00 1.444300000000000028e-01 8.339000000000000579e-02 1.769100000000000117e-01 2.777260000000000062e+00
-1.841150000000000064e+00 -1.205299999999999983e-01 7.580000000000000626e-02 -1.135899999999999965e-01 -2.046780000000000044e+00 1.589200000000000057e-01 7.167999999999999372e-02 1.802199999999999913e-01 -1.800040000000000084e+00
-1.841150000000000064e+00 -1.205299999999999983e-01 -7.580000000000000626e-02 -1.135899999999999965e-01 -2.046780000000000044e+00 -1.589200000000000057e-01 -7.167999999999999372e-02 -1.802199999999999913e-01 -1.800040000000000084e+00
-1.841150000000000064e+00 1.205299999999999983e-01 7.580000000000000626e-02 1.135899999999999965e-01 -2.046780000000000044e+00 -1.589200000000000057e-01 7.167999999999999372e-02 -1.802199999999999913e-01 -1.800040000000000084e+00
-1.841150000000000064e+00 1.205299999999999983e-01 -7.580000000000000626e-02 1.135899999999999965e-01 -2.046780000000000044e+00 1.589200000000000057e-01 -7.167999999999999372e-02 1.802199999999999913e-01 -1.800040000000000084e+00
-1.841150000000000064e+00 1.205299999999999983e-01 -7.580000000000000626e-02 1.135899999999999965e-01 -2.046780000000000044e+00 1.589200000000000057e-01 -7.167999999999999372e-02 1.802199999999999913e-01 -1.800040000000000084e+00
-1.841150000000000064e+00 -1.205299999999999983e-01 7.580000000000000626e-02 -1.135899999999999965e-01 -2.046780000000000044e+00 1.589200000000000057e-01 7.167999999999999372e-02 1.802199999999999913e-01 -1.800040000000000084e+00
-1.841150000000000064e+00 1.205299999999999983e-01 7.580000000000000626e-02 1.135899999999999965e-01 -2.046780000000000044e+00 -1.589200000000000057e-01 7.167999999999999372e-02 -1.802199999999999913e-01 -1.800040000000000084e+00
-1.841150000000000064e+00 -1.205299999999999983e-01 -7.580000000000000626e-02 -1.135899999999999965e-01 -2.046780000000000044e+00 -1.589200000000000057e-01 -7.167999999999999372e-02 -1.802199999999999913e-01 -1.800040000000000084e+00
-1.763840000000000074e+00 -0.000000000000000000e+00 -4.210000000000000200e-03 0.000000000000000000e+00 -1.763290000000000024e+00 0.000000000000000000e+00 8.120000000000000481e-03 -0.000000000000000000e+00 -2.169979999999999798e+00
-1.763840000000000074e+00 -0.000000000000000000e+00 4.210000000000000200e-03 0.000000000000000000e+00 -1.763290000000000024e+00 0.000000000000000000e+00 -8.120000000000000481e-03 0.000000000000000000e+00 -2.169979999999999798e+00
-1.763840000000000074e+00 -0.000000000000000000e+00 -4.210000000000000200e-03 0.000000000000000000e+00 -1.763290000000000024e+00 0.000000000000000000e+00 8.120000000000000481e-03 0.000000000000000000e+00 -2.169979999999999798e+00
-1.763840000000000074e+00 -0.000000000000000000e+00 4.210000000000000200e-03 0.000000000000000000e+00 -1.763290000000000024e+00 0.000000000000000000e+00 -8.120000000000000481e-03 0.000000000000000000e+00 -2.169979999999999798e+00
-2.075180000000000025e+00 0.000000000000000000e+00 -1.964200000000000113e-01 0.000000000000000000e+00 -1.778280000000000083e+00 0.000000000000000000e+00 -1.890699999999999881e-01 0.000000000000000000e+00 -1.845620000000000038e+00
-2.075180000000000025e+00 0.000000000000000000e+00 1.964200000000000113e-01 0.000000000000000000e+00 -1.778280000000000083e+00 0.000000000000000000e+00 1.890699999999999881e-01 -0.000000000000000000e+00 -1.845620000000000038e+00
-2.075180000000000025e+00 0.000000000000000000e+00 -1.964200000000000113e-01 0.000000000000000000e+00 -1.778280000000000083e+00 0.000000000000000000e+00 -1.890699999999999881e-01 0.000000000000000000e+00 -1.845620000000000038e+00
-2.075180000000000025e+00 0.000000000000000000e+00 1.964200000000000113e-01 0.000000000000000000e+00 -1.778280000000000083e+00 0.000000000000000000e+00 1.890699999999999881e-01 0.000000000000000000e+00 -1.845620000000000038e+00
