-3.847439300729511846e-02
-1.355741080138628957e-02
-6.874687367444876594e-03
2.619452884929762249e+00
2.972061320391115036e+00
3.250066390080790235e+00
3.624331581615669595e+00
3.820080091610089212e+00
4.098663401553514163e+00
4.345963586641411247e+00
4.532078291967689410e+00
5.093091076454466126e+00
5.679133287559171350e+00
7.278489755814199214e+00
8.062313287948619234e+00
8.500852752448322391e+00
1.332091947916728181e+01
1.445224003598254825e+01
1.594049987398995150e+01
1.626857635987338568e+01
1.648848597932952842e+01
1.649664684437973605e+01
1.707563973512873545e+01
1.775713341592141248e+01
