4.016869999999999941e+00 -0.000000000000000000e+00 -0.000000000000000000e+00 -0.000000000000000000e+00 3.282919999999999838e+00 0.000000000000000000e+00 0.000000000000000000e+00 0.000000000000000000e+00 2.989700000000000024e+00
4.016869999999999941e+00 -0.000000000000000000e+00 -0.000000000000000000e+00 -0.000000000000000000e+00 3.282919999999999838e+00 0.000000000000000000e+00 0.000000000000000000e+00 0.000000000000000000e+00 2.989700000000000024e+00
4.115470000000000184e+00 -0.000000000000000000e+00 0.000000000000000000e+00 -0.000000000000000000e+00 3.972249999999999837e+00 1.166220000000000034e+00 -0.000000000000000000e+00 -1.031079999999999997e+00 3.671489999999999920e+00
4.115470000000000184e+00 -0.000000000000000000e+00 -0.000000000000000000e+00 -0.000000000000000000e+00 3.972249999999999837e+00 -1.166220000000000034e+00 0.000000000000000000e+00 1.031079999999999997e+00 3.671489999999999920e+00
-3.383630000000000138e+00 1.300959999999999894e+00 0.000000000000000000e+00 1.274620000000000086e+00 -1.570019999999999971e+00 0.000000000000000000e+00 0.000000000000000000e+00 0.000000000000000000e+00 -1.425969999999999960e+00
-3.383630000000000138e+00 -1.300959999999999894e+00 -0.000000000000000000e+00 -1.274620000000000086e+00 -1.570019999999999971e+00 0.000000000000000000e+00 0.000000000000000000e+00 0.000000000000000000e+00 -1.425969999999999960e+00
-3.383630000000000138e+00 1.300959999999999894e+00 0.000000000000000000e+00 1.274620000000000086e+00 -1.570019999999999971e+00 0.000000000000000000e+00 0.000000000000000000e+00 0.000000000000000000e+00 -1.425969999999999960e+00
-3.383630000000000138e+00 -1.300959999999999894e+00 -0.000000000000000000e+00 -1.274620000000000086e+00 -1.570019999999999971e+00 -0.000000000000000000e+00 0.000000000000000000e+00 0.000000000000000000e+00 -1.425969999999999960e+00
-6.825400000000000356e-01 0.000000000000000000e+00 0.000000000000000000e+00 0.000000000000000000e+00 -2.057560000000000056e+00 1.014000000000000012e+00 0.000000000000000000e+00 1.347469999999999946e+00 -1.904619999999999980e+00
-6.825400000000000356e-01 0.000000000000000000e+00 0.000000000000000000e+00 0.000000000000000000e+00 -2.057560000000000056e+00 1.014000000000000012e+00 0.000000000000000000e+00 1.347469999999999946e+00 -1.904619999999999980e+00
-6.825400000000000356e-01 0.000000000000000000e+00 -0.000000000000000000e+00 0.000000000000000000e+00 -2.057560000000000056e+00 -1.014000000000000012e+00 -0.000000000000000000e+00 -1.347469999999999946e+00 -1.904619999999999980e+00
-6.825400000000000356e-01 0.000000000000000000e+00 -0.000000000000000000e+00 0.000000000000000000e+00 -2.057560000000000056e+00 -1.014000000000000012e+00 -0.000000000000000000e+00 -1.347469999999999946e+00 -1.904619999999999980e+00
