-9.323976972455133572e-02
-8.900801595283380774e-02
-1.922824357275234458e-02
1.915275901819808224e+00
1.964576066147491140e+00
3.376200458529091897e+00
3.443938150251469210e+00
3.569692339915769619e+00
4.004665032611850251e+00
4.034856758446532687e+00
4.172323939442934559e+00
4.614713281772995224e+00
4.649269677498735653e+00
5.067579423447304166e+00
5.479836452215440801e+00
5.564304012852706371e+00
5.775670001952495802e+00
5.905105003025255428e+00
6.072504110706708147e+00
6.330379741856064335e+00
6.462313833531342588e+00
6.767433706528261261e+00
6.783354408397331170e+00
7.077471897672896084e+00
7.098188351795805318e+00
7.231938285512261366e+00
7.707080953530740075e+00
7.762005878953134541e+00
7.884310552526263116e+00
7.905638937813823652e+00
7.952834412146266629e+00
7.993045285911462905e+00
8.001216212214371737e+00
8.005051730186259817e+00
8.199388215468106367e+00
8.478533877506482241e+00
9.243858489479302776e+00
9.289254783364814472e+00
9.440648222842503046e+00
9.582277750234808877e+00
9.938625912300489418e+00
1.016150063297063255e+01
1.030359788887530215e+01
1.035445625542853954e+01
1.056678609107252953e+01
1.074924748712432887e+01
1.088607512668897925e+01
1.161954463916036318e+01
1.198073515895777952e+01
1.205208316921351219e+01
1.212118161131456162e+01
1.215069785517533596e+01
1.230503552091067476e+01
1.235146916690133523e+01
1.235509264293737886e+01
1.235786576782446033e+01
1.359901267837245342e+01
1.363798190272287236e+01
1.368472132104588823e+01
1.376343249046372463e+01
1.406706248979272900e+01
1.461558142099817914e+01
1.462765858005109010e+01
1.559055775383821896e+01
1.559810524068205240e+01
1.560891938350722086e+01
1.562239943404490639e+01
1.630058977733716574e+01
1.649587838676994167e+01
1.651584057365123215e+01
1.651709267837317441e+01
1.741561137582228014e+01
