4.589150000000000063e+00 0.000000000000000000e+00 -3.200700000000000212e-01 0.000000000000000000e+00 5.549909999999999677e+00 0.000000000000000000e+00 -2.159999999999999976e-01 0.000000000000000000e+00 4.420880000000000365e+00
4.589150000000000063e+00 0.000000000000000000e+00 -3.200700000000000212e-01 0.000000000000000000e+00 5.549909999999999677e+00 0.000000000000000000e+00 -2.159999999999999976e-01 0.000000000000000000e+00 4.420880000000000365e+00
1.774450000000000083e+00 0.000000000000000000e+00 2.121899999999999897e-01 0.000000000000000000e+00 2.368349999999999955e+00 0.000000000000000000e+00 1.289200000000000068e-01 0.000000000000000000e+00 1.734920000000000018e+00
1.774450000000000083e+00 0.000000000000000000e+00 2.121899999999999897e-01 0.000000000000000000e+00 2.368349999999999955e+00 0.000000000000000000e+00 1.289200000000000068e-01 0.000000000000000000e+00 1.734920000000000018e+00
6.376369999999999649e+00 -7.833299999999999708e-01 -4.131099999999999772e-01 1.990999999999999992e-01 5.268239999999999590e+00 -2.199500000000000066e-01 -3.146300000000000208e-01 2.487900000000000111e-01 6.400549999999999962e+00
6.376369999999999649e+00 -7.833299999999999708e-01 -4.131099999999999772e-01 1.990999999999999992e-01 5.268239999999999590e+00 -2.199500000000000066e-01 -3.146300000000000208e-01 2.487900000000000111e-01 6.400549999999999962e+00
6.376369999999999649e+00 7.833299999999999708e-01 -4.131099999999999772e-01 -1.990999999999999992e-01 5.268239999999999590e+00 2.199500000000000066e-01 -3.146300000000000208e-01 -2.487900000000000111e-01 6.400549999999999962e+00
6.376369999999999649e+00 7.833299999999999708e-01 -4.131099999999999772e-01 -1.990999999999999992e-01 5.268239999999999590e+00 2.199500000000000066e-01 -3.146300000000000208e-01 -2.487900000000000111e-01 6.400549999999999962e+00
-2.683390000000000164e+00 5.418800000000000283e-01 1.689259999999999984e+00 3.803900000000000059e-01 -1.524610000000000021e+00 -2.849700000000000011e-01 1.648919999999999941e+00 -4.279999999999999916e-01 -3.014419999999999877e+00
-2.683390000000000164e+00 5.418800000000000283e-01 1.689259999999999984e+00 3.803900000000000059e-01 -1.524610000000000021e+00 -2.849700000000000011e-01 1.648919999999999941e+00 -4.279999999999999916e-01 -3.014419999999999877e+00
-2.683390000000000164e+00 -5.418800000000000283e-01 1.689259999999999984e+00 -3.803900000000000059e-01 -1.524610000000000021e+00 2.849700000000000011e-01 1.648919999999999941e+00 4.279999999999999916e-01 -3.014419999999999877e+00
-2.683390000000000164e+00 -5.418800000000000283e-01 1.689259999999999984e+00 -3.803900000000000059e-01 -1.524610000000000021e+00 2.849700000000000011e-01 1.648919999999999941e+00 4.279999999999999916e-01 -3.014419999999999877e+00
-1.466239999999999988e+00 -5.585700000000000109e-01 -2.385599999999999943e-01 -1.212799999999999989e-01 -3.197389999999999954e+00 -1.258780000000000010e+00 -1.743099999999999927e-01 -1.283130000000000104e+00 -2.110390000000000210e+00
-1.466239999999999988e+00 -5.585700000000000109e-01 -2.385599999999999943e-01 -1.212799999999999989e-01 -3.197389999999999954e+00 -1.258780000000000010e+00 -1.743099999999999927e-01 -1.283130000000000104e+00 -2.110390000000000210e+00
-1.466239999999999988e+00 5.585700000000000109e-01 -2.385599999999999943e-01 1.212799999999999989e-01 -3.197389999999999954e+00 1.258780000000000010e+00 -1.743099999999999927e-01 1.283130000000000104e+00 -2.110390000000000210e+00
-1.466239999999999988e+00 5.585700000000000109e-01 -2.385599999999999943e-01 1.212799999999999989e-01 -3.197389999999999954e+00 1.258780000000000010e+00 -1.743099999999999927e-01 1.283130000000000104e+00 -2.110390000000000210e+00
-2.060189999999999966e+00 -1.057400000000000007e-01 -7.697000000000000508e-01 -3.410099999999999798e-01 -2.572200000000000042e+00 6.432099999999999485e-01 -6.026399999999999535e-01 5.449800000000000200e-01 -3.033249999999999780e+00
-2.060189999999999966e+00 -1.057400000000000007e-01 -7.697000000000000508e-01 -3.410099999999999798e-01 -2.572200000000000042e+00 6.432099999999999485e-01 -6.026399999999999535e-01 5.449800000000000200e-01 -3.033249999999999780e+00
-2.060189999999999966e+00 1.057400000000000007e-01 -7.697000000000000508e-01 3.410099999999999798e-01 -2.572200000000000042e+00 -6.432099999999999485e-01 -6.026399999999999535e-01 -5.449800000000000200e-01 -3.033249999999999780e+00
-2.060189999999999966e+00 1.057400000000000007e-01 -7.697000000000000508e-01 3.410099999999999798e-01 -2.572200000000000042e+00 -6.432099999999999485e-01 -6.026399999999999535e-01 -5.449800000000000200e-01 -3.033249999999999780e+00
-3.348349999999999937e+00 -1.507069999999999910e+00 -2.139500000000000013e-01 -1.401019999999999932e+00 -1.933170000000000055e+00 -3.573700000000000210e-01 -5.138000000000000345e-01 -6.210900000000000309e-01 -1.320389999999999953e+00
-3.348349999999999937e+00 -1.507069999999999910e+00 -2.139500000000000013e-01 -1.401019999999999932e+00 -1.933170000000000055e+00 -3.573700000000000210e-01 -5.138000000000000345e-01 -6.210900000000000309e-01 -1.320389999999999953e+00
-3.348349999999999937e+00 1.507069999999999910e+00 -2.139500000000000013e-01 1.401019999999999932e+00 -1.933170000000000055e+00 3.573700000000000210e-01 -5.138000000000000345e-01 6.210900000000000309e-01 -1.320389999999999953e+00
-3.348349999999999937e+00 1.507069999999999910e+00 -2.139500000000000013e-01 1.401019999999999932e+00 -1.933170000000000055e+00 3.573700000000000210e-01 -5.138000000000000345e-01 6.210900000000000309e-01 -1.320389999999999953e+00
