2.187850000000000072e+00 -5.937599999999999545e-01 -6.007900000000000462e-01 -8.163899999999999491e-01 2.044119999999999937e+00 -8.106200000000000072e-01 -3.196899999999999742e-01 -7.611700000000000133e-01 1.177599999999999980e+00
2.187850000000000072e+00 -5.937599999999999545e-01 6.007900000000000462e-01 -8.163899999999999491e-01 2.044119999999999937e+00 8.106200000000000072e-01 3.196899999999999742e-01 7.611700000000000133e-01 1.177599999999999980e+00
2.187850000000000072e+00 5.937599999999999545e-01 6.007900000000000462e-01 8.163899999999999491e-01 2.044119999999999937e+00 -8.106200000000000072e-01 3.196899999999999742e-01 -7.611700000000000133e-01 1.177599999999999980e+00
2.187850000000000072e+00 5.937599999999999545e-01 -6.007900000000000462e-01 8.163899999999999491e-01 2.044119999999999937e+00 8.106200000000000072e-01 -3.196899999999999742e-01 7.611700000000000133e-01 1.177599999999999980e+00
-1.656840000000000090e+00 -2.720400000000000040e-01 0.000000000000000000e+00 -3.405900000000000039e-01 -7.556100000000000039e-01 -0.000000000000000000e+00 0.000000000000000000e+00 -0.000000000000000000e+00 -1.006699999999999928e+00
-1.656840000000000090e+00 2.720400000000000040e-01 0.000000000000000000e+00 3.405900000000000039e-01 -7.556100000000000039e-01 -0.000000000000000000e+00 0.000000000000000000e+00 -0.000000000000000000e+00 -1.006699999999999928e+00
-1.359429999999999916e+00 -2.969899999999999762e-01 -6.367099999999999982e-01 -2.306300000000000017e-01 -1.666320000000000023e+00 3.330199999999999827e-01 -2.394199999999999939e-01 3.677500000000000213e-01 -6.742500000000000160e-01
-1.359429999999999916e+00 -2.969899999999999762e-01 6.367099999999999982e-01 -2.306300000000000017e-01 -1.666320000000000023e+00 -3.330199999999999827e-01 2.394199999999999939e-01 -3.677500000000000213e-01 -6.742500000000000160e-01
-1.359429999999999916e+00 2.969899999999999762e-01 -6.367099999999999982e-01 2.306300000000000017e-01 -1.666320000000000023e+00 -3.330199999999999827e-01 -2.394199999999999939e-01 -3.677500000000000213e-01 -6.742500000000000160e-01
-1.359429999999999916e+00 2.969899999999999762e-01 6.367099999999999982e-01 2.306300000000000017e-01 -1.666320000000000023e+00 3.330199999999999827e-01 2.394199999999999939e-01 3.677500000000000213e-01 -6.742500000000000160e-01
