-5.538535710320134642e-02
-2.702726531437478139e-02
-2.702723490564558004e-02
1.354500646574106959e+00
1.354500648091424120e+00
1.724236912226236429e+00
1.724236912240440178e+00
1.886021883978832969e+00
2.457870359162246832e+00
2.457870359187860121e+00
2.556103734904639602e+00
2.804686460824755478e+00
2.806185823123938050e+00
2.806185823961702130e+00
2.869832703542589236e+00
2.869832703847849498e+00
3.078019338978356334e+00
3.165725585975720957e+00
3.165725586088766530e+00
3.222365279995141218e+00
3.222365280371795038e+00
3.312005139312166335e+00
3.837311262311019266e+00
4.540563147590646942e+00
5.715205875295619187e+00
5.715205875306644145e+00
5.768866032267195187e+00
5.768866032414802447e+00
5.905611946908370768e+00
5.905611947891931557e+00
5.920186755206183982e+00
5.939502207761957919e+00
5.939502208738902667e+00
6.198426110342525774e+00
6.199154026733030065e+00
7.773014676104830656e+00
1.648163452723528266e+01
1.648163452736771362e+01
1.650162601398006856e+01
1.650162601415946639e+01
2.091767580549070615e+01
2.118540930353758256e+01
2.642613792940877460e+01
2.643520654246097834e+01
3.531230474856741353e+01
3.531230474886734783e+01
3.533669882107560056e+01
3.533669882137053264e+01
