3.602310000000000123e+00 6.579999999999999738e-02 -0.000000000000000000e+00 -6.579999999999999738e-02 3.602310000000000123e+00 0.000000000000000000e+00 -0.000000000000000000e+00 0.000000000000000000e+00 3.514920000000000044e+00
3.602310000000000123e+00 -6.579999999999999738e-02 -0.000000000000000000e+00 6.579999999999999738e-02 3.602310000000000123e+00 0.000000000000000000e+00 -0.000000000000000000e+00 0.000000000000000000e+00 3.514920000000000044e+00
2.838789999999999925e+00 0.000000000000000000e+00 -0.000000000000000000e+00 0.000000000000000000e+00 2.838789999999999925e+00 0.000000000000000000e+00 -0.000000000000000000e+00 0.000000000000000000e+00 6.175500000000000433e-01
2.838789999999999925e+00 0.000000000000000000e+00 -0.000000000000000000e+00 0.000000000000000000e+00 2.838789999999999925e+00 0.000000000000000000e+00 -0.000000000000000000e+00 0.000000000000000000e+00 6.175500000000000433e-01
-1.869779999999999998e+00 4.802199999999999802e-01 3.251999999999999891e-01 4.802199999999999802e-01 -2.424290000000000056e+00 1.877500000000000002e-01 2.560200000000000253e-01 1.478099999999999969e-01 -1.377490000000000103e+00
-1.869779999999999998e+00 -4.802199999999999802e-01 -3.251999999999999891e-01 -4.802199999999999802e-01 -2.424290000000000056e+00 1.877500000000000002e-01 -2.560200000000000253e-01 1.478099999999999969e-01 -1.377490000000000103e+00
-2.701540000000000052e+00 0.000000000000000000e+00 0.000000000000000000e+00 -0.000000000000000000e+00 -1.592530000000000001e+00 -3.755100000000000104e-01 0.000000000000000000e+00 -2.956199999999999939e-01 -1.377490000000000103e+00
-1.869779999999999998e+00 4.802199999999999802e-01 3.251999999999999891e-01 4.802199999999999802e-01 -2.424290000000000056e+00 1.877500000000000002e-01 2.560200000000000253e-01 1.478099999999999969e-01 -1.377490000000000103e+00
-1.869779999999999998e+00 -4.802199999999999802e-01 -3.251999999999999891e-01 -4.802199999999999802e-01 -2.424290000000000056e+00 1.877500000000000002e-01 -2.560200000000000253e-01 1.478099999999999969e-01 -1.377490000000000103e+00
-2.701540000000000052e+00 0.000000000000000000e+00 0.000000000000000000e+00 -0.000000000000000000e+00 -1.592530000000000001e+00 -3.755100000000000104e-01 0.000000000000000000e+00 -2.956199999999999939e-01 -1.377490000000000103e+00
