-7.777428604907249410e-02
-3.604696963177732305e-02
-2.524978860271984843e-02
2.667176471447881614e+00
2.829047919032713132e+00
3.015013109191843732e+00
3.185750020244559000e+00
3.232910050159056414e+00
3.383430264565032264e+00
3.595345097440414417e+00
3.713368451705767459e+00
3.723492867504540449e+00
3.856578473033921206e+00
4.042896042274515267e+00
4.238862128918434280e+00
4.424344973038436990e+00
4.438337244969320139e+00
4.530421784791966999e+00
4.668620715278487765e+00
5.003045068814507168e+00
5.317782464463585157e+00
5.464804093469906476e+00
5.651121739597964932e+00
5.806204049432341030e+00
5.857855429169857686e+00
6.105724913537791565e+00
6.262316586745975577e+00
6.670350352458828347e+00
6.932896754898901115e+00
7.193142120584854027e+00
7.460395377046743270e+00
7.593795324828806592e+00
8.201816094488506792e+00
8.222506375909754084e+00
8.293934275433137771e+00
9.365806357793429626e+00
9.548005343932210565e+00
9.680640012632865776e+00
9.780868944973747148e+00
9.860409367740977871e+00
1.071781603691295892e+01
1.074439253547848949e+01
1.118466237001274699e+01
1.162655124858433275e+01
1.198928688321494285e+01
1.212711971972059288e+01
1.280264666713124555e+01
1.296567873544596239e+01
1.441856494021815216e+01
1.463797193186170453e+01
1.495330419428502289e+01
1.500240276340238310e+01
1.530901158635100501e+01
1.550998338597257842e+01
1.611216459607963714e+01
1.622335088582687135e+01
1.645825155659471761e+01
2.042566866287286587e+01
2.261960414576453715e+01
2.303349605128994071e+01
