3.676449999999999996e+00 -2.319400000000000073e-01 -1.182200000000000056e-01 2.895999999999999963e-02 3.765249999999999986e+00 -4.438999999999999890e-02 -9.356000000000000427e-02 -6.425999999999999768e-02 3.511470000000000091e+00
3.676449999999999996e+00 -2.319400000000000073e-01 -1.182200000000000056e-01 2.895999999999999963e-02 3.765249999999999986e+00 -4.438999999999999890e-02 -9.356000000000000427e-02 -6.425999999999999768e-02 3.511470000000000091e+00
3.676449999999999996e+00 2.319400000000000073e-01 -1.182200000000000056e-01 -2.895999999999999963e-02 3.765249999999999986e+00 4.438999999999999890e-02 -9.356000000000000427e-02 6.425999999999999768e-02 3.511470000000000091e+00
3.676449999999999996e+00 2.319400000000000073e-01 -1.182200000000000056e-01 -2.895999999999999963e-02 3.765249999999999986e+00 4.438999999999999890e-02 -9.356000000000000427e-02 6.425999999999999768e-02 3.511470000000000091e+00
4.600539999999999630e+00 1.518500000000000127e-01 -1.336999999999999994e-02 -2.123400000000000010e-01 4.930030000000000356e+00 1.577500000000000013e-01 -2.493000000000000077e-02 -4.014800000000000035e-01 5.025929999999999787e+00
4.600539999999999630e+00 1.518500000000000127e-01 -1.336999999999999994e-02 -2.123400000000000010e-01 4.930030000000000356e+00 1.577500000000000013e-01 -2.493000000000000077e-02 -4.014800000000000035e-01 5.025929999999999787e+00
4.600539999999999630e+00 -1.518500000000000127e-01 -1.336999999999999994e-02 2.123400000000000010e-01 4.930030000000000356e+00 -1.577500000000000013e-01 -2.493000000000000077e-02 4.014800000000000035e-01 5.025929999999999787e+00
4.600539999999999630e+00 -1.518500000000000127e-01 -1.336999999999999994e-02 2.123400000000000010e-01 4.930030000000000356e+00 -1.577500000000000013e-01 -2.493000000000000077e-02 4.014800000000000035e-01 5.025929999999999787e+00
-1.612239999999999895e+00 -3.695100000000000051e-01 9.728000000000000536e-02 -4.093100000000000072e-01 -2.283100000000000129e+00 -3.152699999999999947e-01 -1.658000000000000099e-02 -4.554300000000000015e-01 -2.352390000000000203e+00
-1.612239999999999895e+00 -3.695100000000000051e-01 9.728000000000000536e-02 -4.093100000000000072e-01 -2.283100000000000129e+00 -3.152699999999999947e-01 -1.658000000000000099e-02 -4.554300000000000015e-01 -2.352390000000000203e+00
-1.612239999999999895e+00 3.695100000000000051e-01 9.728000000000000536e-02 4.093100000000000072e-01 -2.283100000000000129e+00 3.152699999999999947e-01 -1.658000000000000099e-02 4.554300000000000015e-01 -2.352390000000000203e+00
-1.612239999999999895e+00 3.695100000000000051e-01 9.728000000000000536e-02 4.093100000000000072e-01 -2.283100000000000129e+00 3.152699999999999947e-01 -1.658000000000000099e-02 4.554300000000000015e-01 -2.352390000000000203e+00
-2.697830000000000172e+00 2.060999999999999985e-02 -1.618600000000000039e-01 8.251000000000000001e-02 -2.098889999999999922e+00 -2.809900000000000175e-01 -5.798999999999999988e-02 -2.547599999999999865e-01 -1.621029999999999971e+00
-2.697830000000000172e+00 2.060999999999999985e-02 -1.618600000000000039e-01 8.251000000000000001e-02 -2.098889999999999922e+00 -2.809900000000000175e-01 -5.798999999999999988e-02 -2.547599999999999865e-01 -1.621029999999999971e+00
-2.697830000000000172e+00 -2.060999999999999985e-02 -1.618600000000000039e-01 -8.251000000000000001e-02 -2.098889999999999922e+00 2.809900000000000175e-01 -5.798999999999999988e-02 2.547599999999999865e-01 -1.621029999999999971e+00
-2.697830000000000172e+00 -2.060999999999999985e-02 -1.618600000000000039e-01 -8.251000000000000001e-02 -2.098889999999999922e+00 2.809900000000000175e-01 -5.798999999999999988e-02 2.547599999999999865e-01 -1.621029999999999971e+00
-1.419429999999999970e+00 -2.693499999999999783e-01 2.935400000000000231e-01 -2.498199999999999865e-01 -1.982380000000000031e+00 -1.804499999999999993e-01 2.382700000000000096e-01 -1.585900000000000087e-01 -3.117809999999999970e+00
-1.419429999999999970e+00 -2.693499999999999783e-01 2.935400000000000231e-01 -2.498199999999999865e-01 -1.982380000000000031e+00 -1.804499999999999993e-01 2.382700000000000096e-01 -1.585900000000000087e-01 -3.117809999999999970e+00
-1.419429999999999970e+00 2.693499999999999783e-01 2.935400000000000231e-01 2.498199999999999865e-01 -1.982380000000000031e+00 1.804499999999999993e-01 2.382700000000000096e-01 1.585900000000000087e-01 -3.117809999999999970e+00
-1.419429999999999970e+00 2.693499999999999783e-01 2.935400000000000231e-01 2.498199999999999865e-01 -1.982380000000000031e+00 1.804499999999999993e-01 2.382700000000000096e-01 1.585900000000000087e-01 -3.117809999999999970e+00
-2.547489999999999810e+00 6.768199999999999772e-01 -9.736999999999999822e-02 5.187599999999999989e-01 -2.330909999999999815e+00 4.304299999999999793e-01 -4.519999999999999712e-02 4.299899999999999833e-01 -1.446169999999999956e+00
-2.547489999999999810e+00 6.768199999999999772e-01 -9.736999999999999822e-02 5.187599999999999989e-01 -2.330909999999999815e+00 4.304299999999999793e-01 -4.519999999999999712e-02 4.299899999999999833e-01 -1.446169999999999956e+00
-2.547489999999999810e+00 -6.768199999999999772e-01 -9.736999999999999822e-02 -5.187599999999999989e-01 -2.330909999999999815e+00 -4.304299999999999793e-01 -4.519999999999999712e-02 -4.299899999999999833e-01 -1.446169999999999956e+00
-2.547489999999999810e+00 -6.768199999999999772e-01 -9.736999999999999822e-02 -5.187599999999999989e-01 -2.330909999999999815e+00 -4.304299999999999793e-01 -4.519999999999999712e-02 -4.299899999999999833e-01 -1.446169999999999956e+00
