-2.611624457302342064e-02
-2.039577275661018374e-02
-1.815872475059735966e-02
1.504543544991881143e+00
1.804195061391167254e+00
1.978259545380127937e+00
2.090845712361986131e+00
2.455365108382329353e+00
2.484823956082990559e+00
3.183931083950575669e+00
3.526287062184430443e+00
3.828762386396179274e+00
4.179654029947968752e+00
5.062083593200766174e+00
5.832831516355026835e+00
7.677482224147706980e+00
8.572934387076847074e+00
8.618525429873152177e+00
9.168589913117870083e+00
9.308510329454330545e+00
9.829259637848094755e+00
1.065525683543106616e+01
1.159618890953329462e+01
1.175979797822676254e+01
1.310919394894058243e+01
1.373430072923262202e+01
1.683866303074557536e+01
