-1.459909990542360148e-01
-3.604128372213374204e-02
-3.590379067663430901e-02
1.571646404018134602e+00
2.106753496670715986e+00
3.142692178799125546e+00
3.824695941120642928e+00
3.939443761321545612e+00
3.957301645303581417e+00
4.685900670129167445e+00
5.177990092262510835e+00
6.714458366607172657e+00
7.167669353547555744e+00
7.646797600439279918e+00
7.962918590083248205e+00
8.205204790490901345e+00
8.583356265340229996e+00
8.645166051259158380e+00
9.358645622580024082e+00
1.015137101104350492e+01
1.162885706873514025e+01
1.221896128673846427e+01
1.243008128400419210e+01
1.279329216154283699e+01
1.426077398201375246e+01
1.432710842778121219e+01
1.442701039680373221e+01
1.446898674238493321e+01
1.522751705395193511e+01
1.587459860921851629e+01
1.622171162870501959e+01
1.739854420235582921e+01
1.747970967499931305e+01
1.769144030780659094e+01
1.814288462965335214e+01
1.872246113804819245e+01
1.878471492990120950e+01
1.889514088240581557e+01
1.918224139654597948e+01
2.103503081548332787e+01
2.114958802342772159e+01
2.135856021633007984e+01
2.227377869633325247e+01
2.232111729457153260e+01
2.321777895091695498e+01
2.334409261916829692e+01
2.358386534986169636e+01
2.366174824738746452e+01
2.380486991621845760e+01
2.390229891011861696e+01
2.570463973682074865e+01
2.576106500232177510e+01
2.607052964189671940e+01
2.707617817256272730e+01
2.750952264283952076e+01
2.781923259828235473e+01
2.796227191582271843e+01
2.868228508131477383e+01
2.926092880944504415e+01
2.981662698566714553e+01
3.023012341618419541e+01
3.033172141030543756e+01
3.049884073385311112e+01
3.050565810342613204e+01
3.191285535091957470e+01
3.197716307732169128e+01
3.228897414497753005e+01
3.234242087012593458e+01
3.335629329106017593e+01
3.377129265979871064e+01
3.500358813384870871e+01
3.914044072156644205e+01
