1.187349999999999905e+00 -2.849000000000000143e-02 -1.332000000000000024e-02 -4.735999999999999932e-02 1.122169999999999890e+00 1.799999999999999864e-02 -7.409999999999999920e-03 2.032000000000000126e-02 1.046440000000000037e+00
1.187349999999999905e+00 2.849000000000000143e-02 -1.332000000000000024e-02 4.735999999999999932e-02 1.122169999999999890e+00 -1.799999999999999864e-02 -7.409999999999999920e-03 -2.032000000000000126e-02 1.046440000000000037e+00
1.187349999999999905e+00 -2.849000000000000143e-02 1.332000000000000024e-02 -4.735999999999999932e-02 1.122169999999999890e+00 -1.799999999999999864e-02 7.409999999999999920e-03 -2.032000000000000126e-02 1.046440000000000037e+00
1.187349999999999905e+00 2.849000000000000143e-02 1.332000000000000024e-02 4.735999999999999932e-02 1.122169999999999890e+00 1.799999999999999864e-02 7.409999999999999920e-03 2.032000000000000126e-02 1.046440000000000037e+00
1.187349999999999905e+00 2.849000000000000143e-02 1.332000000000000024e-02 4.735999999999999932e-02 1.122169999999999890e+00 1.799999999999999864e-02 7.409999999999999920e-03 2.032000000000000126e-02 1.046440000000000037e+00
1.187349999999999905e+00 -2.849000000000000143e-02 1.332000000000000024e-02 -4.735999999999999932e-02 1.122169999999999890e+00 -1.799999999999999864e-02 7.409999999999999920e-03 -2.032000000000000126e-02 1.046440000000000037e+00
1.187349999999999905e+00 2.849000000000000143e-02 -1.332000000000000024e-02 4.735999999999999932e-02 1.122169999999999890e+00 -1.799999999999999864e-02 -7.409999999999999920e-03 -2.032000000000000126e-02 1.046440000000000037e+00
1.187349999999999905e+00 -2.849000000000000143e-02 -1.332000000000000024e-02 -4.735999999999999932e-02 1.122169999999999890e+00 1.799999999999999864e-02 -7.409999999999999920e-03 2.032000000000000126e-02 1.046440000000000037e+00
1.303010000000000002e+00 0.000000000000000000e+00 -8.179999999999999771e-03 0.000000000000000000e+00 1.436690000000000023e+00 0.000000000000000000e+00 1.738999999999999921e-02 0.000000000000000000e+00 1.899980000000000002e+00
1.303010000000000002e+00 0.000000000000000000e+00 -8.179999999999999771e-03 0.000000000000000000e+00 1.436690000000000023e+00 0.000000000000000000e+00 1.738999999999999921e-02 0.000000000000000000e+00 1.899980000000000002e+00
1.303010000000000002e+00 0.000000000000000000e+00 8.179999999999999771e-03 0.000000000000000000e+00 1.436690000000000023e+00 0.000000000000000000e+00 -1.738999999999999921e-02 0.000000000000000000e+00 1.899980000000000002e+00
1.303010000000000002e+00 0.000000000000000000e+00 8.179999999999999771e-03 0.000000000000000000e+00 1.436690000000000023e+00 0.000000000000000000e+00 -1.738999999999999921e-02 0.000000000000000000e+00 1.899980000000000002e+00
-1.838859999999999939e+00 -1.837100000000000122e-01 2.170000000000000054e-03 -2.052900000000000003e-01 -1.840519999999999934e+00 3.093999999999999875e-02 -1.395000000000000059e-02 -9.860000000000000708e-03 -1.996429999999999927e+00
-1.838859999999999939e+00 1.837100000000000122e-01 2.170000000000000054e-03 2.052900000000000003e-01 -1.840519999999999934e+00 -3.093999999999999875e-02 -1.395000000000000059e-02 9.860000000000000708e-03 -1.996429999999999927e+00
-1.838859999999999939e+00 1.837100000000000122e-01 -2.170000000000000054e-03 2.052900000000000003e-01 -1.840519999999999934e+00 3.093999999999999875e-02 1.395000000000000059e-02 -9.860000000000000708e-03 -1.996429999999999927e+00
-1.838859999999999939e+00 -1.837100000000000122e-01 -2.170000000000000054e-03 -2.052900000000000003e-01 -1.840519999999999934e+00 -3.093999999999999875e-02 1.395000000000000059e-02 9.860000000000000708e-03 -1.996429999999999927e+00
-1.838859999999999939e+00 -1.837100000000000122e-01 -2.170000000000000054e-03 -2.052900000000000003e-01 -1.840519999999999934e+00 -3.093999999999999875e-02 1.395000000000000059e-02 9.860000000000000708e-03 -1.996429999999999927e+00
-1.838859999999999939e+00 1.837100000000000122e-01 -2.170000000000000054e-03 2.052900000000000003e-01 -1.840519999999999934e+00 3.093999999999999875e-02 1.395000000000000059e-02 -9.860000000000000708e-03 -1.996429999999999927e+00
-1.838859999999999939e+00 -1.837100000000000122e-01 2.170000000000000054e-03 -2.052900000000000003e-01 -1.840519999999999934e+00 3.093999999999999875e-02 -1.395000000000000059e-02 -9.860000000000000708e-03 -1.996429999999999927e+00
-1.838859999999999939e+00 1.837100000000000122e-01 2.170000000000000054e-03 2.052900000000000003e-01 -1.840519999999999934e+00 -3.093999999999999875e-02 -1.395000000000000059e-02 9.860000000000000708e-03 -1.996429999999999927e+00
