-1.010099245346459951e-01
-4.458734533805228800e-02
-3.070763792761549080e-02
1.544571449558176157e+00
2.929012576367905574e+00
3.013711439109196366e+00
3.328145275466583453e+00
3.955287868555738662e+00
4.118602286109587673e+00
4.175772739650885690e+00
4.186518489676789301e+00
4.255896298681360435e+00
4.281905241435929987e+00
4.336848473533122750e+00
4.615248081436563510e+00
5.271326269976360557e+00
5.306625197331962696e+00
5.484929802027385115e+00
6.250809917508611591e+00
6.592069679471680210e+00
7.688801877656380235e+00
8.224734559740030093e+00
9.331250908261223387e+00
9.837902218326926018e+00
1.169740083060923119e+01
1.175172531450474445e+01
1.254870894953322491e+01
1.288750052383506528e+01
1.302358269424412107e+01
1.619538351001514087e+01
1.788315874942214023e+01
1.810226795620811302e+01
1.875390414137439521e+01
2.065881198015893716e+01
2.381112242994653627e+01
2.519349663455063038e+01
