2.681070000000000064e+00 0.000000000000000000e+00 0.000000000000000000e+00 0.000000000000000000e+00 2.681070000000000064e+00 0.000000000000000000e+00 0.000000000000000000e+00 -0.000000000000000000e+00 2.798070000000000057e+00
2.451060000000000016e+00 0.000000000000000000e+00 0.000000000000000000e+00 0.000000000000000000e+00 2.451060000000000016e+00 0.000000000000000000e+00 -0.000000000000000000e+00 0.000000000000000000e+00 2.809790000000000010e+00
2.451060000000000016e+00 0.000000000000000000e+00 0.000000000000000000e+00 0.000000000000000000e+00 2.451060000000000016e+00 -0.000000000000000000e+00 0.000000000000000000e+00 0.000000000000000000e+00 2.809790000000000010e+00
2.225140000000000118e+00 -0.000000000000000000e+00 0.000000000000000000e+00 0.000000000000000000e+00 2.225140000000000118e+00 0.000000000000000000e+00 0.000000000000000000e+00 0.000000000000000000e+00 2.306340000000000057e+00
2.724019999999999886e+00 0.000000000000000000e+00 0.000000000000000000e+00 0.000000000000000000e+00 2.724019999999999886e+00 0.000000000000000000e+00 0.000000000000000000e+00 -0.000000000000000000e+00 3.034110000000000085e+00
2.724019999999999886e+00 0.000000000000000000e+00 -0.000000000000000000e+00 0.000000000000000000e+00 2.724019999999999886e+00 0.000000000000000000e+00 0.000000000000000000e+00 -0.000000000000000000e+00 3.034110000000000085e+00
-1.542210000000000081e+00 0.000000000000000000e+00 0.000000000000000000e+00 -0.000000000000000000e+00 -1.542210000000000081e+00 -0.000000000000000000e+00 0.000000000000000000e+00 0.000000000000000000e+00 -2.687539999999999818e+00
-1.542210000000000081e+00 0.000000000000000000e+00 0.000000000000000000e+00 -0.000000000000000000e+00 -1.542210000000000081e+00 -0.000000000000000000e+00 0.000000000000000000e+00 0.000000000000000000e+00 -2.687539999999999818e+00
-2.179359999999999964e+00 -2.610299999999999843e-01 1.683999999999999941e-01 -2.610299999999999843e-01 -1.877960000000000074e+00 9.722000000000000086e-02 1.746000000000000052e-01 1.008000000000000007e-01 -1.902849999999999930e+00
-1.727249999999999952e+00 0.000000000000000000e+00 -0.000000000000000000e+00 -0.000000000000000000e+00 -2.330070000000000086e+00 -1.944500000000000117e-01 -0.000000000000000000e+00 -2.016100000000000114e-01 -1.902849999999999930e+00
-2.179359999999999964e+00 2.610299999999999843e-01 -1.683999999999999941e-01 2.610299999999999843e-01 -1.877960000000000074e+00 9.722000000000000086e-02 -1.746000000000000052e-01 1.008000000000000007e-01 -1.902849999999999930e+00
-2.179359999999999964e+00 -2.610299999999999843e-01 1.683999999999999941e-01 -2.610299999999999843e-01 -1.877960000000000074e+00 9.722000000000000086e-02 1.746000000000000052e-01 1.008000000000000007e-01 -1.902849999999999930e+00
-1.727249999999999952e+00 0.000000000000000000e+00 -0.000000000000000000e+00 -0.000000000000000000e+00 -2.330070000000000086e+00 -1.944500000000000117e-01 -0.000000000000000000e+00 -2.016100000000000114e-01 -1.902849999999999930e+00
-2.179359999999999964e+00 2.610299999999999843e-01 -1.683999999999999941e-01 2.610299999999999843e-01 -1.877960000000000074e+00 9.722000000000000086e-02 -1.746000000000000052e-01 1.008000000000000007e-01 -1.902849999999999930e+00
