2.249530000000000030e+00 -1.760400000000000020e-01 0.000000000000000000e+00 -1.760400000000000020e-01 2.249530000000000030e+00 0.000000000000000000e+00 -0.000000000000000000e+00 -0.000000000000000000e+00 1.983479999999999910e+00
2.249530000000000030e+00 1.760400000000000020e-01 0.000000000000000000e+00 1.760400000000000020e-01 2.249530000000000030e+00 0.000000000000000000e+00 -0.000000000000000000e+00 0.000000000000000000e+00 1.983479999999999910e+00
2.249530000000000030e+00 -1.760400000000000020e-01 0.000000000000000000e+00 -1.760400000000000020e-01 2.249530000000000030e+00 0.000000000000000000e+00 -0.000000000000000000e+00 -0.000000000000000000e+00 1.983479999999999910e+00
2.249530000000000030e+00 1.760400000000000020e-01 0.000000000000000000e+00 1.760400000000000020e-01 2.249530000000000030e+00 0.000000000000000000e+00 -0.000000000000000000e+00 0.000000000000000000e+00 1.983479999999999910e+00
2.586679999999999868e+00 -4.734400000000000275e-01 0.000000000000000000e+00 -6.308799999999999963e-01 3.420570000000000110e+00 0.000000000000000000e+00 0.000000000000000000e+00 0.000000000000000000e+00 3.526440000000000019e+00
3.420570000000000110e+00 6.308799999999999963e-01 -0.000000000000000000e+00 4.734400000000000275e-01 2.586679999999999868e+00 0.000000000000000000e+00 0.000000000000000000e+00 0.000000000000000000e+00 3.526440000000000019e+00
3.420570000000000110e+00 6.308799999999999963e-01 -0.000000000000000000e+00 4.734400000000000275e-01 2.586679999999999868e+00 0.000000000000000000e+00 0.000000000000000000e+00 0.000000000000000000e+00 3.526440000000000019e+00
2.586679999999999868e+00 4.734400000000000275e-01 -0.000000000000000000e+00 6.308799999999999963e-01 3.420570000000000110e+00 -0.000000000000000000e+00 0.000000000000000000e+00 0.000000000000000000e+00 3.526440000000000019e+00
2.586679999999999868e+00 4.734400000000000275e-01 0.000000000000000000e+00 6.308799999999999963e-01 3.420570000000000110e+00 -0.000000000000000000e+00 0.000000000000000000e+00 0.000000000000000000e+00 3.526440000000000019e+00
2.586679999999999868e+00 -4.734400000000000275e-01 0.000000000000000000e+00 -6.308799999999999963e-01 3.420570000000000110e+00 0.000000000000000000e+00 0.000000000000000000e+00 0.000000000000000000e+00 3.526440000000000019e+00
3.420570000000000110e+00 -6.308799999999999963e-01 0.000000000000000000e+00 -4.734400000000000275e-01 2.586679999999999868e+00 -0.000000000000000000e+00 0.000000000000000000e+00 0.000000000000000000e+00 3.526440000000000019e+00
3.420570000000000110e+00 -6.308799999999999963e-01 0.000000000000000000e+00 -4.734400000000000275e-01 2.586679999999999868e+00 -0.000000000000000000e+00 0.000000000000000000e+00 0.000000000000000000e+00 3.526440000000000019e+00
-1.454090000000000105e+00 2.558099999999999818e-01 0.000000000000000000e+00 -2.362299999999999955e-01 -3.341650000000000009e+00 0.000000000000000000e+00 0.000000000000000000e+00 0.000000000000000000e+00 -1.551670000000000105e+00
-3.341650000000000009e+00 2.362299999999999955e-01 0.000000000000000000e+00 -2.558099999999999818e-01 -1.454090000000000105e+00 -0.000000000000000000e+00 0.000000000000000000e+00 0.000000000000000000e+00 -1.551670000000000105e+00
-3.341650000000000009e+00 2.362299999999999955e-01 0.000000000000000000e+00 -2.558099999999999818e-01 -1.454090000000000105e+00 -0.000000000000000000e+00 0.000000000000000000e+00 0.000000000000000000e+00 -1.551670000000000105e+00
-1.454090000000000105e+00 -2.558099999999999818e-01 0.000000000000000000e+00 2.362299999999999955e-01 -3.341650000000000009e+00 -0.000000000000000000e+00 0.000000000000000000e+00 0.000000000000000000e+00 -1.551670000000000105e+00
-1.454090000000000105e+00 -2.558099999999999818e-01 0.000000000000000000e+00 2.362299999999999955e-01 -3.341650000000000009e+00 -0.000000000000000000e+00 0.000000000000000000e+00 0.000000000000000000e+00 -1.551670000000000105e+00
-1.454090000000000105e+00 2.558099999999999818e-01 0.000000000000000000e+00 -2.362299999999999955e-01 -3.341650000000000009e+00 0.000000000000000000e+00 0.000000000000000000e+00 0.000000000000000000e+00 -1.551670000000000105e+00
-3.341650000000000009e+00 -2.362299999999999955e-01 0.000000000000000000e+00 2.558099999999999818e-01 -1.454090000000000105e+00 -0.000000000000000000e+00 0.000000000000000000e+00 0.000000000000000000e+00 -1.551670000000000105e+00
-3.341650000000000009e+00 -2.362299999999999955e-01 0.000000000000000000e+00 2.558099999999999818e-01 -1.454090000000000105e+00 0.000000000000000000e+00 0.000000000000000000e+00 0.000000000000000000e+00 -1.551670000000000105e+00
-1.730520000000000058e+00 4.834999999999999715e-02 5.704399999999999471e-01 4.834999999999999715e-02 -1.730520000000000058e+00 -5.704399999999999471e-01 1.020510000000000028e+00 -1.020510000000000028e+00 -2.966509999999999980e+00
-1.730520000000000058e+00 -4.834999999999999715e-02 -5.704399999999999471e-01 -4.834999999999999715e-02 -1.730520000000000058e+00 -5.704399999999999471e-01 -1.020510000000000028e+00 -1.020510000000000028e+00 -2.966509999999999980e+00
-1.730520000000000058e+00 -4.834999999999999715e-02 5.704399999999999471e-01 -4.834999999999999715e-02 -1.730520000000000058e+00 5.704399999999999471e-01 1.020510000000000028e+00 1.020510000000000028e+00 -2.966509999999999980e+00
-1.730520000000000058e+00 4.834999999999999715e-02 -5.704399999999999471e-01 4.834999999999999715e-02 -1.730520000000000058e+00 5.704399999999999471e-01 -1.020510000000000028e+00 1.020510000000000028e+00 -2.966509999999999980e+00
-1.730520000000000058e+00 4.834999999999999715e-02 5.704399999999999471e-01 4.834999999999999715e-02 -1.730520000000000058e+00 -5.704399999999999471e-01 1.020510000000000028e+00 -1.020510000000000028e+00 -2.966509999999999980e+00
-1.730520000000000058e+00 -4.834999999999999715e-02 -5.704399999999999471e-01 -4.834999999999999715e-02 -1.730520000000000058e+00 -5.704399999999999471e-01 -1.020510000000000028e+00 -1.020510000000000028e+00 -2.966509999999999980e+00
-1.730520000000000058e+00 -4.834999999999999715e-02 5.704399999999999471e-01 -4.834999999999999715e-02 -1.730520000000000058e+00 5.704399999999999471e-01 1.020510000000000028e+00 1.020510000000000028e+00 -2.966509999999999980e+00
-1.730520000000000058e+00 4.834999999999999715e-02 -5.704399999999999471e-01 4.834999999999999715e-02 -1.730520000000000058e+00 5.704399999999999471e-01 -1.020510000000000028e+00 1.020510000000000028e+00 -2.966509999999999980e+00
