6.840449999999999697e+00 -0.000000000000000000e+00 -0.000000000000000000e+00 -0.000000000000000000e+00 6.840449999999999697e+00 0.000000000000000000e+00 -0.000000000000000000e+00 0.000000000000000000e+00 4.982789999999999608e+00
6.840449999999999697e+00 -0.000000000000000000e+00 -0.000000000000000000e+00 -0.000000000000000000e+00 6.840449999999999697e+00 0.000000000000000000e+00 -0.000000000000000000e+00 0.000000000000000000e+00 4.982789999999999608e+00
2.726129999999999942e+00 -0.000000000000000000e+00 -0.000000000000000000e+00 -0.000000000000000000e+00 2.726129999999999942e+00 0.000000000000000000e+00 -0.000000000000000000e+00 0.000000000000000000e+00 4.260740000000000194e+00
2.726129999999999942e+00 -0.000000000000000000e+00 -0.000000000000000000e+00 -0.000000000000000000e+00 2.726129999999999942e+00 0.000000000000000000e+00 -0.000000000000000000e+00 0.000000000000000000e+00 4.260740000000000194e+00
-3.730160000000000142e+00 0.000000000000000000e+00 -3.120999999999999885e-01 0.000000000000000000e+00 -1.053129999999999900e+00 -0.000000000000000000e+00 3.311999999999999666e-02 -0.000000000000000000e+00 -2.310880000000000045e+00
-1.053129999999999900e+00 0.000000000000000000e+00 0.000000000000000000e+00 -0.000000000000000000e+00 -3.730160000000000142e+00 3.120999999999999885e-01 0.000000000000000000e+00 -3.311999999999999666e-02 -2.310880000000000045e+00
-1.053129999999999900e+00 0.000000000000000000e+00 0.000000000000000000e+00 -0.000000000000000000e+00 -3.730160000000000142e+00 3.120999999999999885e-01 0.000000000000000000e+00 -3.311999999999999666e-02 -2.310880000000000045e+00
-3.730160000000000142e+00 0.000000000000000000e+00 -3.120999999999999885e-01 0.000000000000000000e+00 -1.053129999999999900e+00 -0.000000000000000000e+00 3.311999999999999666e-02 -0.000000000000000000e+00 -2.310880000000000045e+00
-3.730160000000000142e+00 0.000000000000000000e+00 3.120999999999999885e-01 0.000000000000000000e+00 -1.053129999999999900e+00 -0.000000000000000000e+00 -3.311999999999999666e-02 -0.000000000000000000e+00 -2.310880000000000045e+00
-1.053129999999999900e+00 0.000000000000000000e+00 0.000000000000000000e+00 0.000000000000000000e+00 -3.730160000000000142e+00 -3.120999999999999885e-01 0.000000000000000000e+00 3.311999999999999666e-02 -2.310880000000000045e+00
-3.730160000000000142e+00 0.000000000000000000e+00 3.120999999999999885e-01 0.000000000000000000e+00 -1.053129999999999900e+00 -0.000000000000000000e+00 -3.311999999999999666e-02 -0.000000000000000000e+00 -2.310880000000000045e+00
-1.053129999999999900e+00 0.000000000000000000e+00 0.000000000000000000e+00 0.000000000000000000e+00 -3.730160000000000142e+00 -3.120999999999999885e-01 0.000000000000000000e+00 3.311999999999999666e-02 -2.310880000000000045e+00
