-5.479884060141228946e-02
-1.962769331641997517e-02
-1.962761232446761511e-02
3.354296102512825950e+00
3.794671320372275947e+00
3.844686112868335837e+00
3.844686112974099235e+00
6.898303298798526662e+00
6.898303299751698425e+00
8.167526931725687334e+00
8.812499306652069819e+00
8.812499307219836098e+00
9.363346305263547720e+00
9.363346305366979649e+00
9.981457540576220921e+00
1.551055030572774207e+01
1.551055030584036842e+01
1.562075667864694672e+01
1.562075667882154839e+01
1.674943640943376266e+01
1.674943640967525482e+01
1.679958820755917870e+01
1.731008373142640977e+01
1.914562135297213885e+01
1.914562135314332636e+01
1.931034092275657699e+01
1.931857407634153745e+01
