1.340389999999999970e+00 -1.108500000000000041e-01 -1.740999999999999839e-02 -8.018999999999999739e-02 1.342840000000000034e+00 1.437000000000000083e-02 -5.448000000000000065e-02 2.178000000000000075e-02 1.394230000000000080e+00
1.109259999999999913e+00 1.103999999999999947e-02 2.530999999999999917e-02 -3.411999999999999755e-02 1.404819999999999958e+00 1.589000000000000135e-02 1.216000000000000067e-02 -7.649999999999999682e-03 1.362749999999999906e+00
1.484979999999999967e+00 -1.518899999999999972e-01 -8.785999999999999366e-02 -1.648799999999999988e-01 1.149000000000000021e+00 -1.037300000000000028e-01 -3.824000000000000316e-02 -1.230399999999999966e-01 1.319919999999999982e+00
1.484979999999999967e+00 1.518899999999999972e-01 -8.785999999999999366e-02 1.648799999999999988e-01 1.149000000000000021e+00 1.037300000000000028e-01 -3.824000000000000316e-02 1.230399999999999966e-01 1.319919999999999982e+00
1.109259999999999913e+00 -1.103999999999999947e-02 2.530999999999999917e-02 3.411999999999999755e-02 1.404819999999999958e+00 -1.589000000000000135e-02 1.216000000000000067e-02 7.649999999999999682e-03 1.362749999999999906e+00
1.340389999999999970e+00 1.108500000000000041e-01 -1.740999999999999839e-02 8.018999999999999739e-02 1.342840000000000034e+00 -1.437000000000000083e-02 -5.448000000000000065e-02 -2.178000000000000075e-02 1.394230000000000080e+00
1.340389999999999970e+00 1.108500000000000041e-01 -1.740999999999999839e-02 8.018999999999999739e-02 1.342840000000000034e+00 -1.437000000000000083e-02 -5.448000000000000065e-02 -2.178000000000000075e-02 1.394230000000000080e+00
1.109259999999999913e+00 -1.103999999999999947e-02 2.530999999999999917e-02 3.411999999999999755e-02 1.404819999999999958e+00 -1.589000000000000135e-02 1.216000000000000067e-02 7.649999999999999682e-03 1.362749999999999906e+00
1.484979999999999967e+00 1.518899999999999972e-01 -8.785999999999999366e-02 1.648799999999999988e-01 1.149000000000000021e+00 1.037300000000000028e-01 -3.824000000000000316e-02 1.230399999999999966e-01 1.319919999999999982e+00
1.484979999999999967e+00 -1.518899999999999972e-01 -8.785999999999999366e-02 -1.648799999999999988e-01 1.149000000000000021e+00 -1.037300000000000028e-01 -3.824000000000000316e-02 -1.230399999999999966e-01 1.319919999999999982e+00
1.109259999999999913e+00 1.103999999999999947e-02 2.530999999999999917e-02 -3.411999999999999755e-02 1.404819999999999958e+00 1.589000000000000135e-02 1.216000000000000067e-02 -7.649999999999999682e-03 1.362749999999999906e+00
1.340389999999999970e+00 -1.108500000000000041e-01 -1.740999999999999839e-02 -8.018999999999999739e-02 1.342840000000000034e+00 1.437000000000000083e-02 -5.448000000000000065e-02 2.178000000000000075e-02 1.394230000000000080e+00
2.662819999999999965e+00 5.024899999999999922e-01 6.621500000000000163e-01 5.219200000000000506e-01 2.902010000000000201e+00 -1.222199999999999953e-01 6.290599999999999525e-01 -1.666600000000000026e-01 2.803859999999999797e+00
2.662819999999999965e+00 -5.024899999999999922e-01 6.621500000000000163e-01 -5.219200000000000506e-01 2.902010000000000201e+00 1.222199999999999953e-01 6.290599999999999525e-01 1.666600000000000026e-01 2.803859999999999797e+00
2.662819999999999965e+00 -5.024899999999999922e-01 6.621500000000000163e-01 -5.219200000000000506e-01 2.902010000000000201e+00 1.222199999999999953e-01 6.290599999999999525e-01 1.666600000000000026e-01 2.803859999999999797e+00
2.662819999999999965e+00 5.024899999999999922e-01 6.621500000000000163e-01 5.219200000000000506e-01 2.902010000000000201e+00 -1.222199999999999953e-01 6.290599999999999525e-01 -1.666600000000000026e-01 2.803859999999999797e+00
-1.924260000000000081e+00 -4.813799999999999746e-01 1.477799999999999947e-01 -4.541000000000000036e-01 -2.950029999999999930e+00 1.716100000000000125e-01 1.076099999999999973e-01 1.570900000000000074e-01 -1.969530000000000003e+00
-2.496239999999999792e+00 -1.465599999999999958e-01 -1.421699999999999908e-01 -1.171999999999999986e-01 -1.768350000000000088e+00 -4.934600000000000097e-01 -7.477000000000000313e-02 -4.688599999999999990e-01 -2.224070000000000213e+00
-2.176940000000000097e+00 3.764399999999999968e-01 -5.877999999999999892e-01 3.814699999999999758e-01 -2.080280000000000129e+00 3.862499999999999822e-01 -5.813500000000000334e-01 4.524000000000000243e-01 -2.687170000000000059e+00
-2.176940000000000097e+00 -3.764399999999999968e-01 -5.877999999999999892e-01 -3.814699999999999758e-01 -2.080280000000000129e+00 -3.862499999999999822e-01 -5.813500000000000334e-01 -4.524000000000000243e-01 -2.687170000000000059e+00
-2.496239999999999792e+00 1.465599999999999958e-01 -1.421699999999999908e-01 1.171999999999999986e-01 -1.768350000000000088e+00 4.934600000000000097e-01 -7.477000000000000313e-02 4.688599999999999990e-01 -2.224070000000000213e+00
-1.924260000000000081e+00 4.813799999999999746e-01 1.477799999999999947e-01 4.541000000000000036e-01 -2.950029999999999930e+00 -1.716100000000000125e-01 1.076099999999999973e-01 -1.570900000000000074e-01 -1.969530000000000003e+00
-1.924260000000000081e+00 4.813799999999999746e-01 1.477799999999999947e-01 4.541000000000000036e-01 -2.950029999999999930e+00 -1.716100000000000125e-01 1.076099999999999973e-01 -1.570900000000000074e-01 -1.969530000000000003e+00
-2.496239999999999792e+00 1.465599999999999958e-01 -1.421699999999999908e-01 1.171999999999999986e-01 -1.768350000000000088e+00 4.934600000000000097e-01 -7.477000000000000313e-02 4.688599999999999990e-01 -2.224070000000000213e+00
-2.176940000000000097e+00 -3.764399999999999968e-01 -5.877999999999999892e-01 -3.814699999999999758e-01 -2.080280000000000129e+00 -3.862499999999999822e-01 -5.813500000000000334e-01 -4.524000000000000243e-01 -2.687170000000000059e+00
-2.176940000000000097e+00 3.764399999999999968e-01 -5.877999999999999892e-01 3.814699999999999758e-01 -2.080280000000000129e+00 3.862499999999999822e-01 -5.813500000000000334e-01 4.524000000000000243e-01 -2.687170000000000059e+00
-2.496239999999999792e+00 -1.465599999999999958e-01 -1.421699999999999908e-01 -1.171999999999999986e-01 -1.768350000000000088e+00 -4.934600000000000097e-01 -7.477000000000000313e-02 -4.688599999999999990e-01 -2.224070000000000213e+00
-1.924260000000000081e+00 -4.813799999999999746e-01 1.477799999999999947e-01 -4.541000000000000036e-01 -2.950029999999999930e+00 1.716100000000000125e-01 1.076099999999999973e-01 1.570900000000000074e-01 -1.969530000000000003e+00
