-5.978995274368049950e-02
-3.455854905515379910e-02
-3.455848010792787056e-02
1.020113459515339827e+00
1.516077700301670328e+00
1.516077702401346983e+00
1.524104870031928183e+00
1.524104872841721026e+00
1.721965960476117719e+00
1.721965966111592028e+00
1.803917660529009481e+00
1.920128843471488267e+00
2.710776244988055694e+00
2.710776248834515290e+00
2.949440994566525198e+00
2.949440996109605084e+00
3.064730716069221650e+00
3.325774863450337460e+00
3.325774864195342406e+00
3.618502629586344277e+00
3.996364753126981917e+00
4.015964687470846783e+00
4.015964688414369377e+00
4.153266156060636760e+00
4.633914552498980655e+00
4.719175758543973309e+00
4.719175759364424572e+00
4.977726488162618423e+00
4.977726489166147239e+00
5.097866346111867841e+00
5.097866346834114992e+00
5.184446279753860409e+00
5.184446280420233144e+00
5.422560080846685615e+00
5.823698007313813818e+00
5.823698007896908280e+00
6.024554956478410439e+00
6.024554956749885726e+00
6.284904512563413093e+00
6.288027673227588821e+00
6.362305696651756826e+00
6.362305697141685812e+00
6.391970300386797810e+00
6.391970300609276734e+00
7.331730126932320069e+00
7.712031025046404586e+00
8.004395229110505383e+00
8.136991869098206820e+00
9.404331643197313184e+00
9.583844096896131148e+00
9.583844097392070438e+00
9.587883148486156415e+00
9.587883149472061106e+00
9.608606569030838429e+00
9.902717412504692618e+00
9.902717413612055708e+00
9.945696672408123717e+00
1.016610441247551933e+01
1.016610441299917866e+01
1.066230432713329890e+01
1.066230432780801252e+01
1.078427308121748851e+01
1.081172442831886826e+01
1.081172442882391493e+01
1.098263510887250582e+01
1.104392626488497875e+01
1.290514618195902408e+01
1.290514618257589774e+01
1.292827767017031526e+01
1.292827767045073450e+01
1.335293020364803596e+01
1.335293020402647279e+01
1.336536431660145041e+01
1.336536431685160586e+01
1.543510020110174707e+01
1.571186843813615930e+01
1.571513705684309059e+01
1.772354799958973359e+01
1.916503778271833980e+01
1.916503778323222917e+01
1.929143253673783676e+01
1.929143253686441284e+01
1.940095322961018454e+01
1.940095323016308626e+01
1.953637503193866820e+01
1.953637503211284354e+01
2.214220023172273244e+01
2.330732261208040867e+01
2.348968115047887650e+01
2.356245898605605404e+01
