4.374520000000000408e+00 -0.000000000000000000e+00 -0.000000000000000000e+00 -0.000000000000000000e+00 4.374520000000000408e+00 0.000000000000000000e+00 -0.000000000000000000e+00 0.000000000000000000e+00 5.380489999999999995e+00
4.374520000000000408e+00 -0.000000000000000000e+00 -0.000000000000000000e+00 -0.000000000000000000e+00 4.374520000000000408e+00 0.000000000000000000e+00 -0.000000000000000000e+00 0.000000000000000000e+00 5.380489999999999995e+00
3.115629999999999900e+00 -0.000000000000000000e+00 -0.000000000000000000e+00 -0.000000000000000000e+00 3.115629999999999900e+00 0.000000000000000000e+00 -0.000000000000000000e+00 0.000000000000000000e+00 4.659329999999999750e+00
3.115629999999999900e+00 -0.000000000000000000e+00 -0.000000000000000000e+00 -0.000000000000000000e+00 3.115629999999999900e+00 0.000000000000000000e+00 -0.000000000000000000e+00 0.000000000000000000e+00 4.659329999999999750e+00
-3.055369999999999919e+00 0.000000000000000000e+00 1.157059999999999977e+00 0.000000000000000000e+00 -6.896999999999999797e-01 -0.000000000000000000e+00 1.209419999999999940e+00 -0.000000000000000000e+00 -2.509959999999999969e+00
-6.896999999999999797e-01 0.000000000000000000e+00 0.000000000000000000e+00 0.000000000000000000e+00 -3.055369999999999919e+00 -1.157059999999999977e+00 0.000000000000000000e+00 -1.209419999999999940e+00 -2.509959999999999969e+00
-6.896999999999999797e-01 0.000000000000000000e+00 0.000000000000000000e+00 0.000000000000000000e+00 -3.055369999999999919e+00 1.157059999999999977e+00 0.000000000000000000e+00 1.209419999999999940e+00 -2.509959999999999969e+00
-3.055369999999999919e+00 0.000000000000000000e+00 -1.157059999999999977e+00 0.000000000000000000e+00 -6.896999999999999797e-01 -0.000000000000000000e+00 -1.209419999999999940e+00 -0.000000000000000000e+00 -2.509959999999999969e+00
-6.896999999999999797e-01 0.000000000000000000e+00 0.000000000000000000e+00 0.000000000000000000e+00 -3.055369999999999919e+00 -1.157059999999999977e+00 0.000000000000000000e+00 -1.209419999999999940e+00 -2.509959999999999969e+00
-3.055369999999999919e+00 0.000000000000000000e+00 1.157059999999999977e+00 0.000000000000000000e+00 -6.896999999999999797e-01 -0.000000000000000000e+00 1.209419999999999940e+00 -0.000000000000000000e+00 -2.509959999999999969e+00
-3.055369999999999919e+00 0.000000000000000000e+00 -1.157059999999999977e+00 0.000000000000000000e+00 -6.896999999999999797e-01 -0.000000000000000000e+00 -1.209419999999999940e+00 -0.000000000000000000e+00 -2.509959999999999969e+00
-6.896999999999999797e-01 0.000000000000000000e+00 0.000000000000000000e+00 0.000000000000000000e+00 -3.055369999999999919e+00 1.157059999999999977e+00 0.000000000000000000e+00 1.209419999999999940e+00 -2.509959999999999969e+00
