-1.253627273170088152e-01
-1.253626931287760982e-01
-1.208028623158268616e-02
1.122219411364570929e+00
1.801523398657348007e+00
1.801523398832380440e+00
2.044400479409059113e+00
2.263074868946871376e+00
2.264576234210744943e+00
2.404335401294578567e+00
2.404335401458455923e+00
2.770450736260177127e+00
2.770450736375688727e+00
3.130444837409112502e+00
3.156173540592936533e+00
3.156173542082820305e+00
3.213310194645960127e+00
3.213310196065852331e+00
4.651235554110421333e+00
4.651235554316986764e+00
5.993110617303555543e+00
5.993110618257010636e+00
6.313044406798956842e+00
7.265463836978996781e+00
7.442275581971741438e+00
8.043795149110149367e+00
8.043795149198359695e+00
8.709986924696444532e+00
8.709986924711136780e+00
9.302246333139944312e+00
9.913913833556826205e+00
9.913913833657712615e+00
1.105507047502584328e+01
1.105507047529068920e+01
1.149708675381256562e+01
1.156639156980065763e+01
1.449627583841848377e+01
1.449627583886079485e+01
1.637705967410310137e+01
1.848439297042275697e+01
1.848439297053722896e+01
1.859148141763321149e+01
1.859148141791190412e+01
2.389542955100331767e+01
2.426124464853341323e+01
