1.188020000000000076e+00 -0.000000000000000000e+00 1.018300000000000038e-01 -0.000000000000000000e+00 1.492629999999999901e+00 0.000000000000000000e+00 1.062899999999999956e-01 0.000000000000000000e+00 1.230159999999999920e+00
1.188020000000000076e+00 -0.000000000000000000e+00 1.018300000000000038e-01 -0.000000000000000000e+00 1.492629999999999901e+00 0.000000000000000000e+00 1.062899999999999956e-01 0.000000000000000000e+00 1.230159999999999920e+00
4.516560000000000130e+00 -0.000000000000000000e+00 -2.122999999999999887e-01 -0.000000000000000000e+00 5.587419999999999831e+00 0.000000000000000000e+00 -5.052999999999999853e-02 0.000000000000000000e+00 4.282630000000000159e+00
4.516560000000000130e+00 -0.000000000000000000e+00 -2.122999999999999887e-01 -0.000000000000000000e+00 5.587419999999999831e+00 0.000000000000000000e+00 -5.052999999999999853e-02 0.000000000000000000e+00 4.282630000000000159e+00
6.402800000000000047e+00 -4.097299999999999831e-01 -4.657200000000000228e-01 4.506100000000000105e-01 4.888650000000000162e+00 -4.908899999999999930e-01 -5.274400000000000199e-01 -6.399000000000000521e-02 6.359560000000000102e+00
6.402800000000000047e+00 -4.097299999999999831e-01 -4.657200000000000228e-01 4.506100000000000105e-01 4.888650000000000162e+00 -4.908899999999999930e-01 -5.274400000000000199e-01 -6.399000000000000521e-02 6.359560000000000102e+00
6.402800000000000047e+00 4.097299999999999831e-01 -4.657200000000000228e-01 -4.506100000000000105e-01 4.888650000000000162e+00 4.908899999999999930e-01 -5.274400000000000199e-01 6.399000000000000521e-02 6.359560000000000102e+00
6.402800000000000047e+00 4.097299999999999831e-01 -4.657200000000000228e-01 -4.506100000000000105e-01 4.888650000000000162e+00 4.908899999999999930e-01 -5.274400000000000199e-01 6.399000000000000521e-02 6.359560000000000102e+00
-2.519010000000000193e+00 5.066300000000000248e-01 1.785970000000000057e+00 2.355099999999999971e-01 -1.118249999999999966e+00 -2.361499999999999988e-01 1.666260000000000074e+00 -5.406199999999999894e-01 -2.857530000000000125e+00
-2.519010000000000193e+00 5.066300000000000248e-01 1.785970000000000057e+00 2.355099999999999971e-01 -1.118249999999999966e+00 -2.361499999999999988e-01 1.666260000000000074e+00 -5.406199999999999894e-01 -2.857530000000000125e+00
-2.519010000000000193e+00 -5.066300000000000248e-01 1.785970000000000057e+00 -2.355099999999999971e-01 -1.118249999999999966e+00 2.361499999999999988e-01 1.666260000000000074e+00 5.406199999999999894e-01 -2.857530000000000125e+00
-2.519010000000000193e+00 -5.066300000000000248e-01 1.785970000000000057e+00 -2.355099999999999971e-01 -1.118249999999999966e+00 2.361499999999999988e-01 1.666260000000000074e+00 5.406199999999999894e-01 -2.857530000000000125e+00
-1.320279999999999898e+00 -3.900000000000000133e-01 -2.222899999999999876e-01 -7.159999999999999698e-02 -2.982489999999999863e+00 -1.206269999999999953e+00 -2.251499999999999890e-01 -1.412719999999999976e+00 -2.160350000000000215e+00
-1.320279999999999898e+00 -3.900000000000000133e-01 -2.222899999999999876e-01 -7.159999999999999698e-02 -2.982489999999999863e+00 -1.206269999999999953e+00 -2.251499999999999890e-01 -1.412719999999999976e+00 -2.160350000000000215e+00
-1.320279999999999898e+00 3.900000000000000133e-01 -2.222899999999999876e-01 7.159999999999999698e-02 -2.982489999999999863e+00 1.206269999999999953e+00 -2.251499999999999890e-01 1.412719999999999976e+00 -2.160350000000000215e+00
-1.320279999999999898e+00 3.900000000000000133e-01 -2.222899999999999876e-01 7.159999999999999698e-02 -2.982489999999999863e+00 1.206269999999999953e+00 -2.251499999999999890e-01 1.412719999999999976e+00 -2.160350000000000215e+00
-2.009269999999999889e+00 -2.847299999999999831e-01 -7.402300000000000546e-01 -3.902100000000000013e-01 -2.435249999999999915e+00 7.406099999999999905e-01 -5.679400000000000004e-01 7.234599999999999920e-01 -2.872710000000000097e+00
-2.009269999999999889e+00 -2.847299999999999831e-01 -7.402300000000000546e-01 -3.902100000000000013e-01 -2.435249999999999915e+00 7.406099999999999905e-01 -5.679400000000000004e-01 7.234599999999999920e-01 -2.872710000000000097e+00
-2.009269999999999889e+00 2.847299999999999831e-01 -7.402300000000000546e-01 3.902100000000000013e-01 -2.435249999999999915e+00 -7.406099999999999905e-01 -5.679400000000000004e-01 -7.234599999999999920e-01 -2.872710000000000097e+00
-2.009269999999999889e+00 2.847299999999999831e-01 -7.402300000000000546e-01 3.902100000000000013e-01 -2.435249999999999915e+00 -7.406099999999999905e-01 -5.679400000000000004e-01 -7.234599999999999920e-01 -2.872710000000000097e+00
-3.406530000000000058e+00 -1.609609999999999985e+00 -3.024999999999999911e-01 -1.475789999999999935e+00 -1.892679999999999918e+00 -2.647499999999999853e-01 -3.735999999999999877e-01 -4.522300000000000209e-01 -1.225349999999999939e+00
-3.406530000000000058e+00 -1.609609999999999985e+00 -3.024999999999999911e-01 -1.475789999999999935e+00 -1.892679999999999918e+00 -2.647499999999999853e-01 -3.735999999999999877e-01 -4.522300000000000209e-01 -1.225349999999999939e+00
-3.406530000000000058e+00 1.609609999999999985e+00 -3.024999999999999911e-01 1.475789999999999935e+00 -1.892679999999999918e+00 2.647499999999999853e-01 -3.735999999999999877e-01 4.522300000000000209e-01 -1.225349999999999939e+00
-3.406530000000000058e+00 1.609609999999999985e+00 -3.024999999999999911e-01 1.475789999999999935e+00 -1.892679999999999918e+00 2.647499999999999853e-01 -3.735999999999999877e-01 4.522300000000000209e-01 -1.225349999999999939e+00
