-4.816942210446430866e-02
-3.005573431762808417e-02
-2.418812502866038439e-02
2.963282820867500611e+00
3.266820435885549490e+00
3.858158594821636367e+00
4.181775400559135214e+00
4.305639824869675891e+00
4.705278098998249448e+00
5.891154307779832955e+00
6.149003506437590083e+00
6.563825917008915489e+00
6.844286388118496767e+00
7.247928507831970180e+00
7.837134198922914408e+00
8.132302783392344026e+00
9.889749456190386923e+00
1.012093711380178718e+01
1.057900920287187319e+01
1.077343919867447930e+01
1.120521052263016770e+01
1.123275193775229752e+01
1.153366286077649328e+01
1.189793278528102149e+01
1.216506994080689275e+01
1.354050402104309292e+01
1.362657151130375688e+01
1.372418022369640234e+01
2.047494489280566654e+01
2.118618099980116298e+01
2.336576134593343923e+01
2.346703367150086805e+01
2.731607980034354455e+01
2.787544415982720380e+01
2.824137182117719647e+01
2.827352107760302857e+01
