1.406360000000000054e+00 -2.908899999999999819e-01 0.000000000000000000e+00 8.890000000000000333e-03 8.811799999999999633e-01 0.000000000000000000e+00 0.000000000000000000e+00 0.000000000000000000e+00 1.224409999999999998e+00
1.406360000000000054e+00 2.908899999999999819e-01 0.000000000000000000e+00 -8.890000000000000333e-03 8.811799999999999633e-01 0.000000000000000000e+00 0.000000000000000000e+00 0.000000000000000000e+00 1.224409999999999998e+00
9.433799999999999963e-01 -2.843000000000000041e-02 0.000000000000000000e+00 5.809999999999999887e-02 1.222329999999999917e+00 0.000000000000000000e+00 0.000000000000000000e+00 0.000000000000000000e+00 9.608299999999999619e-01
9.433799999999999963e-01 -2.843000000000000041e-02 0.000000000000000000e+00 5.809999999999999887e-02 1.222329999999999917e+00 0.000000000000000000e+00 0.000000000000000000e+00 0.000000000000000000e+00 9.608299999999999619e-01
9.433799999999999963e-01 2.843000000000000041e-02 -0.000000000000000000e+00 -5.809999999999999887e-02 1.222329999999999917e+00 0.000000000000000000e+00 0.000000000000000000e+00 0.000000000000000000e+00 9.608299999999999619e-01
9.433799999999999963e-01 2.843000000000000041e-02 -0.000000000000000000e+00 -5.809999999999999887e-02 1.222329999999999917e+00 0.000000000000000000e+00 0.000000000000000000e+00 0.000000000000000000e+00 9.608299999999999619e-01
3.282700000000000062e-01 -1.555949999999999944e+00 0.000000000000000000e+00 -1.664800000000000058e+00 7.159999999999999698e-01 0.000000000000000000e+00 0.000000000000000000e+00 0.000000000000000000e+00 -1.069730000000000070e+00
3.282700000000000062e-01 1.555949999999999944e+00 0.000000000000000000e+00 1.664800000000000058e+00 7.159999999999999698e-01 0.000000000000000000e+00 0.000000000000000000e+00 0.000000000000000000e+00 -1.069730000000000070e+00
-1.810699999999999976e+00 -6.652900000000000480e-01 0.000000000000000000e+00 -8.764199999999999768e-01 -2.020919999999999828e+00 0.000000000000000000e+00 0.000000000000000000e+00 0.000000000000000000e+00 -1.038170000000000037e+00
-1.810699999999999976e+00 6.652900000000000480e-01 0.000000000000000000e+00 8.764199999999999768e-01 -2.020919999999999828e+00 0.000000000000000000e+00 0.000000000000000000e+00 0.000000000000000000e+00 -1.038170000000000037e+00
-1.810699999999999976e+00 6.652900000000000480e-01 0.000000000000000000e+00 8.764199999999999768e-01 -2.020919999999999828e+00 0.000000000000000000e+00 0.000000000000000000e+00 0.000000000000000000e+00 -1.038170000000000037e+00
-1.810699999999999976e+00 -6.652900000000000480e-01 -0.000000000000000000e+00 -8.764199999999999768e-01 -2.020919999999999828e+00 0.000000000000000000e+00 0.000000000000000000e+00 0.000000000000000000e+00 -1.038170000000000037e+00
