-1.218867647031878117e-02
-1.218857151608336228e-02
-1.200713386718495201e-02
2.676281130439063016e+00
3.373549635651932554e+00
3.373549635684277792e+00
3.447852864919441096e+00
3.656665930703854706e+00
3.656665931019659865e+00
4.408172399933353525e+00
4.780269048790968256e+00
4.780269049250862601e+00
5.760193964114972864e+00
5.760193964933075783e+00
7.503968822850954901e+00
7.503968823118325027e+00
7.684906913698743125e+00
8.537380397802916576e+00
9.016427951212897085e+00
9.016427951657449924e+00
9.534417815307747901e+00
1.118976311432240145e+01
1.118976311465103457e+01
1.269274761427847764e+01
1.296378588993654901e+01
1.296378589023226802e+01
1.437966242346905865e+01
1.486324820915588596e+01
1.486324820939303848e+01
1.661271689643287885e+01
