-5.749818058539162002e-02
-4.703805926230924389e-02
-3.114340261665157067e-02
1.442368431414821295e+00
2.099693279274634783e+00
2.368553718478380254e+00
2.386921498642303074e+00
2.415961415153000225e+00
2.546399441525970975e+00
2.725567734554639632e+00
2.804307011719804343e+00
3.107524546684128364e+00
3.130365716291958478e+00
3.268788255694448974e+00
3.374272304140033540e+00
3.516770847110762599e+00
3.659978480335135398e+00
3.954531842348771864e+00
4.056391155826628570e+00
4.072530172775358004e+00
4.223334793473443760e+00
4.227117793664516121e+00
4.365831040101856075e+00
4.540653212549297102e+00
4.591502604823825884e+00
4.890313878757782007e+00
5.030113209486041015e+00
5.354593177237355839e+00
5.384979551143197263e+00
5.442540219962435977e+00
5.530973691282077276e+00
5.616920131358739354e+00
5.757574537111450397e+00
5.808286155989440758e+00
5.888440414659560140e+00
6.107162187613883297e+00
7.335163849880683706e+00
7.445410555242044204e+00
7.748845882239849381e+00
7.839430821855565945e+00
8.077542761786734360e+00
8.219294980447035215e+00
8.562829091847731888e+00
8.587004199752406919e+00
9.059824082632275122e+00
9.526373430726037483e+00
1.652058935737560574e+01
1.652638159355248604e+01
1.656392387880879724e+01
1.689019484121933345e+01
1.737001078438320789e+01
1.790481328086196555e+01
1.852387464185694554e+01
1.855647645326610373e+01
