-6.439556817933415889e-02
-3.210785065035191149e-02
-3.210771180493456056e-02
2.544288604571831147e+00
2.544288606164629041e+00
3.593042951019001841e+00
3.593042951767502213e+00
3.645872931499512415e+00
3.645872932258007459e+00
4.874723400345966517e+00
4.874723400683893537e+00
5.348500133788492761e+00
5.670914728781268899e+00
8.441826315147121562e+00
8.441826315249024049e+00
8.988091370733211960e+00
9.518792302699182528e+00
9.518792303441188096e+00
1.152760162225763096e+01
1.152760162262504906e+01
1.409527213903749576e+01
1.494564829084532853e+01
1.616473439664854439e+01
1.635120156510778600e+01
1.768966694787479454e+01
1.768966694831804531e+01
1.778140217546382829e+01
1.778140217572359205e+01
1.792525664891243409e+01
2.077881623654696241e+01
2.099057336418245612e+01
2.099057336444456823e+01
2.099451002409941935e+01
2.099451002435883495e+01
2.112450377203757768e+01
2.146926052860525402e+01
2.146926052863422640e+01
2.148242396086267192e+01
2.155525271932480180e+01
2.155525271942136456e+01
2.441628576843915965e+01
2.550987501192531681e+01
2.655608410743471737e+01
2.888047116232971590e+01
2.960610568153744637e+01
2.960610568204004167e+01
2.961182691219912755e+01
2.961182691268629341e+01
