1.054349999999999898e+00 -0.000000000000000000e+00 -6.065000000000000252e-02 0.000000000000000000e+00 1.058680000000000065e+00 0.000000000000000000e+00 -3.572000000000000175e-02 -0.000000000000000000e+00 1.040280000000000094e+00
1.054349999999999898e+00 -0.000000000000000000e+00 -6.065000000000000252e-02 0.000000000000000000e+00 1.058680000000000065e+00 0.000000000000000000e+00 -3.572000000000000175e-02 -0.000000000000000000e+00 1.040280000000000094e+00
1.054349999999999898e+00 0.000000000000000000e+00 6.065000000000000252e-02 0.000000000000000000e+00 1.058680000000000065e+00 0.000000000000000000e+00 3.572000000000000175e-02 0.000000000000000000e+00 1.040280000000000094e+00
1.054349999999999898e+00 0.000000000000000000e+00 6.065000000000000252e-02 0.000000000000000000e+00 1.058680000000000065e+00 0.000000000000000000e+00 3.572000000000000175e-02 0.000000000000000000e+00 1.040280000000000094e+00
8.471099999999999852e+00 3.699999999999999947e-04 8.577299999999999924e-01 2.507699999999999929e-01 8.389920000000000044e+00 -1.090540000000000065e+00 -8.594500000000000473e-01 1.168940000000000090e+00 8.296379999999999200e+00
8.471099999999999852e+00 -3.699999999999999947e-04 8.577299999999999924e-01 -2.507699999999999929e-01 8.389920000000000044e+00 1.090540000000000065e+00 -8.594500000000000473e-01 -1.168940000000000090e+00 8.296379999999999200e+00
8.471099999999999852e+00 3.699999999999999947e-04 -8.577299999999999924e-01 2.507699999999999929e-01 8.389920000000000044e+00 1.090540000000000065e+00 8.594500000000000473e-01 -1.168940000000000090e+00 8.296379999999999200e+00
8.471099999999999852e+00 -3.699999999999999947e-04 -8.577299999999999924e-01 -2.507699999999999929e-01 8.389920000000000044e+00 -1.090540000000000065e+00 8.594500000000000473e-01 1.168940000000000090e+00 8.296379999999999200e+00
-4.000399999999999956e+00 2.727999999999999869e-02 -2.396269999999999900e+00 1.830999999999999989e-02 -1.568330000000000002e+00 -1.444999999999999930e-02 -2.341889999999999805e+00 -1.686999999999999958e-02 -3.873250000000000082e+00
-4.000399999999999956e+00 -2.727999999999999869e-02 -2.396269999999999900e+00 -1.830999999999999989e-02 -1.568330000000000002e+00 1.444999999999999930e-02 -2.341889999999999805e+00 1.686999999999999958e-02 -3.873250000000000082e+00
-4.000399999999999956e+00 2.727999999999999869e-02 2.396269999999999900e+00 1.830999999999999989e-02 -1.568330000000000002e+00 1.444999999999999930e-02 2.341889999999999805e+00 1.686999999999999958e-02 -3.873250000000000082e+00
-4.000399999999999956e+00 -2.727999999999999869e-02 2.396269999999999900e+00 -1.830999999999999989e-02 -1.568330000000000002e+00 -1.444999999999999930e-02 2.341889999999999805e+00 -1.686999999999999958e-02 -3.873250000000000082e+00
-4.000399999999999956e+00 -2.727999999999999869e-02 -2.396269999999999900e+00 -1.830999999999999989e-02 -1.568330000000000002e+00 1.444999999999999930e-02 -2.341889999999999805e+00 1.686999999999999958e-02 -3.873250000000000082e+00
-4.000399999999999956e+00 2.727999999999999869e-02 -2.396269999999999900e+00 1.830999999999999989e-02 -1.568330000000000002e+00 -1.444999999999999930e-02 -2.341889999999999805e+00 -1.686999999999999958e-02 -3.873250000000000082e+00
-4.000399999999999956e+00 -2.727999999999999869e-02 2.396269999999999900e+00 -1.830999999999999989e-02 -1.568330000000000002e+00 -1.444999999999999930e-02 2.341889999999999805e+00 -1.686999999999999958e-02 -3.873250000000000082e+00
-4.000399999999999956e+00 2.727999999999999869e-02 2.396269999999999900e+00 1.830999999999999989e-02 -1.568330000000000002e+00 1.444999999999999930e-02 2.341889999999999805e+00 1.686999999999999958e-02 -3.873250000000000082e+00
-1.524650000000000061e+00 0.000000000000000000e+00 1.207099999999999979e-01 0.000000000000000000e+00 -6.311919999999999753e+00 0.000000000000000000e+00 -1.300800000000000012e-01 -0.000000000000000000e+00 -1.590160000000000018e+00
-1.524650000000000061e+00 0.000000000000000000e+00 1.207099999999999979e-01 0.000000000000000000e+00 -6.311919999999999753e+00 0.000000000000000000e+00 -1.300800000000000012e-01 -0.000000000000000000e+00 -1.590160000000000018e+00
-1.524650000000000061e+00 0.000000000000000000e+00 -1.207099999999999979e-01 0.000000000000000000e+00 -6.311919999999999753e+00 0.000000000000000000e+00 1.300800000000000012e-01 -0.000000000000000000e+00 -1.590160000000000018e+00
-1.524650000000000061e+00 0.000000000000000000e+00 -1.207099999999999979e-01 0.000000000000000000e+00 -6.311919999999999753e+00 0.000000000000000000e+00 1.300800000000000012e-01 -0.000000000000000000e+00 -1.590160000000000018e+00
