8.077299999999999258e+00 3.670599999999999974e-01 3.670599999999999974e-01 3.670599999999999974e-01 8.077299999999999258e+00 3.670599999999999974e-01 3.670599999999999974e-01 3.670599999999999974e-01 8.077299999999999258e+00
8.077299999999999258e+00 -3.670599999999999974e-01 -3.670599999999999974e-01 -3.670599999999999974e-01 8.077299999999999258e+00 3.670599999999999974e-01 -3.670599999999999974e-01 3.670599999999999974e-01 8.077299999999999258e+00
8.077299999999999258e+00 3.670599999999999974e-01 -3.670599999999999974e-01 3.670599999999999974e-01 8.077299999999999258e+00 -3.670599999999999974e-01 -3.670599999999999974e-01 -3.670599999999999974e-01 8.077299999999999258e+00
8.077299999999999258e+00 -3.670599999999999974e-01 3.670599999999999974e-01 -3.670599999999999974e-01 8.077299999999999258e+00 -3.670599999999999974e-01 3.670599999999999974e-01 -3.670599999999999974e-01 8.077299999999999258e+00
2.548830000000000151e+00 1.220000000000000077e-02 1.220000000000000077e-02 1.220000000000000077e-02 2.548830000000000151e+00 1.220000000000000077e-02 1.220000000000000077e-02 1.220000000000000077e-02 2.548830000000000151e+00
2.548830000000000151e+00 -1.220000000000000077e-02 -1.220000000000000077e-02 -1.220000000000000077e-02 2.548830000000000151e+00 1.220000000000000077e-02 -1.220000000000000077e-02 1.220000000000000077e-02 2.548830000000000151e+00
2.548830000000000151e+00 1.220000000000000077e-02 -1.220000000000000077e-02 1.220000000000000077e-02 2.548830000000000151e+00 -1.220000000000000077e-02 -1.220000000000000077e-02 -1.220000000000000077e-02 2.548830000000000151e+00
2.548830000000000151e+00 -1.220000000000000077e-02 1.220000000000000077e-02 -1.220000000000000077e-02 2.548830000000000151e+00 -1.220000000000000077e-02 1.220000000000000077e-02 -1.220000000000000077e-02 2.548830000000000151e+00
-3.690389999999999837e+00 -2.187699999999999978e+00 -0.000000000000000000e+00 -2.187699999999999978e+00 -3.690389999999999837e+00 -0.000000000000000000e+00 -0.000000000000000000e+00 -0.000000000000000000e+00 -2.288670000000000204e+00
-3.690389999999999837e+00 2.187699999999999978e+00 -0.000000000000000000e+00 2.187699999999999978e+00 -3.690389999999999837e+00 0.000000000000000000e+00 -0.000000000000000000e+00 0.000000000000000000e+00 -2.288670000000000204e+00
-3.690389999999999837e+00 0.000000000000000000e+00 2.187699999999999978e+00 0.000000000000000000e+00 -2.288670000000000204e+00 -0.000000000000000000e+00 2.187699999999999978e+00 -0.000000000000000000e+00 -3.690389999999999837e+00
-2.288670000000000204e+00 0.000000000000000000e+00 -0.000000000000000000e+00 0.000000000000000000e+00 -3.690389999999999837e+00 -2.187699999999999978e+00 -0.000000000000000000e+00 -2.187699999999999978e+00 -3.690389999999999837e+00
-2.288670000000000204e+00 0.000000000000000000e+00 -0.000000000000000000e+00 0.000000000000000000e+00 -3.690389999999999837e+00 2.187699999999999978e+00 -0.000000000000000000e+00 2.187699999999999978e+00 -3.690389999999999837e+00
-3.690389999999999837e+00 0.000000000000000000e+00 -2.187699999999999978e+00 0.000000000000000000e+00 -2.288670000000000204e+00 0.000000000000000000e+00 -2.187699999999999978e+00 0.000000000000000000e+00 -3.690389999999999837e+00
-3.690389999999999837e+00 0.000000000000000000e+00 2.187699999999999978e+00 0.000000000000000000e+00 -2.288670000000000204e+00 -0.000000000000000000e+00 2.187699999999999978e+00 -0.000000000000000000e+00 -3.690389999999999837e+00
-3.690389999999999837e+00 0.000000000000000000e+00 -2.187699999999999978e+00 0.000000000000000000e+00 -2.288670000000000204e+00 0.000000000000000000e+00 -2.187699999999999978e+00 0.000000000000000000e+00 -3.690389999999999837e+00
-1.913340000000000041e+00 0.000000000000000000e+00 -0.000000000000000000e+00 0.000000000000000000e+00 -1.913340000000000041e+00 0.000000000000000000e+00 -0.000000000000000000e+00 -0.000000000000000000e+00 -1.913340000000000041e+00
-1.913340000000000041e+00 0.000000000000000000e+00 -0.000000000000000000e+00 0.000000000000000000e+00 -1.913340000000000041e+00 0.000000000000000000e+00 -0.000000000000000000e+00 0.000000000000000000e+00 -1.913340000000000041e+00
-3.690389999999999837e+00 2.187699999999999978e+00 -0.000000000000000000e+00 2.187699999999999978e+00 -3.690389999999999837e+00 0.000000000000000000e+00 -0.000000000000000000e+00 0.000000000000000000e+00 -2.288670000000000204e+00
-2.288670000000000204e+00 0.000000000000000000e+00 -0.000000000000000000e+00 0.000000000000000000e+00 -3.690389999999999837e+00 2.187699999999999978e+00 -0.000000000000000000e+00 2.187699999999999978e+00 -3.690389999999999837e+00
-2.288670000000000204e+00 0.000000000000000000e+00 -0.000000000000000000e+00 0.000000000000000000e+00 -3.690389999999999837e+00 -2.187699999999999978e+00 -0.000000000000000000e+00 -2.187699999999999978e+00 -3.690389999999999837e+00
-3.690389999999999837e+00 -2.187699999999999978e+00 -0.000000000000000000e+00 -2.187699999999999978e+00 -3.690389999999999837e+00 -0.000000000000000000e+00 -0.000000000000000000e+00 -0.000000000000000000e+00 -2.288670000000000204e+00
