-2.085992463597698410e-01
-1.683629743721884453e-01
-1.683629743720540806e-01
3.288591902709075310e+00
3.297680210432435643e+00
3.297680210432444525e+00
3.316169357385017058e+00
3.316169357385024608e+00
3.579629476156215517e+00
4.077940113665188271e+00
4.534449857800720629e+00
4.534449857800728623e+00
4.641904314431618772e+00
4.828585533035442801e+00
4.856535499517213417e+00
4.856535499517216081e+00
6.229447808568198575e+00
6.634773902690457525e+00
7.282403592684269178e+00
7.282403592684274507e+00
7.488876130807115672e+00
7.552857976656795813e+00
8.453537210885107456e+00
8.453537210885114561e+00
8.941413017740801550e+00
9.120298222572124303e+00
9.178504041324508478e+00
9.178504041324510254e+00
9.796475841998667278e+00
9.927192908719097986e+00
1.011913666010408974e+01
1.011913666010409507e+01
1.143266424799712588e+01
1.143266424799713477e+01
1.158739704148887029e+01
1.277352457178661993e+01
1.301719037125305967e+01
1.301719037125306500e+01
1.310652155092712334e+01
1.455159087582466348e+01
1.461608399390319590e+01
1.701384144199722570e+01
1.701384144199723991e+01
1.749722876170373809e+01
1.749722876170374519e+01
1.847004919224302455e+01
1.940831976812086879e+01
2.263510427260547431e+01
