2.615639999999999965e+00 -0.000000000000000000e+00 0.000000000000000000e+00 -0.000000000000000000e+00 3.280069999999999819e+00 -6.955700000000000216e-01 -0.000000000000000000e+00 5.144400000000000084e-01 3.153030000000000221e+00
3.113960000000000061e+00 2.877100000000000213e-01 6.023800000000000265e-01 2.877100000000000213e-01 2.781750000000000167e+00 3.477899999999999880e-01 -4.455200000000000271e-01 -2.572200000000000042e-01 3.153030000000000221e+00
3.113960000000000061e+00 -2.877100000000000213e-01 -6.023800000000000265e-01 -2.877100000000000213e-01 2.781750000000000167e+00 3.477899999999999880e-01 4.455200000000000271e-01 -2.572200000000000042e-01 3.153030000000000221e+00
3.200239999999999974e+00 -0.000000000000000000e+00 0.000000000000000000e+00 -0.000000000000000000e+00 3.764450000000000074e+00 -7.874100000000000543e-01 -0.000000000000000000e+00 5.733300000000000063e-01 3.727850000000000108e+00
3.623400000000000176e+00 2.443099999999999994e-01 6.819100000000000161e-01 2.443099999999999994e-01 3.341289999999999871e+00 3.936999999999999944e-01 -4.965200000000000169e-01 -2.866600000000000259e-01 3.727850000000000108e+00
3.623400000000000176e+00 -2.443099999999999994e-01 -6.819100000000000161e-01 -2.443099999999999994e-01 3.341289999999999871e+00 3.936999999999999944e-01 4.965200000000000169e-01 -2.866600000000000259e-01 3.727850000000000108e+00
-2.288759999999999906e+00 -6.902999999999999414e-02 7.112000000000000544e-01 -3.976999999999999980e-02 -1.006029999999999980e+00 4.356999999999999762e-02 7.353399999999999936e-01 1.720200000000000062e-01 -1.639040000000000052e+00
-1.373820000000000041e+00 5.680100000000000149e-01 -3.933300000000000129e-01 5.972699999999999676e-01 -1.920970000000000066e+00 5.941300000000000470e-01 -5.166399999999999881e-01 5.508199999999999763e-01 -1.639040000000000052e+00
-1.279600000000000071e+00 -5.428699999999999637e-01 -3.178699999999999859e-01 -5.136100000000000110e-01 -2.015179999999999971e+00 -6.377000000000000446e-01 -2.187000000000000055e-01 -7.228299999999999725e-01 -1.639040000000000052e+00
-2.288759999999999906e+00 6.902999999999999414e-02 -7.112000000000000544e-01 3.976999999999999980e-02 -1.006029999999999980e+00 4.356999999999999762e-02 -7.353399999999999936e-01 1.720200000000000062e-01 -1.639040000000000052e+00
-1.373820000000000041e+00 -5.680100000000000149e-01 3.933300000000000129e-01 -5.972699999999999676e-01 -1.920970000000000066e+00 5.941300000000000470e-01 5.166399999999999881e-01 5.508199999999999763e-01 -1.639040000000000052e+00
-1.279600000000000071e+00 5.428699999999999637e-01 3.178699999999999859e-01 5.136100000000000110e-01 -2.015179999999999971e+00 -6.377000000000000446e-01 2.187000000000000055e-01 -7.228299999999999725e-01 -1.639040000000000052e+00
-1.199780000000000069e+00 4.636799999999999811e-01 2.967199999999999838e-01 3.367600000000000038e-01 -1.935629999999999962e+00 -7.623799999999999466e-01 1.280600000000000072e-01 -7.779199999999999449e-01 -1.801390000000000047e+00
-1.405070000000000041e+00 -4.552899999999999725e-01 5.118800000000000017e-01 -5.822000000000000508e-01 -1.730350000000000055e+00 6.381599999999999495e-01 6.096700000000000452e-01 4.998699999999999810e-01 -1.801390000000000047e+00
-2.098269999999999857e+00 1.819800000000000029e-01 -8.085999999999999854e-01 5.505999999999999783e-02 -1.037139999999999951e+00 1.242199999999999971e-01 -7.377299999999999969e-01 2.780500000000000194e-01 -1.801390000000000047e+00
-1.199780000000000069e+00 -4.636799999999999811e-01 -2.967199999999999838e-01 -3.367600000000000038e-01 -1.935629999999999962e+00 -7.623799999999999466e-01 -1.280600000000000072e-01 -7.779199999999999449e-01 -1.801390000000000047e+00
-1.405070000000000041e+00 4.552899999999999725e-01 -5.118800000000000017e-01 5.822000000000000508e-01 -1.730350000000000055e+00 6.381599999999999495e-01 -6.096700000000000452e-01 4.998699999999999810e-01 -1.801390000000000047e+00
-2.098269999999999857e+00 -1.819800000000000029e-01 8.085999999999999854e-01 -5.505999999999999783e-02 -1.037139999999999951e+00 1.242199999999999971e-01 7.377299999999999969e-01 2.780500000000000194e-01 -1.801390000000000047e+00
