-1.889018089265657660e-02
-9.327500951163107332e-03
-9.327500950365726073e-03
2.516224895001241357e+00
2.516224895001255568e+00
2.775068280497776207e+00
2.775068280497777984e+00
3.763917202422074837e+00
3.763917202422079278e+00
4.775656714884497056e+00
4.881803112865837235e+00
4.881803112865837235e+00
5.379102787366103477e+00
5.726088366959299236e+00
5.925220394133642543e+00
5.925220394133643431e+00
6.253968653278166201e+00
6.253968653278170642e+00
6.597897165243382211e+00
6.597897165243385764e+00
7.333245550220517828e+00
7.382837366874689167e+00
7.382837366874690055e+00
8.129382783915195532e+00
8.467512557779793170e+00
8.467512557779796722e+00
8.756764458670907914e+00
1.017076587297095536e+01
1.422382937047449758e+01
1.495963141490902792e+01
1.675251114605328695e+01
1.675251114605330116e+01
1.705542359690310761e+01
1.705542359690310761e+01
1.910465730115814154e+01
2.103056890682774949e+01
