-1.157420463786999199e-01
-5.845078725154816829e-02
-4.389383497995862776e-02
2.464042969858447840e+00
2.525136107705321376e+00
2.554742314255659785e+00
2.771929708723489316e+00
2.915455190969355126e+00
3.030957683228283628e+00
3.583890107102462252e+00
3.862569040261972120e+00
3.949950622280299584e+00
4.001883905956716170e+00
4.075118444730916778e+00
4.123950520798233654e+00
4.770282428934748076e+00
4.838177383232603823e+00
5.184227695269570724e+00
5.269149130384975344e+00
5.302529434035550437e+00
5.310846182643480518e+00
5.528941201682661344e+00
6.019697189757430067e+00
6.247813122381828066e+00
6.247835080817791820e+00
6.359782154262707543e+00
6.445733705600423136e+00
6.852801823768190914e+00
7.072951887372677326e+00
7.236101899816049787e+00
7.265658846369267287e+00
7.880955273944190154e+00
8.129324926048569822e+00
8.174047619282115207e+00
8.594768670906887564e+00
8.711985899800477995e+00
8.760575066230279262e+00
8.918292581860105983e+00
9.222677404572635851e+00
9.375530274405743825e+00
9.456789882086722443e+00
1.025465495117168047e+01
1.060659126195677082e+01
1.113531566233110937e+01
1.396278920189985762e+01
1.413111475766322123e+01
1.465269615540690396e+01
1.487927308138346305e+01
1.497566950193300173e+01
1.510181569448219818e+01
1.529926365088670437e+01
1.562096161626866930e+01
1.571489727099928757e+01
1.693120966094268809e+01
1.696450033227512577e+01
1.715043688056384141e+01
1.832949959411033092e+01
1.845696575308752685e+01
1.870584483806930365e+01
1.876234958826441002e+01
1.904212534517867539e+01
1.930454017615350182e+01
1.942179695440186293e+01
1.975921705193699651e+01
2.048593074906816724e+01
2.101936041096467633e+01
2.114401543717334775e+01
2.182001853672279523e+01
2.244998104390271010e+01
2.253382418463890247e+01
2.313396558098784439e+01
2.314459772407484195e+01
