1.352589999999999959e+00 0.000000000000000000e+00 2.033000000000000085e-01 0.000000000000000000e+00 1.308480000000000087e+00 -0.000000000000000000e+00 2.340299999999999880e-01 -0.000000000000000000e+00 1.117390000000000105e+00
1.352589999999999959e+00 0.000000000000000000e+00 2.033000000000000085e-01 0.000000000000000000e+00 1.308480000000000087e+00 -0.000000000000000000e+00 2.340299999999999880e-01 -0.000000000000000000e+00 1.117390000000000105e+00
1.435559999999999947e+00 0.000000000000000000e+00 1.573100000000000054e-01 0.000000000000000000e+00 1.221410000000000107e+00 -0.000000000000000000e+00 2.562099999999999933e-01 -0.000000000000000000e+00 1.162630000000000052e+00
1.435559999999999947e+00 0.000000000000000000e+00 1.573100000000000054e-01 0.000000000000000000e+00 1.221410000000000107e+00 -0.000000000000000000e+00 2.562099999999999933e-01 -0.000000000000000000e+00 1.162630000000000052e+00
3.209709999999999841e+00 4.150499999999999745e-01 -6.889999999999999458e-01 -5.451300000000000034e-01 2.961399999999999810e+00 1.658600000000000074e-01 -7.266799999999999926e-01 -6.477199999999999624e-01 4.954909999999999926e+00
3.209709999999999841e+00 -4.150499999999999745e-01 -6.889999999999999458e-01 5.451300000000000034e-01 2.961399999999999810e+00 -1.658600000000000074e-01 -7.266799999999999926e-01 6.477199999999999624e-01 4.954909999999999926e+00
3.209709999999999841e+00 4.150499999999999745e-01 -6.889999999999999458e-01 -5.451300000000000034e-01 2.961399999999999810e+00 1.658600000000000074e-01 -7.266799999999999926e-01 -6.477199999999999624e-01 4.954909999999999926e+00
3.209709999999999841e+00 -4.150499999999999745e-01 -6.889999999999999458e-01 5.451300000000000034e-01 2.961399999999999810e+00 -1.658600000000000074e-01 -7.266799999999999926e-01 6.477199999999999624e-01 4.954909999999999926e+00
-2.300959999999999894e+00 8.730000000000000260e-02 -5.488600000000000145e-01 5.058899999999999508e-01 -8.352600000000000025e-01 1.774499999999999966e-01 -6.469799999999999995e-01 8.297000000000000208e-02 -1.082589999999999941e+00
-2.300959999999999894e+00 -8.730000000000000260e-02 -5.488600000000000145e-01 -5.058899999999999508e-01 -8.352600000000000025e-01 -1.774499999999999966e-01 -6.469799999999999995e-01 -8.297000000000000208e-02 -1.082589999999999941e+00
-2.300959999999999894e+00 8.730000000000000260e-02 -5.488600000000000145e-01 5.058899999999999508e-01 -8.352600000000000025e-01 1.774499999999999966e-01 -6.469799999999999995e-01 8.297000000000000208e-02 -1.082589999999999941e+00
-2.300959999999999894e+00 -8.730000000000000260e-02 -5.488600000000000145e-01 -5.058899999999999508e-01 -8.352600000000000025e-01 -1.774499999999999966e-01 -6.469799999999999995e-01 -8.297000000000000208e-02 -1.082589999999999941e+00
-9.016699999999999715e-01 -5.670100000000000140e-01 -2.459600000000000120e-01 -4.339500000000000024e-01 -2.038759999999999906e+00 -6.634600000000000497e-01 -1.938600000000000045e-01 -4.686299999999999910e-01 -1.023099999999999898e+00
-9.016699999999999715e-01 5.670100000000000140e-01 -2.459600000000000120e-01 4.339500000000000024e-01 -2.038759999999999906e+00 6.634600000000000497e-01 -1.938600000000000045e-01 4.686299999999999910e-01 -1.023099999999999898e+00
-9.016699999999999715e-01 -5.670100000000000140e-01 -2.459600000000000120e-01 -4.339500000000000024e-01 -2.038759999999999906e+00 -6.634600000000000497e-01 -1.938600000000000045e-01 -4.686299999999999910e-01 -1.023099999999999898e+00
-9.016699999999999715e-01 5.670100000000000140e-01 -2.459600000000000120e-01 4.339500000000000024e-01 -2.038759999999999906e+00 6.634600000000000497e-01 -1.938600000000000045e-01 4.686299999999999910e-01 -1.023099999999999898e+00
-1.401159999999999961e+00 7.065900000000000514e-01 1.303509999999999946e+00 5.694599999999999662e-01 -1.352319999999999967e+00 -1.443699999999999983e+00 1.322400000000000020e+00 -2.177270000000000039e+00 -3.989230000000000054e+00
-1.401159999999999961e+00 -7.065900000000000514e-01 1.303509999999999946e+00 -5.694599999999999662e-01 -1.352319999999999967e+00 1.443699999999999983e+00 1.322400000000000020e+00 2.177270000000000039e+00 -3.989230000000000054e+00
-1.401159999999999961e+00 7.065900000000000514e-01 1.303509999999999946e+00 5.694599999999999662e-01 -1.352319999999999967e+00 -1.443699999999999983e+00 1.322400000000000020e+00 -2.177270000000000039e+00 -3.989230000000000054e+00
-1.401159999999999961e+00 -7.065900000000000514e-01 1.303509999999999946e+00 -5.694599999999999662e-01 -1.352319999999999967e+00 1.443699999999999983e+00 1.322400000000000020e+00 2.177270000000000039e+00 -3.989230000000000054e+00
