-7.401943002366576096e-02
-7.401924979240460944e-02
-5.323569257126777726e-02
2.983517280085787871e+00
2.983517280290660878e+00
3.425134737549926367e+00
3.604305271909999941e+00
3.604305272553852024e+00
3.620140162574842613e+00
3.662039033885920336e+00
3.662039033996205450e+00
3.905504064101205319e+00
4.575347034229706011e+00
4.575347034649194455e+00
5.094860201459342264e+00
5.889209596519784817e+00
5.889209597973146693e+00
6.704448127504782917e+00
8.455469925447202328e+00
8.455469925954302468e+00
8.810477232703169292e+00
8.810477233304728983e+00
9.689544016123941006e+00
9.896419011402905141e+00
9.896419011715634539e+00
1.067720270125260207e+01
1.120636604067438746e+01
1.120636604185304819e+01
1.143257859205720273e+01
1.170990654379873241e+01
1.203063353788279777e+01
1.203063353797358381e+01
1.210256255684983806e+01
1.244684825132401862e+01
1.352380422620882250e+01
1.352380422627127921e+01
1.560916592392161384e+01
1.677346700472557117e+01
1.677346700510381439e+01
1.752524677998693647e+01
1.752524678019535997e+01
1.816454529441985954e+01
1.816454529457269373e+01
1.869855539152236545e+01
1.869855539176901260e+01
1.881870750386529068e+01
1.974647881487648249e+01
1.974647881528229476e+01
2.034654125661191770e+01
2.034654125673517555e+01
2.045372756366128542e+01
2.052283407631542289e+01
2.099372910129150327e+01
2.099372910161980244e+01
2.105707910591588217e+01
2.126684906208076242e+01
2.126684906214027393e+01
2.137879432727995876e+01
2.183908639587328082e+01
2.183908639603686197e+01
2.187864348018669602e+01
2.187864348029260597e+01
2.226428008364176137e+01
2.228365505421670889e+01
2.228365505430003424e+01
2.273061558954530170e+01
2.286593323738072669e+01
2.290399254975708487e+01
2.290399254983856636e+01
2.310190006349857939e+01
2.310190006358341108e+01
2.348172971656184771e+01
2.395263234771021033e+01
2.395263234779227801e+01
2.459211256531417433e+01
2.677502170458275543e+01
2.785179077681182491e+01
2.892488674409874960e+01
