1.487610000000000099e+00 3.009999999999999828e-02 7.646999999999999631e-02 3.583000000000000074e-02 1.138500000000000068e+00 8.482000000000000650e-02 5.705999999999999961e-02 6.324000000000000454e-02 1.376859999999999973e+00
1.053790000000000004e+00 -1.007000000000000083e-02 -8.065999999999999559e-02 -5.199999999999999761e-03 1.542410000000000059e+00 1.089000000000000037e-02 -6.040000000000000230e-02 3.339999999999999913e-02 1.462210000000000010e+00
1.053790000000000004e+00 1.007000000000000083e-02 -8.065999999999999559e-02 5.199999999999999761e-03 1.542410000000000059e+00 -1.089000000000000037e-02 -6.040000000000000230e-02 -3.339999999999999913e-02 1.462210000000000010e+00
1.487610000000000099e+00 -3.009999999999999828e-02 7.646999999999999631e-02 -3.583000000000000074e-02 1.138500000000000068e+00 -8.482000000000000650e-02 5.705999999999999961e-02 -6.324000000000000454e-02 1.376859999999999973e+00
1.487610000000000099e+00 -3.009999999999999828e-02 7.646999999999999631e-02 -3.583000000000000074e-02 1.138500000000000068e+00 -8.482000000000000650e-02 5.705999999999999961e-02 -6.324000000000000454e-02 1.376859999999999973e+00
1.053790000000000004e+00 1.007000000000000083e-02 -8.065999999999999559e-02 5.199999999999999761e-03 1.542410000000000059e+00 -1.089000000000000037e-02 -6.040000000000000230e-02 -3.339999999999999913e-02 1.462210000000000010e+00
1.053790000000000004e+00 -1.007000000000000083e-02 -8.065999999999999559e-02 -5.199999999999999761e-03 1.542410000000000059e+00 1.089000000000000037e-02 -6.040000000000000230e-02 3.339999999999999913e-02 1.462210000000000010e+00
1.487610000000000099e+00 3.009999999999999828e-02 7.646999999999999631e-02 3.583000000000000074e-02 1.138500000000000068e+00 8.482000000000000650e-02 5.705999999999999961e-02 6.324000000000000454e-02 1.376859999999999973e+00
1.960939999999999905e+00 3.363499999999999823e-01 -5.761999999999999761e-02 2.993799999999999795e-01 6.800399999999999778e-01 -4.531499999999999972e-01 -6.097000000000000336e-02 -4.444000000000000172e-01 1.305469999999999908e+00
1.960939999999999905e+00 -3.363499999999999823e-01 -5.761999999999999761e-02 -2.993799999999999795e-01 6.800399999999999778e-01 4.531499999999999972e-01 -6.097000000000000336e-02 4.444000000000000172e-01 1.305469999999999908e+00
1.960939999999999905e+00 -3.363499999999999823e-01 -5.761999999999999761e-02 -2.993799999999999795e-01 6.800399999999999778e-01 4.531499999999999972e-01 -6.097000000000000336e-02 4.444000000000000172e-01 1.305469999999999908e+00
1.960939999999999905e+00 3.363499999999999823e-01 -5.761999999999999761e-02 2.993799999999999795e-01 6.800399999999999778e-01 -4.531499999999999972e-01 -6.097000000000000336e-02 -4.444000000000000172e-01 1.305469999999999908e+00
-2.222539999999999960e+00 -9.489000000000000212e-02 -2.648999999999999966e-02 -6.927999999999999436e-02 -1.422509999999999941e+00 4.319299999999999806e-01 1.074999999999999914e-02 4.068700000000000094e-01 -2.043860000000000010e+00
-2.279799999999999827e+00 1.427400000000000058e-01 8.830000000000000349e-02 1.404600000000000015e-01 -1.938430000000000097e+00 -1.704100000000000059e-01 5.356000000000000344e-02 -1.556899999999999951e-01 -2.100670000000000037e+00
-2.279799999999999827e+00 -1.427400000000000058e-01 8.830000000000000349e-02 -1.404600000000000015e-01 -1.938430000000000097e+00 1.704100000000000059e-01 5.356000000000000344e-02 1.556899999999999951e-01 -2.100670000000000037e+00
-2.222539999999999960e+00 9.489000000000000212e-02 -2.648999999999999966e-02 6.927999999999999436e-02 -1.422509999999999941e+00 -4.319299999999999806e-01 1.074999999999999914e-02 -4.068700000000000094e-01 -2.043860000000000010e+00
-2.222539999999999960e+00 9.489000000000000212e-02 -2.648999999999999966e-02 6.927999999999999436e-02 -1.422509999999999941e+00 -4.319299999999999806e-01 1.074999999999999914e-02 -4.068700000000000094e-01 -2.043860000000000010e+00
-2.279799999999999827e+00 -1.427400000000000058e-01 8.830000000000000349e-02 -1.404600000000000015e-01 -1.938430000000000097e+00 1.704100000000000059e-01 5.356000000000000344e-02 1.556899999999999951e-01 -2.100670000000000037e+00
-2.279799999999999827e+00 1.427400000000000058e-01 8.830000000000000349e-02 1.404600000000000015e-01 -1.938430000000000097e+00 -1.704100000000000059e-01 5.356000000000000344e-02 -1.556899999999999951e-01 -2.100670000000000037e+00
-2.222539999999999960e+00 -9.489000000000000212e-02 -2.648999999999999966e-02 -6.927999999999999436e-02 -1.422509999999999941e+00 4.319299999999999806e-01 1.074999999999999914e-02 4.068700000000000094e-01 -2.043860000000000010e+00
