1.020259999999999945e+00 -1.853599999999999970e-01 0.000000000000000000e+00 -9.439999999999999780e-02 9.881999999999999673e-01 -0.000000000000000000e+00 0.000000000000000000e+00 0.000000000000000000e+00 1.092510000000000092e+00
1.020259999999999945e+00 -1.853599999999999970e-01 0.000000000000000000e+00 -9.439999999999999780e-02 9.881999999999999673e-01 0.000000000000000000e+00 0.000000000000000000e+00 0.000000000000000000e+00 1.092510000000000092e+00
1.095669999999999922e+00 -0.000000000000000000e+00 -0.000000000000000000e+00 -0.000000000000000000e+00 1.010480000000000045e+00 -1.438500000000000056e-01 0.000000000000000000e+00 9.224999999999999867e-02 9.104299999999999615e-01
1.095669999999999922e+00 -0.000000000000000000e+00 0.000000000000000000e+00 -0.000000000000000000e+00 1.010480000000000045e+00 1.438500000000000056e-01 -0.000000000000000000e+00 -9.224999999999999867e-02 9.104299999999999615e-01
1.095669999999999922e+00 -0.000000000000000000e+00 -0.000000000000000000e+00 -0.000000000000000000e+00 1.010480000000000045e+00 -1.438500000000000056e-01 0.000000000000000000e+00 9.224999999999999867e-02 9.104299999999999615e-01
1.095669999999999922e+00 -0.000000000000000000e+00 0.000000000000000000e+00 -0.000000000000000000e+00 1.010480000000000045e+00 1.438500000000000056e-01 -0.000000000000000000e+00 -9.224999999999999867e-02 9.104299999999999615e-01
1.020259999999999945e+00 1.853599999999999970e-01 -0.000000000000000000e+00 9.439999999999999780e-02 9.881999999999999673e-01 0.000000000000000000e+00 0.000000000000000000e+00 0.000000000000000000e+00 1.092510000000000092e+00
1.020259999999999945e+00 1.853599999999999970e-01 -0.000000000000000000e+00 9.439999999999999780e-02 9.881999999999999673e-01 -0.000000000000000000e+00 0.000000000000000000e+00 0.000000000000000000e+00 1.092510000000000092e+00
2.814259999999999984e+00 -0.000000000000000000e+00 0.000000000000000000e+00 -0.000000000000000000e+00 2.685099999999999820e+00 -0.000000000000000000e+00 0.000000000000000000e+00 0.000000000000000000e+00 3.024210000000000065e+00
2.814259999999999984e+00 -0.000000000000000000e+00 0.000000000000000000e+00 -0.000000000000000000e+00 2.685099999999999820e+00 -0.000000000000000000e+00 0.000000000000000000e+00 0.000000000000000000e+00 3.024210000000000065e+00
-1.985440000000000094e+00 -2.999600000000000044e-01 0.000000000000000000e+00 -3.571599999999999775e-01 -1.657070000000000043e+00 0.000000000000000000e+00 0.000000000000000000e+00 0.000000000000000000e+00 -1.472569999999999935e+00
-1.985440000000000094e+00 -2.999600000000000044e-01 0.000000000000000000e+00 -3.571599999999999775e-01 -1.657070000000000043e+00 -0.000000000000000000e+00 0.000000000000000000e+00 0.000000000000000000e+00 -1.472569999999999935e+00
-1.537619999999999987e+00 0.000000000000000000e+00 -0.000000000000000000e+00 0.000000000000000000e+00 -1.684160000000000101e+00 -2.539899999999999936e-01 -0.000000000000000000e+00 -3.482600000000000140e-01 -2.042479999999999851e+00
-1.537619999999999987e+00 0.000000000000000000e+00 0.000000000000000000e+00 0.000000000000000000e+00 -1.684160000000000101e+00 2.539899999999999936e-01 0.000000000000000000e+00 3.482600000000000140e-01 -2.042479999999999851e+00
-1.537619999999999987e+00 0.000000000000000000e+00 0.000000000000000000e+00 0.000000000000000000e+00 -1.684160000000000101e+00 2.539899999999999936e-01 0.000000000000000000e+00 3.482600000000000140e-01 -2.042479999999999851e+00
-1.537619999999999987e+00 0.000000000000000000e+00 -0.000000000000000000e+00 0.000000000000000000e+00 -1.684160000000000101e+00 -2.539899999999999936e-01 -0.000000000000000000e+00 -3.482600000000000140e-01 -2.042479999999999851e+00
-1.985440000000000094e+00 2.999600000000000044e-01 0.000000000000000000e+00 3.571599999999999775e-01 -1.657070000000000043e+00 0.000000000000000000e+00 0.000000000000000000e+00 0.000000000000000000e+00 -1.472569999999999935e+00
-1.985440000000000094e+00 2.999600000000000044e-01 0.000000000000000000e+00 3.571599999999999775e-01 -1.657070000000000043e+00 0.000000000000000000e+00 0.000000000000000000e+00 0.000000000000000000e+00 -1.472569999999999935e+00
