-5.813156088241033109e-02
-5.331201273671297425e-02
-4.765393169177336435e-02
8.134733583259421419e-01
1.057831783835064376e+00
1.235265911718837595e+00
1.235452611545560186e+00
1.250361589623429470e+00
1.367358103464443309e+00
1.628284960427964112e+00
1.693889034303770247e+00
1.847112607946645335e+00
1.970853061655593264e+00
2.032982543356037564e+00
2.328108951744900512e+00
2.538163644425003085e+00
2.788223450538563686e+00
2.955683716896197133e+00
3.062293978136858108e+00
3.274273751444464864e+00
3.653390024391550028e+00
3.674417545489743198e+00
3.695969303146835028e+00
4.851504831618145275e+00
4.988337815062508618e+00
5.079371476038764932e+00
5.437926142949851105e+00
6.383494882906311396e+00
6.412107142462490472e+00
6.682861033395772310e+00
6.811809185873037187e+00
6.930046523811886239e+00
7.515981381972006936e+00
7.712220613345120768e+00
8.334547124080570413e+00
8.690064880687069504e+00
8.782458582728688512e+00
9.228080875012910411e+00
9.311346399808698493e+00
9.380721281512823140e+00
9.473651495425023938e+00
9.684553442886285168e+00
9.861308259762587625e+00
1.077287591668551769e+01
1.172604547992750845e+01
1.179563407741939685e+01
1.181951760655135075e+01
1.191630246890484202e+01
1.241656116998967363e+01
1.271197977341128649e+01
1.273681177401354070e+01
1.293779872049776714e+01
1.350598317542787719e+01
1.377745111285229385e+01
1.384858406443265189e+01
1.399542823004654579e+01
1.838305230499073062e+01
1.871760283924665558e+01
1.875698253411319882e+01
1.919818809578596586e+01
2.022591843663702349e+01
2.071045187489213291e+01
2.081451435842195252e+01
2.089556544537130023e+01
2.123245534646999033e+01
2.132003294220215750e+01
2.148138871873503675e+01
2.151774610960244871e+01
2.430127150200859631e+01
2.431874394992642152e+01
2.449276533228148267e+01
2.456069436220638735e+01
2.456888067253751728e+01
2.459032114932808355e+01
2.488237363982223727e+01
2.492008481752594662e+01
2.492416137317158942e+01
2.671737151375473474e+01
2.672369481194886376e+01
2.674678244439549601e+01
2.700442289553776831e+01
2.718536069969934843e+01
2.801727751907488084e+01
2.842631829116126951e+01
