8.632699999999999818e-01 0.000000000000000000e+00 -0.000000000000000000e+00 0.000000000000000000e+00 1.221379999999999910e+00 0.000000000000000000e+00 -0.000000000000000000e+00 0.000000000000000000e+00 1.125690000000000079e+00
8.632699999999999818e-01 0.000000000000000000e+00 -0.000000000000000000e+00 0.000000000000000000e+00 1.221379999999999910e+00 0.000000000000000000e+00 -0.000000000000000000e+00 0.000000000000000000e+00 1.125690000000000079e+00
1.221379999999999910e+00 0.000000000000000000e+00 -0.000000000000000000e+00 0.000000000000000000e+00 8.632699999999999818e-01 0.000000000000000000e+00 -0.000000000000000000e+00 0.000000000000000000e+00 1.125690000000000079e+00
1.221379999999999910e+00 0.000000000000000000e+00 -0.000000000000000000e+00 0.000000000000000000e+00 8.632699999999999818e-01 0.000000000000000000e+00 -0.000000000000000000e+00 0.000000000000000000e+00 1.125690000000000079e+00
8.507599999999999607e-01 -5.837099999999999511e-01 -0.000000000000000000e+00 -5.837099999999999511e-01 8.507599999999999607e-01 0.000000000000000000e+00 -0.000000000000000000e+00 0.000000000000000000e+00 2.645000000000000129e-02
8.507599999999999607e-01 -5.837099999999999511e-01 -0.000000000000000000e+00 -5.837099999999999511e-01 8.507599999999999607e-01 0.000000000000000000e+00 -0.000000000000000000e+00 0.000000000000000000e+00 2.645000000000000129e-02
8.507599999999999607e-01 5.837099999999999511e-01 -0.000000000000000000e+00 5.837099999999999511e-01 8.507599999999999607e-01 -0.000000000000000000e+00 -0.000000000000000000e+00 -0.000000000000000000e+00 2.645000000000000129e-02
8.507599999999999607e-01 5.837099999999999511e-01 -0.000000000000000000e+00 5.837099999999999511e-01 8.507599999999999607e-01 -0.000000000000000000e+00 -0.000000000000000000e+00 -0.000000000000000000e+00 2.645000000000000129e-02
-1.608060000000000045e+00 -0.000000000000000000e+00 0.000000000000000000e+00 -0.000000000000000000e+00 -2.178119999999999834e+00 -0.000000000000000000e+00 0.000000000000000000e+00 -0.000000000000000000e+00 -1.152139999999999942e+00
-1.608060000000000045e+00 -0.000000000000000000e+00 0.000000000000000000e+00 -0.000000000000000000e+00 -2.178119999999999834e+00 -0.000000000000000000e+00 0.000000000000000000e+00 -0.000000000000000000e+00 -1.152139999999999942e+00
-2.178119999999999834e+00 -0.000000000000000000e+00 0.000000000000000000e+00 -0.000000000000000000e+00 -1.608060000000000045e+00 -0.000000000000000000e+00 0.000000000000000000e+00 -0.000000000000000000e+00 -1.152139999999999942e+00
-2.178119999999999834e+00 -0.000000000000000000e+00 0.000000000000000000e+00 -0.000000000000000000e+00 -1.608060000000000045e+00 -0.000000000000000000e+00 0.000000000000000000e+00 -0.000000000000000000e+00 -1.152139999999999942e+00
