-8.118188759549636868e-02
-5.139476384454206431e-02
-2.722145255984989229e-02
1.182531767418128155e+00
1.428455507902991917e+00
1.758339623062906476e+00
1.917655452031006735e+00
2.142236302508436996e+00
2.147917509331827901e+00
2.470044679620549744e+00
2.947302243294392277e+00
3.101679099264498252e+00
3.370413539114567314e+00
3.666347591635051639e+00
3.702867368773749224e+00
3.790612238091823905e+00
4.018675923611874090e+00
4.224792793446878747e+00
4.400123218481636123e+00
4.617553394987802484e+00
4.737165443317783442e+00
4.815240857994800727e+00
4.971073918181120099e+00
5.176625432457101716e+00
8.862515805110424694e+00
8.995057979701426731e+00
9.242621433082236493e+00
9.247303790569626258e+00
9.465632016650928904e+00
9.510722536623754664e+00
9.545024312597901073e+00
9.848308998733800834e+00
1.006780771742466207e+01
1.052878062577264906e+01
2.465767590945136334e+01
2.466721839767813407e+01
2.470900144186162706e+01
2.472111079464663064e+01
2.500070201562308370e+01
2.548920944177655912e+01
2.672960489035743592e+01
2.674896461938700654e+01
