2.420300000000000118e+00 -8.745999999999999608e-02 9.526999999999999358e-02 -4.182999999999999913e-02 2.815430000000000099e+00 -3.148000000000000104e-02 -3.751000000000000167e-02 -9.026000000000000689e-02 2.261690000000000200e+00
2.420300000000000118e+00 8.745999999999999608e-02 9.526999999999999358e-02 4.182999999999999913e-02 2.815430000000000099e+00 3.148000000000000104e-02 -3.751000000000000167e-02 9.026000000000000689e-02 2.261690000000000200e+00
2.420300000000000118e+00 -8.745999999999999608e-02 9.526999999999999358e-02 -4.182999999999999913e-02 2.815430000000000099e+00 -3.148000000000000104e-02 -3.751000000000000167e-02 -9.026000000000000689e-02 2.261690000000000200e+00
2.420300000000000118e+00 8.745999999999999608e-02 9.526999999999999358e-02 4.182999999999999913e-02 2.815430000000000099e+00 3.148000000000000104e-02 -3.751000000000000167e-02 9.026000000000000689e-02 2.261690000000000200e+00
2.501510000000000122e+00 1.107299999999999951e-01 -1.233299999999999952e-01 -4.830999999999999878e-02 2.408079999999999998e+00 3.601000000000000034e-02 4.159000000000000197e-02 1.668300000000000061e-01 2.728590000000000071e+00
2.501510000000000122e+00 -1.107299999999999951e-01 -1.233299999999999952e-01 4.830999999999999878e-02 2.408079999999999998e+00 -3.601000000000000034e-02 4.159000000000000197e-02 -1.668300000000000061e-01 2.728590000000000071e+00
2.501510000000000122e+00 1.107299999999999951e-01 -1.233299999999999952e-01 -4.830999999999999878e-02 2.408079999999999998e+00 3.601000000000000034e-02 4.159000000000000197e-02 1.668300000000000061e-01 2.728590000000000071e+00
2.501510000000000122e+00 -1.107299999999999951e-01 -1.233299999999999952e-01 4.830999999999999878e-02 2.408079999999999998e+00 -3.601000000000000034e-02 4.159000000000000197e-02 -1.668300000000000061e-01 2.728590000000000071e+00
3.094430000000000014e+00 4.528000000000000080e-02 1.024100000000000010e-01 6.000000000000000152e-05 3.065280000000000005e+00 -6.199999999999999782e-03 9.765999999999999681e-02 1.089000000000000037e-02 2.764600000000000168e+00
3.094430000000000014e+00 -4.528000000000000080e-02 1.024100000000000010e-01 -6.000000000000000152e-05 3.065280000000000005e+00 6.199999999999999782e-03 9.765999999999999681e-02 -1.089000000000000037e-02 2.764600000000000168e+00
3.094430000000000014e+00 4.528000000000000080e-02 1.024100000000000010e-01 6.000000000000000152e-05 3.065280000000000005e+00 -6.199999999999999782e-03 9.765999999999999681e-02 1.089000000000000037e-02 2.764600000000000168e+00
3.094430000000000014e+00 -4.528000000000000080e-02 1.024100000000000010e-01 -6.000000000000000152e-05 3.065280000000000005e+00 6.199999999999999782e-03 9.765999999999999681e-02 -1.089000000000000037e-02 2.764600000000000168e+00
-1.553530000000000078e+00 1.474600000000000077e-01 3.744000000000000106e-02 1.748800000000000077e-01 -2.734360000000000124e+00 1.519800000000000040e-01 5.659000000000000141e-02 1.167300000000000004e-01 -1.658130000000000104e+00
-1.553530000000000078e+00 -1.474600000000000077e-01 3.744000000000000106e-02 -1.748800000000000077e-01 -2.734360000000000124e+00 -1.519800000000000040e-01 5.659000000000000141e-02 -1.167300000000000004e-01 -1.658130000000000104e+00
-1.553530000000000078e+00 1.474600000000000077e-01 3.744000000000000106e-02 1.748800000000000077e-01 -2.734360000000000124e+00 1.519800000000000040e-01 5.659000000000000141e-02 1.167300000000000004e-01 -1.658130000000000104e+00
-1.553530000000000078e+00 -1.474600000000000077e-01 3.744000000000000106e-02 -1.748800000000000077e-01 -2.734360000000000124e+00 -1.519800000000000040e-01 5.659000000000000141e-02 -1.167300000000000004e-01 -1.658130000000000104e+00
-1.861779999999999990e+00 1.170800000000000035e-01 1.184899999999999981e-01 8.039999999999999925e-02 -1.897780000000000022e+00 -3.284799999999999942e-01 4.494000000000000078e-02 -3.371299999999999852e-01 -2.281169999999999920e+00
-1.861779999999999990e+00 -1.170800000000000035e-01 1.184899999999999981e-01 -8.039999999999999925e-02 -1.897780000000000022e+00 3.284799999999999942e-01 4.494000000000000078e-02 3.371299999999999852e-01 -2.281169999999999920e+00
-1.861779999999999990e+00 1.170800000000000035e-01 1.184899999999999981e-01 8.039999999999999925e-02 -1.897780000000000022e+00 -3.284799999999999942e-01 4.494000000000000078e-02 -3.371299999999999852e-01 -2.281169999999999920e+00
-1.861779999999999990e+00 -1.170800000000000035e-01 1.184899999999999981e-01 -8.039999999999999925e-02 -1.897780000000000022e+00 3.284799999999999942e-01 4.494000000000000078e-02 3.371299999999999852e-01 -2.281169999999999920e+00
-2.340990000000000126e+00 -3.035999999999999810e-01 2.131099999999999939e-01 -2.608400000000000163e-01 -1.979850000000000110e+00 1.367099999999999982e-01 2.855099999999999860e-01 1.344899999999999984e-01 -1.721240000000000103e+00
-2.340990000000000126e+00 3.035999999999999810e-01 2.131099999999999939e-01 2.608400000000000163e-01 -1.979850000000000110e+00 -1.367099999999999982e-01 2.855099999999999860e-01 -1.344899999999999984e-01 -1.721240000000000103e+00
-2.340990000000000126e+00 -3.035999999999999810e-01 2.131099999999999939e-01 -2.608400000000000163e-01 -1.979850000000000110e+00 1.367099999999999982e-01 2.855099999999999860e-01 1.344899999999999984e-01 -1.721240000000000103e+00
-2.340990000000000126e+00 3.035999999999999810e-01 2.131099999999999939e-01 2.608400000000000163e-01 -1.979850000000000110e+00 -1.367099999999999982e-01 2.855099999999999860e-01 -1.344899999999999984e-01 -1.721240000000000103e+00
-2.259939999999999838e+00 1.008499999999999952e-01 -4.434000000000000163e-01 5.362000000000000099e-02 -1.676809999999999912e+00 1.155800000000000022e-01 -4.887699999999999823e-01 4.190000000000000148e-03 -2.094339999999999868e+00
-2.259939999999999838e+00 -1.008499999999999952e-01 -4.434000000000000163e-01 -5.362000000000000099e-02 -1.676809999999999912e+00 -1.155800000000000022e-01 -4.887699999999999823e-01 -4.190000000000000148e-03 -2.094339999999999868e+00
-2.259939999999999838e+00 1.008499999999999952e-01 -4.434000000000000163e-01 5.362000000000000099e-02 -1.676809999999999912e+00 1.155800000000000022e-01 -4.887699999999999823e-01 4.190000000000000148e-03 -2.094339999999999868e+00
-2.259939999999999838e+00 -1.008499999999999952e-01 -4.434000000000000163e-01 -5.362000000000000099e-02 -1.676809999999999912e+00 -1.155800000000000022e-01 -4.887699999999999823e-01 -4.190000000000000148e-03 -2.094339999999999868e+00
