4.363629999999999676e+00 0.000000000000000000e+00 8.523000000000000020e-02 0.000000000000000000e+00 3.953349999999999920e+00 0.000000000000000000e+00 2.253000000000000141e-02 0.000000000000000000e+00 4.553279999999999994e+00
4.363629999999999676e+00 0.000000000000000000e+00 8.523000000000000020e-02 0.000000000000000000e+00 3.953349999999999920e+00 0.000000000000000000e+00 2.253000000000000141e-02 0.000000000000000000e+00 4.553279999999999994e+00
3.210910000000000153e+00 -0.000000000000000000e+00 6.173800000000000399e-01 0.000000000000000000e+00 2.842600000000000016e+00 0.000000000000000000e+00 5.560500000000000442e-01 0.000000000000000000e+00 2.421749999999999847e+00
3.210910000000000153e+00 0.000000000000000000e+00 6.173800000000000399e-01 0.000000000000000000e+00 2.842600000000000016e+00 0.000000000000000000e+00 5.560500000000000442e-01 0.000000000000000000e+00 2.421749999999999847e+00
-3.556270000000000042e+00 0.000000000000000000e+00 -1.882600000000000107e-01 0.000000000000000000e+00 -1.795739999999999892e+00 0.000000000000000000e+00 -4.370999999999999885e-01 0.000000000000000000e+00 -1.765249999999999986e+00
-3.556270000000000042e+00 0.000000000000000000e+00 -1.882600000000000107e-01 0.000000000000000000e+00 -1.795739999999999892e+00 0.000000000000000000e+00 -4.370999999999999885e-01 0.000000000000000000e+00 -1.765249999999999986e+00
-2.009129999999999860e+00 2.518000000000000238e-01 -2.571700000000000097e-01 7.437000000000000555e-02 -2.500100000000000211e+00 5.063299999999999468e-01 -7.073999999999999733e-02 1.451099999999999890e-01 -2.604890000000000150e+00
-2.009129999999999860e+00 -2.518000000000000238e-01 -2.571700000000000097e-01 -7.437000000000000555e-02 -2.500100000000000211e+00 -5.063299999999999468e-01 -7.073999999999999733e-02 -1.451099999999999890e-01 -2.604890000000000150e+00
-2.009129999999999860e+00 2.518000000000000238e-01 -2.571700000000000097e-01 7.437000000000000555e-02 -2.500100000000000211e+00 5.063299999999999468e-01 -7.073999999999999733e-02 1.451099999999999890e-01 -2.604890000000000150e+00
-2.009129999999999860e+00 -2.518000000000000238e-01 -2.571700000000000097e-01 -7.437000000000000555e-02 -2.500100000000000211e+00 -5.063299999999999468e-01 -7.073999999999999733e-02 -1.451099999999999890e-01 -2.604890000000000150e+00
