-8.279129147846946146e-02
-8.279126207821320416e-02
-6.824980181231016241e-02
2.461412547096428760e+00
2.461412547254942851e+00
2.598897008462575098e+00
2.628077953848117598e+00
2.732020184296401144e+00
2.884391408525535994e+00
2.884391415017940830e+00
3.304486499539740052e+00
3.407451552087023661e+00
3.407451553376347864e+00
3.444405050620100273e+00
3.444405051975568899e+00
3.726621799574406868e+00
3.726621800917698124e+00
3.889371133757276056e+00
4.187579173206216865e+00
4.556973409410789877e+00
4.665395908135385739e+00
4.665395908529816005e+00
4.858971854498491894e+00
4.914388169191635569e+00
4.914388171363222924e+00
5.405302284745125974e+00
5.405302285738152968e+00
5.427498889647417890e+00
5.427498890294982559e+00
5.522773066350590732e+00
5.800353745577393916e+00
5.800353746408220879e+00
6.090657730230295996e+00
6.090657731627382887e+00
6.778141276676453053e+00
7.639455729456932964e+00
7.765869225084992777e+00
7.889127670140088533e+00
8.273740681751746706e+00
8.273740682173643890e+00
8.765948567494190158e+00
8.765948568005612174e+00
9.681354384749774056e+00
9.681354384969230509e+00
1.050164331047740340e+01
1.050164331071453461e+01
1.071781858711466562e+01
1.082455507449619425e+01
1.111814021692839205e+01
1.111814021711315625e+01
1.116998942196108047e+01
1.116998942285011687e+01
1.181760408805463314e+01
1.191342470190026148e+01
1.412604305660870629e+01
1.412604305723657205e+01
1.508439055170069132e+01
1.508439055202421386e+01
1.517879262732684076e+01
1.517879262795698025e+01
1.540860824632473047e+01
1.586601139907585534e+01
1.586601139936153615e+01
1.613762492419241568e+01
1.800548779861105686e+01
1.802469111458013629e+01
