-3.290108182574404821e-02
-3.290108182535696896e-02
-3.290108182510480955e-02
1.861801904070359059e+00
2.778839040283093809e+00
2.778839040283094253e+00
2.778839040283104467e+00
2.794776107311638835e+00
2.794776107311645497e+00
2.960104884655828883e+00
2.960104884655841317e+00
2.960104884655847091e+00
3.014351174704871905e+00
3.014351174704879011e+00
3.014351174704880787e+00
3.782342969294266943e+00
3.782342969294272716e+00
3.782342969294274937e+00
4.692314400462663571e+00
4.692314400462670676e+00
4.692314400462678670e+00
6.137413524697350020e+00
6.137413524697351797e+00
6.137413524697357126e+00
6.333745190782789081e+00
6.333745190782794410e+00
6.333745190782797962e+00
6.480231079287603002e+00
6.480231079287604778e+00
6.480231079287606555e+00
6.813631214017325632e+00
6.813631214017329185e+00
6.813631214017333626e+00
7.361440855743945910e+00
7.361440855743947687e+00
7.361440855743952127e+00
9.215640753153515163e+00
9.215640753153516940e+00
9.215640753153525822e+00
9.367139927236783237e+00
9.367139927236785013e+00
9.367139927236793895e+00
1.023489775880906549e+01
1.023489775880907082e+01
1.023489775880907082e+01
1.154394167728015397e+01
1.154394167728015752e+01
1.154394167728015930e+01
1.464401833728501856e+01
1.663279984714453619e+01
1.663279984714455750e+01
1.663279984714456461e+01
1.750721411323127086e+01
1.750721411323127441e+01
2.173815838177925386e+01
2.173815838177926096e+01
2.186972366104537002e+01
2.227371159472875206e+01
2.227371159472875206e+01
2.227371159472876272e+01
