-3.130529878216740947e-02
-1.208256290894716735e-02
-1.035708960881364174e-02
2.642822202888241989e+00
2.679134112144650359e+00
2.908066180786498478e+00
3.143718217009469296e+00
3.407920410789892163e+00
3.898777138128603159e+00
4.235222592447631662e+00
4.272901730863314818e+00
4.531311559556596258e+00
4.763299919094352575e+00
7.606659461288022506e+00
8.268489668437181805e+00
8.464873845961193410e+00
1.483678634617684189e+01
1.622213098361985928e+01
1.631056381871737315e+01
1.682235879338019657e+01
1.717708273432146271e+01
1.759617023782498535e+01
1.770402358056868408e+01
1.809908034134345201e+01
