1.282019999999999937e+00 0.000000000000000000e+00 0.000000000000000000e+00 0.000000000000000000e+00 1.226259999999999906e+00 0.000000000000000000e+00 0.000000000000000000e+00 0.000000000000000000e+00 7.435000000000000497e-01
1.142360000000000042e+00 -2.187300000000000078e-01 0.000000000000000000e+00 -2.308099999999999874e-01 1.023819999999999952e+00 0.000000000000000000e+00 0.000000000000000000e+00 0.000000000000000000e+00 1.076519999999999921e+00
1.142360000000000042e+00 2.187300000000000078e-01 0.000000000000000000e+00 2.308099999999999874e-01 1.023819999999999952e+00 0.000000000000000000e+00 0.000000000000000000e+00 0.000000000000000000e+00 1.076519999999999921e+00
1.142360000000000042e+00 -2.187300000000000078e-01 0.000000000000000000e+00 -2.308099999999999874e-01 1.023819999999999952e+00 0.000000000000000000e+00 0.000000000000000000e+00 0.000000000000000000e+00 1.076519999999999921e+00
1.282019999999999937e+00 0.000000000000000000e+00 0.000000000000000000e+00 0.000000000000000000e+00 1.226259999999999906e+00 0.000000000000000000e+00 0.000000000000000000e+00 0.000000000000000000e+00 7.435000000000000497e-01
1.142360000000000042e+00 2.187300000000000078e-01 0.000000000000000000e+00 2.308099999999999874e-01 1.023819999999999952e+00 0.000000000000000000e+00 0.000000000000000000e+00 0.000000000000000000e+00 1.076519999999999921e+00
1.897890000000000077e+00 7.030300000000000438e-01 0.000000000000000000e+00 7.423499999999999543e-01 2.260440000000000005e+00 0.000000000000000000e+00 0.000000000000000000e+00 0.000000000000000000e+00 2.636480000000000157e+00
1.897890000000000077e+00 -7.030300000000000438e-01 -0.000000000000000000e+00 -7.423499999999999543e-01 2.260440000000000005e+00 -0.000000000000000000e+00 -0.000000000000000000e+00 -0.000000000000000000e+00 2.636480000000000157e+00
1.897890000000000077e+00 7.030300000000000438e-01 0.000000000000000000e+00 7.423499999999999543e-01 2.260440000000000005e+00 0.000000000000000000e+00 0.000000000000000000e+00 0.000000000000000000e+00 2.636480000000000157e+00
1.897890000000000077e+00 -7.030300000000000438e-01 -0.000000000000000000e+00 -7.423499999999999543e-01 2.260440000000000005e+00 -0.000000000000000000e+00 -0.000000000000000000e+00 -0.000000000000000000e+00 2.636480000000000157e+00
4.934120000000000061e+00 0.000000000000000000e+00 0.000000000000000000e+00 0.000000000000000000e+00 5.561639999999999695e+00 0.000000000000000000e+00 0.000000000000000000e+00 0.000000000000000000e+00 6.084570000000000256e+00
4.934120000000000061e+00 0.000000000000000000e+00 0.000000000000000000e+00 0.000000000000000000e+00 5.561639999999999695e+00 0.000000000000000000e+00 0.000000000000000000e+00 0.000000000000000000e+00 6.084570000000000256e+00
-1.677079999999999904e+00 0.000000000000000000e+00 4.885700000000000043e-01 0.000000000000000000e+00 -3.212670000000000137e+00 -0.000000000000000000e+00 4.819800000000000195e-01 -0.000000000000000000e+00 -1.760690000000000088e+00
-1.677079999999999904e+00 0.000000000000000000e+00 -4.885700000000000043e-01 0.000000000000000000e+00 -3.212670000000000137e+00 -0.000000000000000000e+00 -4.819800000000000195e-01 -0.000000000000000000e+00 -1.760690000000000088e+00
-1.677079999999999904e+00 0.000000000000000000e+00 4.885700000000000043e-01 0.000000000000000000e+00 -3.212670000000000137e+00 -0.000000000000000000e+00 4.819800000000000195e-01 -0.000000000000000000e+00 -1.760690000000000088e+00
-1.677079999999999904e+00 0.000000000000000000e+00 -4.885700000000000043e-01 0.000000000000000000e+00 -3.212670000000000137e+00 -0.000000000000000000e+00 -4.819800000000000195e-01 -0.000000000000000000e+00 -1.760690000000000088e+00
-2.235619999999999941e+00 1.780899999999999983e-01 7.278900000000000370e-01 1.940199999999999980e-01 -1.732769999999999921e+00 -1.462400000000000089e-01 7.570799999999999752e-01 -7.807999999999999663e-02 -2.683180000000000121e+00
-2.235619999999999941e+00 -1.780899999999999983e-01 -7.278900000000000370e-01 -1.940199999999999980e-01 -1.732769999999999921e+00 -1.462400000000000089e-01 -7.570799999999999752e-01 -7.807999999999999663e-02 -2.683180000000000121e+00
-2.235619999999999941e+00 -1.780899999999999983e-01 7.278900000000000370e-01 -1.940199999999999980e-01 -1.732769999999999921e+00 1.462400000000000089e-01 7.570799999999999752e-01 7.807999999999999663e-02 -2.683180000000000121e+00
-2.235619999999999941e+00 1.780899999999999983e-01 -7.278900000000000370e-01 1.940199999999999980e-01 -1.732769999999999921e+00 1.462400000000000089e-01 -7.570799999999999752e-01 7.807999999999999663e-02 -2.683180000000000121e+00
-2.235619999999999941e+00 1.780899999999999983e-01 -7.278900000000000370e-01 1.940199999999999980e-01 -1.732769999999999921e+00 1.462400000000000089e-01 -7.570799999999999752e-01 7.807999999999999663e-02 -2.683180000000000121e+00
-2.235619999999999941e+00 -1.780899999999999983e-01 -7.278900000000000370e-01 -1.940199999999999980e-01 -1.732769999999999921e+00 -1.462400000000000089e-01 -7.570799999999999752e-01 -7.807999999999999663e-02 -2.683180000000000121e+00
-2.235619999999999941e+00 -1.780899999999999983e-01 7.278900000000000370e-01 -1.940199999999999980e-01 -1.732769999999999921e+00 1.462400000000000089e-01 7.570799999999999752e-01 7.807999999999999663e-02 -2.683180000000000121e+00
-2.235619999999999941e+00 1.780899999999999983e-01 7.278900000000000370e-01 1.940199999999999980e-01 -1.732769999999999921e+00 -1.462400000000000089e-01 7.570799999999999752e-01 -7.807999999999999663e-02 -2.683180000000000121e+00
