1.179040000000000088e+00 -0.000000000000000000e+00 -2.579999999999999828e-03 -0.000000000000000000e+00 1.083530000000000104e+00 -0.000000000000000000e+00 3.234999999999999681e-02 -0.000000000000000000e+00 1.107259999999999911e+00
1.179040000000000088e+00 -0.000000000000000000e+00 -2.579999999999999828e-03 -0.000000000000000000e+00 1.083530000000000104e+00 -0.000000000000000000e+00 3.234999999999999681e-02 -0.000000000000000000e+00 1.107259999999999911e+00
3.703409999999999869e+00 -0.000000000000000000e+00 8.497999999999999998e-02 -0.000000000000000000e+00 3.483709999999999862e+00 -0.000000000000000000e+00 1.178400000000000003e-01 -0.000000000000000000e+00 3.289299999999999891e+00
3.703409999999999869e+00 -0.000000000000000000e+00 8.497999999999999998e-02 -0.000000000000000000e+00 3.483709999999999862e+00 -0.000000000000000000e+00 1.178400000000000003e-01 -0.000000000000000000e+00 3.289299999999999891e+00
3.095149999999999846e+00 6.176399999999999668e-01 -2.774000000000000077e-02 -1.318000000000000074e-02 3.337380000000000013e+00 3.119999999999999996e-01 -7.234000000000000152e-02 -1.857099999999999862e-01 3.611580000000000013e+00
3.095149999999999846e+00 -6.176399999999999668e-01 -2.774000000000000077e-02 1.318000000000000074e-02 3.337380000000000013e+00 -3.119999999999999996e-01 -7.234000000000000152e-02 1.857099999999999862e-01 3.611580000000000013e+00
3.095149999999999846e+00 6.176399999999999668e-01 -2.774000000000000077e-02 -1.318000000000000074e-02 3.337380000000000013e+00 3.119999999999999996e-01 -7.234000000000000152e-02 -1.857099999999999862e-01 3.611580000000000013e+00
3.095149999999999846e+00 -6.176399999999999668e-01 -2.774000000000000077e-02 1.318000000000000074e-02 3.337380000000000013e+00 -3.119999999999999996e-01 -7.234000000000000152e-02 1.857099999999999862e-01 3.611580000000000013e+00
-1.750350000000000072e+00 -7.472800000000000553e-01 -4.100000000000000346e-03 -6.206000000000000405e-01 -2.347160000000000135e+00 -1.915199999999999958e-01 2.061999999999999944e-02 -8.135000000000000564e-02 -1.369830000000000103e+00
-1.750350000000000072e+00 7.472800000000000553e-01 -4.100000000000000346e-03 6.206000000000000405e-01 -2.347160000000000135e+00 1.915199999999999958e-01 2.061999999999999944e-02 8.135000000000000564e-02 -1.369830000000000103e+00
-1.750350000000000072e+00 -7.472800000000000553e-01 -4.100000000000000346e-03 -6.206000000000000405e-01 -2.347160000000000135e+00 -1.915199999999999958e-01 2.061999999999999944e-02 -8.135000000000000564e-02 -1.369830000000000103e+00
-1.750350000000000072e+00 7.472800000000000553e-01 -4.100000000000000346e-03 6.206000000000000405e-01 -2.347160000000000135e+00 1.915199999999999958e-01 2.061999999999999944e-02 8.135000000000000564e-02 -1.369830000000000103e+00
-2.345670000000000144e+00 -3.711800000000000099e-01 -3.628799999999999804e-01 -2.472799999999999998e-01 -1.604630000000000001e+00 1.948000000000000009e-01 -3.609399999999999831e-01 1.566899999999999959e-01 -1.956320000000000059e+00
-2.345670000000000144e+00 3.711800000000000099e-01 -3.628799999999999804e-01 2.472799999999999998e-01 -1.604630000000000001e+00 -1.948000000000000009e-01 -3.609399999999999831e-01 -1.566899999999999959e-01 -1.956320000000000059e+00
-2.345670000000000144e+00 -3.711800000000000099e-01 -3.628799999999999804e-01 -2.472799999999999998e-01 -1.604630000000000001e+00 1.948000000000000009e-01 -3.609399999999999831e-01 1.566899999999999959e-01 -1.956320000000000059e+00
-2.345670000000000144e+00 3.711800000000000099e-01 -3.628799999999999804e-01 2.472799999999999998e-01 -1.604630000000000001e+00 -1.948000000000000009e-01 -3.609399999999999831e-01 -1.566899999999999959e-01 -1.956320000000000059e+00
-1.440350000000000019e+00 2.185600000000000043e-01 3.535200000000000009e-01 1.723800000000000054e-01 -1.669210000000000083e+00 -7.521999999999999797e-01 3.375699999999999812e-01 -8.310899999999999954e-01 -2.483709999999999862e+00
-1.440350000000000019e+00 -2.185600000000000043e-01 3.535200000000000009e-01 -1.723800000000000054e-01 -1.669210000000000083e+00 7.521999999999999797e-01 3.375699999999999812e-01 8.310899999999999954e-01 -2.483709999999999862e+00
-1.440350000000000019e+00 2.185600000000000043e-01 3.535200000000000009e-01 1.723800000000000054e-01 -1.669210000000000083e+00 -7.521999999999999797e-01 3.375699999999999812e-01 -8.310899999999999954e-01 -2.483709999999999862e+00
-1.440350000000000019e+00 -2.185600000000000043e-01 3.535200000000000009e-01 -1.723800000000000054e-01 -1.669210000000000083e+00 7.521999999999999797e-01 3.375699999999999812e-01 8.310899999999999954e-01 -2.483709999999999862e+00
