-5.822676139686632640e-02
-5.822676139606093593e-02
-4.149645470689415638e-02
1.634896861749121078e+00
1.959642141631063650e+00
1.959642141631088297e+00
2.606514643407256138e+00
2.686808144505418827e+00
2.686808144505445917e+00
2.744377161812516341e+00
3.101727419108774697e+00
3.101727419108779582e+00
3.147235122842288124e+00
3.287138972795577541e+00
3.287138972795590863e+00
3.441350859777864812e+00
3.670499058926010250e+00
3.787227127278812056e+00
4.027879668004355374e+00
4.454375989371301081e+00
4.489918017422636076e+00
4.592678371135561655e+00
4.592678371135566984e+00
4.782705755353853228e+00
4.782705755353857668e+00
5.117470004390232141e+00
5.445871559726582767e+00
5.445871559726587208e+00
6.201481566003954171e+00
6.211694994421442573e+00
6.237554840597838712e+00
6.237554840597843153e+00
6.754512769604188449e+00
6.756401258415423605e+00
7.067175699182197235e+00
7.275425479865535117e+00
7.275425479865545775e+00
7.873366736886959316e+00
7.873366736886960204e+00
8.221451913749588059e+00
8.494551256176857024e+00
8.673596940809085609e+00
8.765559334133644853e+00
8.765559334133646630e+00
1.027432475045195837e+01
1.107884508675444124e+01
1.143232317362409844e+01
1.143232317362410022e+01
1.161302860702868678e+01
1.211437691324759136e+01
1.211437691324759314e+01
1.256140469203930188e+01
1.314191877503783523e+01
1.327233133712699065e+01
1.361977182794600694e+01
1.361977182794600871e+01
1.453781342411279631e+01
1.482149553465852243e+01
2.030892664601978126e+01
2.030892664601979547e+01
2.052064930807660303e+01
2.052064930807661014e+01
2.092323859601436808e+01
2.224503467846792759e+01
2.236343342146362190e+01
2.236343342146362545e+01
2.237837485510786451e+01
2.247551947443761122e+01
2.266117347773811375e+01
2.289970234601239341e+01
2.457333009542282554e+01
2.457333009542282554e+01
