-1.193637717621768013e-01
-2.140687234669954447e-02
-2.140658146180436996e-02
1.582882823694120367e+00
1.624275398363705269e+00
1.711340208578160604e+00
1.711340209911495380e+00
2.119311506840444892e+00
2.119311509914349134e+00
2.859383859402252703e+00
2.859383863132778814e+00
3.126132821450925636e+00
3.126132823126257509e+00
3.201392448028005155e+00
3.201392451062887723e+00
3.509195330091519516e+00
4.048612355628554482e+00
4.048612356613589647e+00
4.153820403355640067e+00
4.204757215132045367e+00
4.473989514810760681e+00
4.473989515740302458e+00
4.533803391981929387e+00
4.705399407785114896e+00
4.705399407917870924e+00
5.167509909508112287e+00
5.167509910492602110e+00
5.580977703750120256e+00
5.641431348220899977e+00
5.641431349161399211e+00
5.685372499102667732e+00
6.317414717160472648e+00
6.362410022231781426e+00
6.362410022713632429e+00
6.439092596719162565e+00
6.610592197540401393e+00
7.258615351697711660e+00
7.258615352539423249e+00
7.747809078249020764e+00
7.747809078432956298e+00
8.043648026327382183e+00
8.043648027140227086e+00
8.792202934753522214e+00
8.890577142665842203e+00
8.890577143136454197e+00
9.509764960303686010e+00
1.034952162312755952e+01
1.071375649202415659e+01
1.176228020831090149e+01
1.176228020866529889e+01
1.231015278309760319e+01
1.231015278373991606e+01
1.260403408861901653e+01
1.260403408880786280e+01
1.320122643076887314e+01
1.331165455262643782e+01
1.331597737938562531e+01
1.331597737954559157e+01
1.387389486080362566e+01
1.404723053475819228e+01
1.458953124897810127e+01
1.459609719552497253e+01
1.603048790267971668e+01
1.603048790302844395e+01
1.614136631494445240e+01
1.614136631506737629e+01
2.208062810345509774e+01
2.208062810392848263e+01
2.231359253453273084e+01
2.231359253460930958e+01
2.274406529022439827e+01
2.340373611454094771e+01
2.340373611474210236e+01
2.368092416076608586e+01
2.390217810163322198e+01
2.405216245680697895e+01
2.405216245700722766e+01
2.527764418949324465e+01
2.596659477623613554e+01
2.596659477627105872e+01
2.603970034375404197e+01
2.613509405945186970e+01
2.613509405954240705e+01
2.669295118453030469e+01
