-9.257560430010269847e-02
-3.911436769172979555e-02
-1.740890099336408689e-02
1.895785496175958817e+00
2.054926128941005903e+00
2.362315577849769088e+00
2.512940251276493786e+00
2.537014677374266558e+00
2.621072563931447164e+00
3.011024935886125409e+00
3.103357301294703330e+00
3.107860440584337969e+00
3.275655205243711787e+00
3.443155172194035440e+00
3.525942479438425980e+00
3.635955138681577825e+00
3.818835188643827205e+00
3.835087802950450264e+00
4.051567081948803661e+00
4.410304107842956789e+00
4.489054337377026194e+00
4.888259444301825241e+00
5.069868520997900418e+00
5.126277762210714073e+00
5.477022364022768208e+00
5.702733517274281461e+00
5.703700540235304040e+00
6.068691592724930750e+00
6.213847965273466833e+00
6.392231302751477884e+00
6.890612516549436073e+00
7.027325227761106241e+00
7.397127193665045120e+00
7.458818575368580284e+00
7.675889172644555281e+00
7.825577812983876669e+00
8.809176080003012999e+00
9.094402153552907819e+00
9.106811607580997503e+00
9.248716983466298558e+00
9.568332201901167622e+00
9.751844545914439166e+00
9.800857805124215005e+00
9.877378260419551026e+00
9.993108309863467653e+00
1.097560798451709374e+01
1.109887718491050634e+01
1.123956006200053004e+01
1.134067762002595359e+01
1.138041552263180911e+01
1.151081751569953404e+01
1.154423306883201761e+01
1.230085544968845568e+01
1.368842149810839715e+01
1.498174693283868386e+01
1.507809151421363403e+01
1.793617893269454555e+01
1.849981888376668238e+01
1.952650504509310281e+01
1.953015433536540257e+01
2.148871695890894173e+01
2.165418359152685568e+01
2.166573626437280353e+01
2.201836490242564182e+01
2.312683439723942769e+01
2.394330710642842064e+01
2.409100503417535322e+01
2.450220340037864375e+01
2.530485474436629190e+01
2.596818944028912313e+01
2.661880767875884501e+01
2.711315242581458662e+01
