1.463430000000000009e+00 0.000000000000000000e+00 0.000000000000000000e+00 0.000000000000000000e+00 1.319760000000000044e+00 -7.302000000000000157e-02 0.000000000000000000e+00 -2.288000000000000103e-02 1.350870000000000015e+00
1.463430000000000009e+00 0.000000000000000000e+00 -0.000000000000000000e+00 0.000000000000000000e+00 1.319760000000000044e+00 7.302000000000000157e-02 -0.000000000000000000e+00 2.288000000000000103e-02 1.350870000000000015e+00
1.353679999999999994e+00 0.000000000000000000e+00 -0.000000000000000000e+00 0.000000000000000000e+00 1.230869999999999909e+00 3.266000000000000153e-02 -0.000000000000000000e+00 7.620000000000000037e-03 1.485829999999999984e+00
1.353679999999999994e+00 0.000000000000000000e+00 0.000000000000000000e+00 0.000000000000000000e+00 1.230869999999999909e+00 -3.266000000000000153e-02 0.000000000000000000e+00 -7.620000000000000037e-03 1.485829999999999984e+00
1.169040000000000079e+00 0.000000000000000000e+00 0.000000000000000000e+00 0.000000000000000000e+00 8.606099999999999861e-01 -8.988999999999999768e-02 0.000000000000000000e+00 -1.923900000000000055e-01 1.163790000000000102e+00
1.169040000000000079e+00 0.000000000000000000e+00 -0.000000000000000000e+00 0.000000000000000000e+00 8.606099999999999861e-01 8.988999999999999768e-02 -0.000000000000000000e+00 1.923900000000000055e-01 1.163790000000000102e+00
2.959600000000000009e+00 0.000000000000000000e+00 -0.000000000000000000e+00 0.000000000000000000e+00 2.996539999999999981e+00 4.925999999999999823e-02 0.000000000000000000e+00 -1.166999999999999982e-02 2.938979999999999926e+00
2.959600000000000009e+00 0.000000000000000000e+00 0.000000000000000000e+00 0.000000000000000000e+00 2.996539999999999981e+00 -4.925999999999999823e-02 -0.000000000000000000e+00 1.166999999999999982e-02 2.938979999999999926e+00
-2.057910000000000128e+00 -1.684299999999999964e-01 3.995400000000000063e-01 -1.765200000000000102e-01 -1.312179999999999902e+00 8.050000000000000211e-02 4.295900000000000274e-01 9.075999999999999346e-02 -1.699480000000000102e+00
-2.057910000000000128e+00 -1.684299999999999964e-01 -3.995400000000000063e-01 -1.765200000000000102e-01 -1.312179999999999902e+00 -8.050000000000000211e-02 -4.295900000000000274e-01 -9.075999999999999346e-02 -1.699480000000000102e+00
-1.406220000000000026e+00 -0.000000000000000000e+00 0.000000000000000000e+00 -0.000000000000000000e+00 -1.540880000000000027e+00 -3.798799999999999955e-01 0.000000000000000000e+00 -2.294400000000000051e-01 -2.104810000000000070e+00
-1.406220000000000026e+00 -0.000000000000000000e+00 -0.000000000000000000e+00 -0.000000000000000000e+00 -1.540880000000000027e+00 3.798799999999999955e-01 -0.000000000000000000e+00 2.294400000000000051e-01 -2.104810000000000070e+00
-2.057910000000000128e+00 1.684299999999999964e-01 -3.995400000000000063e-01 1.765200000000000102e-01 -1.312179999999999902e+00 8.050000000000000211e-02 -4.295900000000000274e-01 9.075999999999999346e-02 -1.699480000000000102e+00
-2.057910000000000128e+00 1.684299999999999964e-01 3.995400000000000063e-01 1.765200000000000102e-01 -1.312179999999999902e+00 -8.050000000000000211e-02 4.295900000000000274e-01 -9.075999999999999346e-02 -1.699480000000000102e+00
-1.423710000000000031e+00 -0.000000000000000000e+00 0.000000000000000000e+00 -0.000000000000000000e+00 -2.242539999999999978e+00 -1.520400000000000085e-01 0.000000000000000000e+00 -9.632999999999999896e-02 -1.435689999999999911e+00
-1.423710000000000031e+00 -0.000000000000000000e+00 -0.000000000000000000e+00 -0.000000000000000000e+00 -2.242539999999999978e+00 1.520400000000000085e-01 -0.000000000000000000e+00 9.632999999999999896e-02 -1.435689999999999911e+00
