2.918629999999999836e+00 9.543999999999999706e-02 -0.000000000000000000e+00 -9.543999999999999706e-02 2.918629999999999836e+00 0.000000000000000000e+00 0.000000000000000000e+00 0.000000000000000000e+00 2.740330000000000155e+00
2.918629999999999836e+00 -9.543999999999999706e-02 -0.000000000000000000e+00 9.543999999999999706e-02 2.918629999999999836e+00 0.000000000000000000e+00 0.000000000000000000e+00 -0.000000000000000000e+00 2.740330000000000155e+00
4.491089999999999804e+00 5.039900000000000491e-01 0.000000000000000000e+00 5.039900000000000491e-01 4.491089999999999804e+00 -0.000000000000000000e+00 0.000000000000000000e+00 0.000000000000000000e+00 4.297609999999999708e+00
4.491089999999999804e+00 5.039900000000000491e-01 0.000000000000000000e+00 5.039900000000000491e-01 4.491089999999999804e+00 0.000000000000000000e+00 0.000000000000000000e+00 0.000000000000000000e+00 4.297609999999999708e+00
4.491089999999999804e+00 -5.039900000000000491e-01 0.000000000000000000e+00 -5.039900000000000491e-01 4.491089999999999804e+00 0.000000000000000000e+00 0.000000000000000000e+00 0.000000000000000000e+00 4.297609999999999708e+00
4.491089999999999804e+00 -5.039900000000000491e-01 0.000000000000000000e+00 -5.039900000000000491e-01 4.491089999999999804e+00 0.000000000000000000e+00 0.000000000000000000e+00 0.000000000000000000e+00 4.297609999999999708e+00
2.968799999999999772e-01 -1.062240000000000073e+00 -0.000000000000000000e+00 -1.062240000000000073e+00 2.968799999999999772e-01 0.000000000000000000e+00 0.000000000000000000e+00 -0.000000000000000000e+00 2.036480000000000068e+00
2.968799999999999772e-01 1.062240000000000073e+00 0.000000000000000000e+00 1.062240000000000073e+00 2.968799999999999772e-01 0.000000000000000000e+00 0.000000000000000000e+00 0.000000000000000000e+00 2.036480000000000068e+00
-2.254529999999999923e+00 -3.600700000000000012e-01 4.852299999999999947e-01 -3.600700000000000012e-01 -2.254529999999999923e+00 4.852299999999999947e-01 6.837100000000000399e-01 6.837100000000000399e-01 -2.818449999999999900e+00
-2.254529999999999923e+00 -3.600700000000000012e-01 -4.852299999999999947e-01 -3.600700000000000012e-01 -2.254529999999999923e+00 -4.852299999999999947e-01 -6.837100000000000399e-01 -6.837100000000000399e-01 -2.818449999999999900e+00
-2.254529999999999923e+00 3.600700000000000012e-01 -4.852299999999999947e-01 3.600700000000000012e-01 -2.254529999999999923e+00 4.852299999999999947e-01 -6.837100000000000399e-01 6.837100000000000399e-01 -2.818449999999999900e+00
-2.254529999999999923e+00 3.600700000000000012e-01 4.852299999999999947e-01 3.600700000000000012e-01 -2.254529999999999923e+00 -4.852299999999999947e-01 6.837100000000000399e-01 -6.837100000000000399e-01 -2.818449999999999900e+00
-2.254529999999999923e+00 -3.600700000000000012e-01 4.852299999999999947e-01 -3.600700000000000012e-01 -2.254529999999999923e+00 4.852299999999999947e-01 6.837100000000000399e-01 6.837100000000000399e-01 -2.818449999999999900e+00
-2.254529999999999923e+00 -3.600700000000000012e-01 -4.852299999999999947e-01 -3.600700000000000012e-01 -2.254529999999999923e+00 -4.852299999999999947e-01 -6.837100000000000399e-01 -6.837100000000000399e-01 -2.818449999999999900e+00
-2.254529999999999923e+00 3.600700000000000012e-01 -4.852299999999999947e-01 3.600700000000000012e-01 -2.254529999999999923e+00 4.852299999999999947e-01 -6.837100000000000399e-01 6.837100000000000399e-01 -2.818449999999999900e+00
-2.254529999999999923e+00 3.600700000000000012e-01 4.852299999999999947e-01 3.600700000000000012e-01 -2.254529999999999923e+00 -4.852299999999999947e-01 6.837100000000000399e-01 -6.837100000000000399e-01 -2.818449999999999900e+00
-3.179570000000000007e+00 -3.766200000000000103e-01 -0.000000000000000000e+00 3.766200000000000103e-01 -3.179570000000000007e+00 0.000000000000000000e+00 0.000000000000000000e+00 -0.000000000000000000e+00 -2.098230000000000040e+00
-3.179570000000000007e+00 3.766200000000000103e-01 -0.000000000000000000e+00 -3.766200000000000103e-01 -3.179570000000000007e+00 0.000000000000000000e+00 0.000000000000000000e+00 0.000000000000000000e+00 -2.098230000000000040e+00
