-2.943958942752436178e-02
-2.406641687065882301e-02
-1.582450714333988664e-02
1.715639153204097989e+00
2.149639651129237716e+00
2.190107131315392142e+00
2.414527181552643675e+00
2.670279444003446745e+00
2.923334966576040639e+00
2.974204294660077519e+00
3.000736271837029623e+00
3.111064973844952952e+00
3.119014498058437113e+00
3.434340448823418157e+00
3.486537471547687783e+00
3.504007808077382879e+00
3.737254224542102321e+00
3.961111860015103847e+00
4.064321359841062353e+00
4.268526845143186144e+00
4.333426510557630174e+00
4.511382037362429820e+00
4.574648085211485693e+00
4.853369033268577937e+00
5.345613295475671656e+00
5.348714117824155068e+00
5.455037284548620136e+00
5.783708192830482098e+00
5.922462533264226892e+00
6.018032659125561956e+00
6.204215651353334415e+00
6.360996971239496034e+00
7.341424015641613288e+00
7.400705697130701921e+00
7.605963399917286871e+00
7.796164750237385199e+00
7.811308784285737161e+00
8.491865433218848125e+00
8.831104625240568495e+00
8.941385491431692145e+00
8.960182154094045615e+00
9.278251867008034282e+00
9.576783452913597117e+00
1.009339018658736009e+01
1.026168399839753143e+01
1.035397603150699908e+01
1.079919064687849684e+01
1.124511107959257927e+01
1.237787704635347197e+01
1.251698554466528002e+01
1.304065149040709315e+01
1.305828558265513095e+01
1.323312793385889385e+01
1.325796162838254233e+01
1.435499315782596597e+01
1.461495109626092592e+01
1.468461566662330853e+01
1.493933889949381744e+01
1.567359019777917872e+01
1.624522617757439491e+01
