-6.534792996830252054e-02
-6.241013155603426961e-03
-6.241013152638619742e-03
1.590473055162757277e+00
1.590473055162761717e+00
1.992642312685592332e+00
1.992642312685594552e+00
2.759558804033773516e+00
2.759558804033781065e+00
2.934305191595644846e+00
2.934305191595646622e+00
3.617494744753245062e+00
3.758170848880854287e+00
4.131443908890296335e+00
4.247373898886093180e+00
4.313860543974542772e+00
4.313860543974550765e+00
4.374841006007445188e+00
4.901513981021377475e+00
4.901513981021384581e+00
6.208093969661907074e+00
6.536855887229927831e+00
6.536855887229929607e+00
7.108127383051647818e+00
7.108127383051654036e+00
8.017717647502793810e+00
1.068788206566708787e+01
1.686579554615642706e+01
1.686579554615643417e+01
1.690420341867838161e+01
1.690420341867838872e+01
1.721086082296609376e+01
1.736115707267283881e+01
