-5.235532064652073658e-02
-3.606116955951373798e-02
-3.135901301061626290e-02
7.694893040192306577e-01
1.065585219492087399e+00
1.171200636099554160e+00
1.353214088753143196e+00
1.442006383481016396e+00
1.757165697935171966e+00
1.826184081630326750e+00
1.987726218572366754e+00
2.109250286239165106e+00
2.121322679367757313e+00
2.170562169116563300e+00
2.251299833429567965e+00
2.336050872733725470e+00
2.397855675389993113e+00
2.708015136589897232e+00
2.725112423368988068e+00
2.742491669996465209e+00
2.856803024361322496e+00
2.916735200528151939e+00
3.023299999999999876e+00
3.523190571059136023e+00
3.699773844439684378e+00
3.760818474747219309e+00
4.106958534000556327e+00
4.222506056834022026e+00
4.291786213221715940e+00
4.501328814916768728e+00
4.521823083668798482e+00
4.770994173125764348e+00
4.899437865714800111e+00
5.186531287864752038e+00
5.224504502821296192e+00
5.261689643070940114e+00
5.263460544166736810e+00
5.446195295800546177e+00
5.690387737228457254e+00
5.805638586753398833e+00
5.839190868604998919e+00
5.948674734762357197e+00
6.036683891011686676e+00
6.214997304906897391e+00
6.238156306153284980e+00
6.338163117181506934e+00
6.358020910629344158e+00
6.594251193274335954e+00
6.645964106132382199e+00
6.752296513039101278e+00
6.779082474789637658e+00
7.113381980464707155e+00
7.129173044610433330e+00
7.282369895851212860e+00
7.312277723117468931e+00
7.502986258817218257e+00
7.552971494716500089e+00
7.589035228538604905e+00
7.768535357453166590e+00
7.945866913056120140e+00
8.063604423581304914e+00
8.291925524267568903e+00
8.299451957810227043e+00
8.406752535908262658e+00
8.544925985636153243e+00
8.559709457686048850e+00
8.786828853460161071e+00
8.787601236970189689e+00
9.155201832837985165e+00
9.524737970149100619e+00
9.564230570202706616e+00
9.577460310541621169e+00
9.858726530338490335e+00
9.936602588410185177e+00
1.027896483114909820e+01
1.031664795367177412e+01
1.032184431194348129e+01
1.045698273882098306e+01
1.062239459820618848e+01
1.073924052249506111e+01
1.090840116607378896e+01
1.104264610498769983e+01
1.106244163826413107e+01
1.107607340170694243e+01
1.131595232404237450e+01
1.145056295559305681e+01
1.145844500794065013e+01
1.147936601036834325e+01
1.161862173409565813e+01
1.168460375879302227e+01
1.189130060170038838e+01
1.215595446684463354e+01
1.223928449706109234e+01
1.224545944421849875e+01
1.237600581771033248e+01
1.254043767178801438e+01
1.267206569585243336e+01
1.285120519640084069e+01
1.301296303691054135e+01
1.304957788589347523e+01
1.307465842766074005e+01
1.341191045302644369e+01
1.368002701020725276e+01
1.381541045354787833e+01
1.428590648156426823e+01
1.443770165227138946e+01
1.460859034951695712e+01
1.461014866454137007e+01
1.482503726808131894e+01
1.509117152510036242e+01
1.536826213337083935e+01
1.540350768493981626e+01
1.548328566551686336e+01
1.553253813772881031e+01
1.561128809547757967e+01
1.568848507664140257e+01
1.573282809923250980e+01
1.607695425134997436e+01
1.646653190565639591e+01
1.653344991222339999e+01
1.653815412916447514e+01
1.665346150204215192e+01
1.690692840228525995e+01
1.712142356814993249e+01
1.748199611028443101e+01
2.146670629137129538e+01
2.148274884645817195e+01
2.217923208769861887e+01
2.247761473110525543e+01
2.275528905551410475e+01
2.293139550921399916e+01
2.325600027949776205e+01
