9.310100000000000042e-01 6.270000000000000573e-02 -1.268000000000000030e-02 6.246000000000000163e-02 1.003200000000000092e+00 -2.043000000000000024e-02 -4.799999999999999580e-03 -7.860000000000000667e-03 1.312580000000000080e+00
1.034990000000000077e+00 1.222799999999999998e-01 2.600999999999999840e-02 1.220099999999999935e-01 8.951900000000000412e-01 -4.562000000000000083e-02 8.439999999999999586e-03 -1.459000000000000054e-02 1.312480000000000091e+00
1.043989999999999974e+00 -0.000000000000000000e+00 4.870000000000000197e-03 -0.000000000000000000e+00 1.042999999999999927e+00 0.000000000000000000e+00 -5.100000000000000366e-04 0.000000000000000000e+00 6.147500000000000187e-01
1.034990000000000077e+00 -1.222799999999999998e-01 2.600999999999999840e-02 -1.220099999999999935e-01 8.951900000000000412e-01 4.562000000000000083e-02 8.439999999999999586e-03 1.459000000000000054e-02 1.312480000000000091e+00
9.310100000000000042e-01 -6.270000000000000573e-02 -1.268000000000000030e-02 -6.246000000000000163e-02 1.003200000000000092e+00 2.043000000000000024e-02 -4.799999999999999580e-03 7.860000000000000667e-03 1.312580000000000080e+00
9.310100000000000042e-01 -6.270000000000000573e-02 -1.268000000000000030e-02 -6.246000000000000163e-02 1.003200000000000092e+00 2.043000000000000024e-02 -4.799999999999999580e-03 7.860000000000000667e-03 1.312580000000000080e+00
1.043989999999999974e+00 -0.000000000000000000e+00 4.870000000000000197e-03 -0.000000000000000000e+00 1.042999999999999927e+00 0.000000000000000000e+00 -5.100000000000000366e-04 0.000000000000000000e+00 6.147500000000000187e-01
9.310100000000000042e-01 6.270000000000000573e-02 -1.268000000000000030e-02 6.246000000000000163e-02 1.003200000000000092e+00 -2.043000000000000024e-02 -4.799999999999999580e-03 -7.860000000000000667e-03 1.312580000000000080e+00
4.058410000000000295e+00 -0.000000000000000000e+00 -1.516999999999999946e-02 -0.000000000000000000e+00 4.059969999999999857e+00 0.000000000000000000e+00 8.370000000000000703e-03 0.000000000000000000e+00 2.460020000000000095e+00
4.050519999999999676e+00 -0.000000000000000000e+00 7.660000000000000142e-03 -0.000000000000000000e+00 4.068279999999999674e+00 0.000000000000000000e+00 -7.119999999999999593e-03 0.000000000000000000e+00 2.458159999999999901e+00
4.050519999999999676e+00 -0.000000000000000000e+00 7.660000000000000142e-03 -0.000000000000000000e+00 4.068279999999999674e+00 0.000000000000000000e+00 -7.119999999999999593e-03 0.000000000000000000e+00 2.458159999999999901e+00
4.058410000000000295e+00 -0.000000000000000000e+00 -1.516999999999999946e-02 -0.000000000000000000e+00 4.059969999999999857e+00 0.000000000000000000e+00 8.370000000000000703e-03 0.000000000000000000e+00 2.460020000000000095e+00
-2.232800000000000118e+00 -3.760899999999999799e-01 -9.449000000000000454e-02 -3.745200000000000196e-01 -1.802990000000000093e+00 1.605100000000000138e-01 -1.289200000000000068e-01 2.177800000000000014e-01 -1.593150000000000066e+00
-2.223629999999999995e+00 -3.739299999999999846e-01 -8.225000000000000366e-02 -3.949300000000000033e-01 -1.795619999999999994e+00 1.475400000000000045e-01 -1.219500000000000028e-01 2.107400000000000106e-01 -1.566219999999999946e+00
-2.223629999999999995e+00 3.739299999999999846e-01 -8.225000000000000366e-02 3.949300000000000033e-01 -1.795619999999999994e+00 -1.475400000000000045e-01 -1.219500000000000028e-01 -2.107400000000000106e-01 -1.566219999999999946e+00
-1.568519999999999914e+00 1.645999999999999894e-02 1.777400000000000091e-01 -6.259999999999999939e-03 -2.437819999999999876e+00 -4.170000000000000095e-03 2.510800000000000254e-01 -3.299999999999999982e-03 -1.575909999999999922e+00
-2.232800000000000118e+00 3.760899999999999799e-01 -9.449000000000000454e-02 3.745200000000000196e-01 -1.802990000000000093e+00 -1.605100000000000138e-01 -1.289200000000000068e-01 -2.177800000000000014e-01 -1.593150000000000066e+00
-1.568519999999999914e+00 -1.645999999999999894e-02 1.777400000000000091e-01 6.259999999999999939e-03 -2.437819999999999876e+00 4.170000000000000095e-03 2.510800000000000254e-01 3.299999999999999982e-03 -1.575909999999999922e+00
-1.568519999999999914e+00 -1.645999999999999894e-02 1.777400000000000091e-01 6.259999999999999939e-03 -2.437819999999999876e+00 4.170000000000000095e-03 2.510800000000000254e-01 3.299999999999999982e-03 -1.575909999999999922e+00
-2.232800000000000118e+00 3.760899999999999799e-01 -9.449000000000000454e-02 3.745200000000000196e-01 -1.802990000000000093e+00 -1.605100000000000138e-01 -1.289200000000000068e-01 -2.177800000000000014e-01 -1.593150000000000066e+00
-1.568519999999999914e+00 1.645999999999999894e-02 1.777400000000000091e-01 -6.259999999999999939e-03 -2.437819999999999876e+00 -4.170000000000000095e-03 2.510800000000000254e-01 -3.299999999999999982e-03 -1.575909999999999922e+00
-2.223629999999999995e+00 3.739299999999999846e-01 -8.225000000000000366e-02 3.949300000000000033e-01 -1.795619999999999994e+00 -1.475400000000000045e-01 -1.219500000000000028e-01 -2.107400000000000106e-01 -1.566219999999999946e+00
-2.223629999999999995e+00 -3.739299999999999846e-01 -8.225000000000000366e-02 -3.949300000000000033e-01 -1.795619999999999994e+00 1.475400000000000045e-01 -1.219500000000000028e-01 2.107400000000000106e-01 -1.566219999999999946e+00
-2.232800000000000118e+00 -3.760899999999999799e-01 -9.449000000000000454e-02 -3.745200000000000196e-01 -1.802990000000000093e+00 1.605100000000000138e-01 -1.289200000000000068e-01 2.177800000000000014e-01 -1.593150000000000066e+00
