-5.262641673757395555e-02
-3.200281436846445088e-02
-1.477884880075100438e-02
1.215951266485404636e+00
1.409189453851645180e+00
1.458765869647246527e+00
1.527188492406409193e+00
1.549974165532430836e+00
1.675895461962951138e+00
1.693674105398305541e+00
1.795807004008807883e+00
2.026545111075356065e+00
2.128996706579273201e+00
2.149525698328583090e+00
2.227839623650327727e+00
2.298114702511395713e+00
2.496345914852169390e+00
2.538616701805328280e+00
2.622482801259436780e+00
2.661534536370939286e+00
2.957427567397023616e+00
2.989246497063629882e+00
3.427371223060402095e+00
3.442737881932213195e+00
3.579551744015815107e+00
3.788357682159933848e+00
3.805656085750714013e+00
4.051222216436147328e+00
4.077892523656267976e+00
4.356909433993080505e+00
4.741640574314756940e+00
4.885100273016488970e+00
4.970916200837401711e+00
5.123004876552956333e+00
5.137489090905726030e+00
5.366708180036395603e+00
5.620642386988135009e+00
5.990212731144598735e+00
6.386599732414208752e+00
6.392429571112037578e+00
6.403776999433948625e+00
6.441616959227365768e+00
8.406045738586877647e+00
8.729695381591231040e+00
8.839793985774965890e+00
9.220471557775109517e+00
9.345561710679884726e+00
9.416180939170686770e+00
9.440753930871768063e+00
9.827762830878267408e+00
1.003364346416899977e+01
1.016043300748171951e+01
1.095616027017139693e+01
1.100601344436346807e+01
1.101158853058406883e+01
1.158230255728937941e+01
1.171977765532346538e+01
1.179729695958249813e+01
1.196868587375962178e+01
1.250439129907457847e+01
1.254011508794069130e+01
1.282940425496933656e+01
2.111249325077969274e+01
2.125401872494516198e+01
2.178386777337490798e+01
2.199523242115520816e+01
2.205083019915859666e+01
2.212413500695504709e+01
2.231165649720246336e+01
2.258781443537467482e+01
2.312206050777736976e+01
2.344052730115528149e+01
2.360414013630274610e+01
2.374476349112016038e+01
2.411665924540143635e+01
2.437925455210760717e+01
2.460937271953995165e+01
2.469893046911512613e+01
