-5.074852920950891771e-02
-5.074852920832486486e-02
-5.074852920825394242e-02
2.727433392034171344e+00
2.727433392034182003e+00
2.727433392034184223e+00
3.088153389935553328e+00
3.088153389935555992e+00
3.088153389935558213e+00
3.139865094404524104e+00
3.139865094404532542e+00
3.270574322730003480e+00
4.442733365029977399e+00
4.442733365029981840e+00
4.442733365029986281e+00
4.534695684666662174e+00
4.534695684666665727e+00
4.534695684666667503e+00
4.883770208490921583e+00
4.883770208490926912e+00
4.883770208490928688e+00
4.924018736984191236e+00
5.081510399560489333e+00
5.081510399560491997e+00
5.081510399560493774e+00
5.228974081115257633e+00
5.228974081115260297e+00
5.711510086559059118e+00
5.711510086559063559e+00
5.711510086559066224e+00
5.729796577001250668e+00
5.729796577001254221e+00
5.729796577001255997e+00
5.949894989827789971e+00
6.105558544617623262e+00
6.105558544617626815e+00
6.105558544617628591e+00
6.247225803178593218e+00
6.247225803178594106e+00
6.247225803178597658e+00
6.508644097885672331e+00
6.918835333545127142e+00
6.918835333545134247e+00
6.918835333545135136e+00
7.193602266429347303e+00
7.193602266429354408e+00
7.531481145135383137e+00
7.531481145135386690e+00
7.531481145135392019e+00
7.695274171442973987e+00
7.695274171442981981e+00
7.791300665620584986e+00
7.791300665620590316e+00
7.791300665620591204e+00
7.991689640318708321e+00
7.996124316853823188e+00
7.996124316853824965e+00
7.996124316853830294e+00
8.429087458910109021e+00
8.429087458910112574e+00
9.659605218799402593e+00
9.659605218799406146e+00
9.659605218799409698e+00
1.007387275749451661e+01
1.007387275749452904e+01
1.035980556254710372e+01
1.035980556254710905e+01
1.035980556254710905e+01
1.065616210674358477e+01
1.079845626097143807e+01
1.079845626097143985e+01
1.079845626097144340e+01
1.731482304684666573e+01
1.731482304684667284e+01
1.731482304684667639e+01
1.811417641549485680e+01
1.811417641549487101e+01
1.811417641549487811e+01
1.827172007861175018e+01
1.827172007861175018e+01
1.862279285986655708e+01
1.862279285986656063e+01
1.862279285986656063e+01
1.990761516067112780e+01
