9.831080000000000041e+00 0.000000000000000000e+00 3.230500000000000038e-01 0.000000000000000000e+00 1.056650999999999918e+01 0.000000000000000000e+00 -1.286100000000000021e-01 0.000000000000000000e+00 9.985810000000000741e+00
9.831080000000000041e+00 0.000000000000000000e+00 -3.230500000000000038e-01 0.000000000000000000e+00 1.056650999999999918e+01 0.000000000000000000e+00 1.286100000000000021e-01 -0.000000000000000000e+00 9.985810000000000741e+00
9.831080000000000041e+00 0.000000000000000000e+00 -3.230500000000000038e-01 0.000000000000000000e+00 1.056650999999999918e+01 0.000000000000000000e+00 1.286100000000000021e-01 -0.000000000000000000e+00 9.985810000000000741e+00
9.831080000000000041e+00 0.000000000000000000e+00 3.230500000000000038e-01 0.000000000000000000e+00 1.056650999999999918e+01 0.000000000000000000e+00 -1.286100000000000021e-01 0.000000000000000000e+00 9.985810000000000741e+00
5.956579999999999764e+00 0.000000000000000000e+00 2.427300000000000013e-01 0.000000000000000000e+00 4.862610000000000099e+00 0.000000000000000000e+00 -5.594700000000000228e-01 0.000000000000000000e+00 5.162670000000000314e+00
5.956579999999999764e+00 0.000000000000000000e+00 -2.427300000000000013e-01 0.000000000000000000e+00 4.862610000000000099e+00 0.000000000000000000e+00 5.594700000000000228e-01 -0.000000000000000000e+00 5.162670000000000314e+00
5.956579999999999764e+00 0.000000000000000000e+00 -2.427300000000000013e-01 0.000000000000000000e+00 4.862610000000000099e+00 0.000000000000000000e+00 5.594700000000000228e-01 -0.000000000000000000e+00 5.162670000000000314e+00
5.956579999999999764e+00 0.000000000000000000e+00 2.427300000000000013e-01 0.000000000000000000e+00 4.862610000000000099e+00 0.000000000000000000e+00 -5.594700000000000228e-01 -0.000000000000000000e+00 5.162670000000000314e+00
-2.250589999999999868e+00 1.991030000000000078e+00 1.554079999999999906e+00 1.999030000000000085e+00 -5.413899999999999935e+00 -3.142860000000000209e+00 1.619930000000000092e+00 -3.121259999999999923e+00 -3.741649999999999920e+00
-2.250589999999999868e+00 -1.991030000000000078e+00 1.554079999999999906e+00 -1.999030000000000085e+00 -5.413899999999999935e+00 3.142860000000000209e+00 1.619930000000000092e+00 3.121259999999999923e+00 -3.741649999999999920e+00
-3.695209999999999884e+00 -0.000000000000000000e+00 -3.153579999999999828e+00 0.000000000000000000e+00 -7.694900000000000073e-01 0.000000000000000000e+00 -3.021539999999999893e+00 0.000000000000000000e+00 -4.114090000000000025e+00
-1.272780000000000022e+00 -1.117539999999999978e+00 8.059899999999999842e-01 -1.297579999999999956e+00 -4.239250000000000185e+00 2.662760000000000016e+00 1.001060000000000061e+00 2.616309999999999913e+00 -2.816660000000000164e+00
-1.272780000000000022e+00 1.117539999999999978e+00 8.059899999999999842e-01 1.297579999999999956e+00 -4.239250000000000185e+00 -2.662760000000000016e+00 1.001060000000000061e+00 -2.616309999999999913e+00 -2.816660000000000164e+00
-7.296310000000000073e+00 -0.000000000000000000e+00 -2.256629999999999914e+00 0.000000000000000000e+00 -7.672299999999999676e-01 0.000000000000000000e+00 -2.324349999999999916e+00 0.000000000000000000e+00 -1.659429999999999961e+00
-7.296310000000000073e+00 0.000000000000000000e+00 2.256629999999999914e+00 0.000000000000000000e+00 -7.672299999999999676e-01 0.000000000000000000e+00 2.324349999999999916e+00 0.000000000000000000e+00 -1.659429999999999961e+00
-1.272780000000000022e+00 -1.117539999999999978e+00 -8.059899999999999842e-01 -1.297579999999999956e+00 -4.239250000000000185e+00 -2.662760000000000016e+00 -1.001060000000000061e+00 -2.616309999999999913e+00 -2.816660000000000164e+00
-1.272780000000000022e+00 1.117539999999999978e+00 -8.059899999999999842e-01 1.297579999999999956e+00 -4.239250000000000185e+00 2.662760000000000016e+00 -1.001060000000000061e+00 2.616309999999999913e+00 -2.816660000000000164e+00
-3.695209999999999884e+00 -0.000000000000000000e+00 3.153579999999999828e+00 0.000000000000000000e+00 -7.694900000000000073e-01 0.000000000000000000e+00 3.021539999999999893e+00 0.000000000000000000e+00 -4.114090000000000025e+00
-2.250589999999999868e+00 1.991030000000000078e+00 -1.554079999999999906e+00 1.999030000000000085e+00 -5.413899999999999935e+00 3.142860000000000209e+00 -1.619930000000000092e+00 3.121259999999999923e+00 -3.741649999999999920e+00
-2.250589999999999868e+00 -1.991030000000000078e+00 -1.554079999999999906e+00 -1.999030000000000085e+00 -5.413899999999999935e+00 -3.142860000000000209e+00 -1.619930000000000092e+00 -3.121259999999999923e+00 -3.741649999999999920e+00
-3.695209999999999884e+00 -0.000000000000000000e+00 3.153579999999999828e+00 0.000000000000000000e+00 -7.694900000000000073e-01 0.000000000000000000e+00 3.021539999999999893e+00 0.000000000000000000e+00 -4.114090000000000025e+00
-1.272780000000000022e+00 -1.117539999999999978e+00 -8.059899999999999842e-01 -1.297579999999999956e+00 -4.239250000000000185e+00 -2.662760000000000016e+00 -1.001060000000000061e+00 -2.616309999999999913e+00 -2.816660000000000164e+00
-1.272780000000000022e+00 1.117539999999999978e+00 -8.059899999999999842e-01 1.297579999999999956e+00 -4.239250000000000185e+00 2.662760000000000016e+00 -1.001060000000000061e+00 2.616309999999999913e+00 -2.816660000000000164e+00
-7.296310000000000073e+00 0.000000000000000000e+00 2.256629999999999914e+00 0.000000000000000000e+00 -7.672299999999999676e-01 0.000000000000000000e+00 2.324349999999999916e+00 0.000000000000000000e+00 -1.659429999999999961e+00
-7.296310000000000073e+00 -0.000000000000000000e+00 -2.256629999999999914e+00 0.000000000000000000e+00 -7.672299999999999676e-01 0.000000000000000000e+00 -2.324349999999999916e+00 -0.000000000000000000e+00 -1.659429999999999961e+00
-1.272780000000000022e+00 1.117539999999999978e+00 8.059899999999999842e-01 1.297579999999999956e+00 -4.239250000000000185e+00 -2.662760000000000016e+00 1.001060000000000061e+00 -2.616309999999999913e+00 -2.816660000000000164e+00
-1.272780000000000022e+00 -1.117539999999999978e+00 8.059899999999999842e-01 -1.297579999999999956e+00 -4.239250000000000185e+00 2.662760000000000016e+00 1.001060000000000061e+00 2.616309999999999913e+00 -2.816660000000000164e+00
-3.695209999999999884e+00 -0.000000000000000000e+00 -3.153579999999999828e+00 0.000000000000000000e+00 -7.694900000000000073e-01 0.000000000000000000e+00 -3.021539999999999893e+00 0.000000000000000000e+00 -4.114090000000000025e+00
