3.067060000000000120e+00 -4.591500000000000026e-01 3.570000000000000256e-02 3.277000000000000052e-02 2.799889999999999990e+00 9.908999999999999753e-02 -1.188999999999999953e-02 2.818399999999999794e-01 2.732499999999999929e+00
3.067060000000000120e+00 4.591500000000000026e-01 3.570000000000000256e-02 -3.277000000000000052e-02 2.799889999999999990e+00 -9.908999999999999753e-02 -1.188999999999999953e-02 -2.818399999999999794e-01 2.732499999999999929e+00
3.067060000000000120e+00 -4.591500000000000026e-01 3.570000000000000256e-02 3.277000000000000052e-02 2.799889999999999990e+00 9.908999999999999753e-02 -1.188999999999999953e-02 2.818399999999999794e-01 2.732499999999999929e+00
3.067060000000000120e+00 4.591500000000000026e-01 3.570000000000000256e-02 -3.277000000000000052e-02 2.799889999999999990e+00 -9.908999999999999753e-02 -1.188999999999999953e-02 -2.818399999999999794e-01 2.732499999999999929e+00
3.097030000000000172e+00 -2.679300000000000015e-01 -1.770000000000000089e-03 -4.154000000000000054e-02 2.729680000000000106e+00 1.134399999999999992e-01 -9.650000000000000591e-03 6.215999999999999998e-02 2.644930000000000003e+00
3.097030000000000172e+00 2.679300000000000015e-01 -1.770000000000000089e-03 4.154000000000000054e-02 2.729680000000000106e+00 -1.134399999999999992e-01 -9.650000000000000591e-03 -6.215999999999999998e-02 2.644930000000000003e+00
3.097030000000000172e+00 -2.679300000000000015e-01 -1.770000000000000089e-03 -4.154000000000000054e-02 2.729680000000000106e+00 1.134399999999999992e-01 -9.650000000000000591e-03 6.215999999999999998e-02 2.644930000000000003e+00
3.097030000000000172e+00 2.679300000000000015e-01 -1.770000000000000089e-03 4.154000000000000054e-02 2.729680000000000106e+00 -1.134399999999999992e-01 -9.650000000000000591e-03 -6.215999999999999998e-02 2.644930000000000003e+00
-1.500480000000000036e+00 -2.596800000000000219e-01 -8.001399999999999624e-01 -3.780399999999999872e-01 -6.991899999999999782e-01 -5.254799999999999471e-01 -8.109499999999999487e-01 -4.889899999999999802e-01 -1.907170000000000032e+00
-1.500480000000000036e+00 2.596800000000000219e-01 -8.001399999999999624e-01 3.780399999999999872e-01 -6.991899999999999782e-01 5.254799999999999471e-01 -8.109499999999999487e-01 4.889899999999999802e-01 -1.907170000000000032e+00
-1.500480000000000036e+00 -2.596800000000000219e-01 -8.001399999999999624e-01 -3.780399999999999872e-01 -6.991899999999999782e-01 -5.254799999999999471e-01 -8.109499999999999487e-01 -4.889899999999999802e-01 -1.907170000000000032e+00
-1.500480000000000036e+00 2.596800000000000219e-01 -8.001399999999999624e-01 3.780399999999999872e-01 -6.991899999999999782e-01 5.254799999999999471e-01 -8.109499999999999487e-01 4.889899999999999802e-01 -1.907170000000000032e+00
-1.666979999999999906e+00 -7.778000000000000469e-01 2.616999999999999882e-01 -9.652100000000000124e-01 -1.923480000000000079e+00 2.973500000000000032e-01 2.707100000000000062e-01 4.053800000000000181e-01 -6.729899999999999771e-01
-1.666979999999999906e+00 7.778000000000000469e-01 2.616999999999999882e-01 9.652100000000000124e-01 -1.923480000000000079e+00 -2.973500000000000032e-01 2.707100000000000062e-01 -4.053800000000000181e-01 -6.729899999999999771e-01
-1.666979999999999906e+00 -7.778000000000000469e-01 2.616999999999999882e-01 -9.652100000000000124e-01 -1.923480000000000079e+00 2.973500000000000032e-01 2.707100000000000062e-01 4.053800000000000181e-01 -6.729899999999999771e-01
-1.666979999999999906e+00 7.778000000000000469e-01 2.616999999999999882e-01 9.652100000000000124e-01 -1.923480000000000079e+00 -2.973500000000000032e-01 2.707100000000000062e-01 -4.053800000000000181e-01 -6.729899999999999771e-01
-1.549099999999999921e+00 4.933600000000000207e-01 9.021400000000000530e-01 4.009800000000000031e-01 -8.879899999999999460e-01 -6.149499999999999966e-01 8.851799999999999669e-01 -4.730900000000000105e-01 -1.650169999999999915e+00
-1.549099999999999921e+00 -4.933600000000000207e-01 9.021400000000000530e-01 -4.009800000000000031e-01 -8.879899999999999460e-01 6.149499999999999966e-01 8.851799999999999669e-01 4.730900000000000105e-01 -1.650169999999999915e+00
-1.549099999999999921e+00 4.933600000000000207e-01 9.021400000000000530e-01 4.009800000000000031e-01 -8.879899999999999460e-01 -6.149499999999999966e-01 8.851799999999999669e-01 -4.730900000000000105e-01 -1.650169999999999915e+00
-1.549099999999999921e+00 -4.933600000000000207e-01 9.021400000000000530e-01 -4.009800000000000031e-01 -8.879899999999999460e-01 6.149499999999999966e-01 8.851799999999999669e-01 4.730900000000000105e-01 -1.650169999999999915e+00
-1.447529999999999983e+00 1.010299999999999976e+00 -3.976199999999999735e-01 9.282399999999999540e-01 -2.018899999999999917e+00 4.580400000000000027e-01 -3.233900000000000108e-01 3.356399999999999939e-01 -1.147110000000000074e+00
-1.447529999999999983e+00 -1.010299999999999976e+00 -3.976199999999999735e-01 -9.282399999999999540e-01 -2.018899999999999917e+00 -4.580400000000000027e-01 -3.233900000000000108e-01 -3.356399999999999939e-01 -1.147110000000000074e+00
-1.447529999999999983e+00 1.010299999999999976e+00 -3.976199999999999735e-01 9.282399999999999540e-01 -2.018899999999999917e+00 4.580400000000000027e-01 -3.233900000000000108e-01 3.356399999999999939e-01 -1.147110000000000074e+00
-1.447529999999999983e+00 -1.010299999999999976e+00 -3.976199999999999735e-01 -9.282399999999999540e-01 -2.018899999999999917e+00 -4.580400000000000027e-01 -3.233900000000000108e-01 -3.356399999999999939e-01 -1.147110000000000074e+00
