6.228919999999999568e+00 7.351499999999999702e-01 0.000000000000000000e+00 -7.351499999999999702e-01 6.228919999999999568e+00 0.000000000000000000e+00 0.000000000000000000e+00 0.000000000000000000e+00 6.638969999999999594e+00
6.228919999999999568e+00 7.351499999999999702e-01 0.000000000000000000e+00 -7.351499999999999702e-01 6.228919999999999568e+00 -0.000000000000000000e+00 0.000000000000000000e+00 -0.000000000000000000e+00 6.638969999999999594e+00
2.229719999999999924e+00 1.061999999999999923e-02 -0.000000000000000000e+00 -1.061999999999999923e-02 2.229719999999999924e+00 0.000000000000000000e+00 0.000000000000000000e+00 -0.000000000000000000e+00 1.139159999999999950e+00
2.229719999999999924e+00 1.061999999999999923e-02 0.000000000000000000e+00 -1.061999999999999923e-02 2.229719999999999924e+00 0.000000000000000000e+00 -0.000000000000000000e+00 -0.000000000000000000e+00 1.139159999999999950e+00
2.229719999999999924e+00 1.061999999999999923e-02 -0.000000000000000000e+00 -1.061999999999999923e-02 2.229719999999999924e+00 -0.000000000000000000e+00 0.000000000000000000e+00 -0.000000000000000000e+00 1.139159999999999950e+00
2.229719999999999924e+00 1.061999999999999923e-02 0.000000000000000000e+00 -1.061999999999999923e-02 2.229719999999999924e+00 -0.000000000000000000e+00 -0.000000000000000000e+00 -0.000000000000000000e+00 1.139159999999999950e+00
3.084109999999999907e+00 -2.380000000000000171e-02 0.000000000000000000e+00 4.990200000000000191e-01 4.110159999999999592e+00 0.000000000000000000e+00 0.000000000000000000e+00 0.000000000000000000e+00 4.342120000000000424e+00
3.647870000000000168e+00 -8.245099999999999651e-01 0.000000000000000000e+00 -3.016800000000000037e-01 3.546400000000000219e+00 0.000000000000000000e+00 0.000000000000000000e+00 0.000000000000000000e+00 4.342120000000000424e+00
4.059420000000000250e+00 6.407000000000000195e-02 0.000000000000000000e+00 5.868999999999999773e-01 3.134850000000000136e+00 0.000000000000000000e+00 0.000000000000000000e+00 0.000000000000000000e+00 4.342120000000000424e+00
3.647870000000000168e+00 -8.245099999999999651e-01 0.000000000000000000e+00 -3.016800000000000037e-01 3.546400000000000219e+00 0.000000000000000000e+00 0.000000000000000000e+00 0.000000000000000000e+00 4.342120000000000424e+00
4.059420000000000250e+00 6.407000000000000195e-02 0.000000000000000000e+00 5.868999999999999773e-01 3.134850000000000136e+00 0.000000000000000000e+00 0.000000000000000000e+00 0.000000000000000000e+00 4.342120000000000424e+00
3.084109999999999907e+00 -2.380000000000000171e-02 0.000000000000000000e+00 4.990200000000000191e-01 4.110159999999999592e+00 0.000000000000000000e+00 0.000000000000000000e+00 0.000000000000000000e+00 4.342120000000000424e+00
-3.087569999999999926e+00 5.090000000000000080e-02 1.210350000000000037e+00 1.172600000000000031e-01 -1.623780000000000001e+00 -3.726800000000000113e-01 1.252539999999999987e+00 -3.565300000000000136e-01 -2.872250000000000192e+00
-2.062539999999999818e+00 -7.090600000000000236e-01 9.279300000000000326e-01 -6.427000000000000490e-01 -2.648800000000000043e+00 8.618500000000000050e-01 9.350399999999999823e-01 9.064699999999999980e-01 -2.872250000000000192e+00
-1.916909999999999892e+00 5.586200000000000054e-01 2.824200000000000044e-01 6.249799999999999800e-01 -2.794439999999999813e+00 -1.234529999999999905e+00 3.175100000000000144e-01 -1.262999999999999901e+00 -2.872250000000000192e+00
-1.916909999999999892e+00 5.586200000000000054e-01 -2.824200000000000044e-01 6.249799999999999800e-01 -2.794439999999999813e+00 1.234529999999999905e+00 -3.175100000000000144e-01 1.262999999999999901e+00 -2.872250000000000192e+00
-2.062539999999999818e+00 -7.090600000000000236e-01 -9.279300000000000326e-01 -6.427000000000000490e-01 -2.648800000000000043e+00 -8.618500000000000050e-01 -9.350399999999999823e-01 -9.064699999999999980e-01 -2.872250000000000192e+00
-3.087569999999999926e+00 5.090000000000000080e-02 -1.210350000000000037e+00 1.172600000000000031e-01 -1.623780000000000001e+00 3.726800000000000113e-01 -1.252539999999999987e+00 3.565300000000000136e-01 -2.872250000000000192e+00
-3.087569999999999926e+00 5.090000000000000080e-02 1.210350000000000037e+00 1.172600000000000031e-01 -1.623780000000000001e+00 -3.726800000000000113e-01 1.252539999999999987e+00 -3.565300000000000136e-01 -2.872250000000000192e+00
-2.062539999999999818e+00 -7.090600000000000236e-01 9.279300000000000326e-01 -6.427000000000000490e-01 -2.648800000000000043e+00 8.618500000000000050e-01 9.350399999999999823e-01 9.064699999999999980e-01 -2.872250000000000192e+00
-1.916909999999999892e+00 5.586200000000000054e-01 2.824200000000000044e-01 6.249799999999999800e-01 -2.794439999999999813e+00 -1.234529999999999905e+00 3.175100000000000144e-01 -1.262999999999999901e+00 -2.872250000000000192e+00
-1.916909999999999892e+00 5.586200000000000054e-01 -2.824200000000000044e-01 6.249799999999999800e-01 -2.794439999999999813e+00 1.234529999999999905e+00 -3.175100000000000144e-01 1.262999999999999901e+00 -2.872250000000000192e+00
-2.062539999999999818e+00 -7.090600000000000236e-01 -9.279300000000000326e-01 -6.427000000000000490e-01 -2.648800000000000043e+00 -8.618500000000000050e-01 -9.350399999999999823e-01 -9.064699999999999980e-01 -2.872250000000000192e+00
-3.087569999999999926e+00 5.090000000000000080e-02 -1.210350000000000037e+00 1.172600000000000031e-01 -1.623780000000000001e+00 3.726800000000000113e-01 -1.252539999999999987e+00 3.565300000000000136e-01 -2.872250000000000192e+00
-1.687380000000000102e+00 5.415299999999999558e-01 -0.000000000000000000e+00 3.902599999999999958e-01 -3.209779999999999855e+00 0.000000000000000000e+00 0.000000000000000000e+00 0.000000000000000000e+00 -1.570049999999999946e+00
-3.232650000000000023e+00 5.019099999999999673e-01 -0.000000000000000000e+00 3.506299999999999972e-01 -1.664500000000000091e+00 0.000000000000000000e+00 0.000000000000000000e+00 0.000000000000000000e+00 -1.570049999999999946e+00
-2.425699999999999967e+00 -8.165200000000000236e-01 0.000000000000000000e+00 -9.677999999999999936e-01 -2.471459999999999990e+00 0.000000000000000000e+00 0.000000000000000000e+00 0.000000000000000000e+00 -1.570049999999999946e+00
-2.425699999999999967e+00 -8.165200000000000236e-01 0.000000000000000000e+00 -9.677999999999999936e-01 -2.471459999999999990e+00 -0.000000000000000000e+00 0.000000000000000000e+00 0.000000000000000000e+00 -1.570049999999999946e+00
-3.232650000000000023e+00 5.019099999999999673e-01 -0.000000000000000000e+00 3.506299999999999972e-01 -1.664500000000000091e+00 0.000000000000000000e+00 0.000000000000000000e+00 0.000000000000000000e+00 -1.570049999999999946e+00
-1.687380000000000102e+00 5.415299999999999558e-01 -0.000000000000000000e+00 3.902599999999999958e-01 -3.209779999999999855e+00 0.000000000000000000e+00 0.000000000000000000e+00 0.000000000000000000e+00 -1.570049999999999946e+00
