-5.354070127145674207e-02
-3.499471690295272164e-02
-1.380778116275521543e-02
1.236624771243805654e+00
1.241583240197787097e+00
1.524547807064184468e+00
1.865171247756083117e+00
2.089096380834841060e+00
2.268871843080424000e+00
2.284980672814079128e+00
2.339396519523862850e+00
2.468948459296889997e+00
2.729083541537014046e+00
2.816264365079114818e+00
3.054761935866176614e+00
3.145537480517618167e+00
3.148622667274523668e+00
3.277637543421546784e+00
3.411391387041558865e+00
3.495875757909627790e+00
3.580699411574294277e+00
3.676271115792599797e+00
3.796178394064658068e+00
4.188253154347997054e+00
4.222930816758089456e+00
4.279724265147089035e+00
4.619494177529196222e+00
4.971928774858130673e+00
4.990802629265780332e+00
5.393022419313219018e+00
5.579688394119789230e+00
5.927318285153576838e+00
6.359877684122714925e+00
7.043700849820562659e+00
7.228423908095429340e+00
7.601992800971358655e+00
7.780837126016553640e+00
8.339158132840097437e+00
8.576567618930226899e+00
9.467561462739897848e+00
9.484821621499927247e+00
9.731812233571359272e+00
9.750107769430567117e+00
9.945879225229221632e+00
1.208635788429218216e+01
1.330279476366495039e+01
1.432442760309876384e+01
1.436966284530457294e+01
1.484745934741572704e+01
1.513605531808783056e+01
1.699206969841353398e+01
1.706302285736054003e+01
1.718946840249740404e+01
1.753490810543213030e+01
