-1.838762616727599233e-02
-1.838756556709425505e-02
-6.733221172397436775e-03
1.478035152431828481e+00
1.478035154382138838e+00
2.788519341611431113e+00
2.788519342680376045e+00
3.569433149949965856e+00
3.791243684745126075e+00
3.860860952287333614e+00
4.058074749948300308e+00
4.058074750171629219e+00
4.811951622694092379e+00
4.811951624887302437e+00
5.174963497910100685e+00
5.174963499177845705e+00
5.275388252017425117e+00
5.321439038968915902e+00
5.543268125282343028e+00
5.543268125860679518e+00
5.661696980889070474e+00
5.850664764928755091e+00
6.158342572169010154e+00
6.158342573079804261e+00
6.491740554691179277e+00
7.000949475162345337e+00
7.000949475697782809e+00
7.086057466021545181e+00
7.203301106501183604e+00
7.203301106649189656e+00
8.097865627568582525e+00
8.198969401511348565e+00
8.198969402884159763e+00
8.410571131343132834e+00
8.410571132092950819e+00
8.415192532009447390e+00
8.855732179297149287e+00
9.036633341976203937e+00
9.057744394010924793e+00
9.057744394330638826e+00
9.293585798764027572e+00
9.293585799002428871e+00
1.705426056174028915e+01
1.705426056182078653e+01
1.730591602177791088e+01
1.730591602219222835e+01
1.738655283785950090e+01
1.738655283832096998e+01
1.768778826719819364e+01
1.768778826723217179e+01
2.020470883039061505e+01
2.093374491349037214e+01
2.146848768474504610e+01
2.191220305216169706e+01
2.602653236032063688e+01
2.626472040848038958e+01
2.647791943350328481e+01
2.648108497129475936e+01
3.546800939872573366e+01
3.546800939892051474e+01
3.556659795138833857e+01
3.556659795147915304e+01
3.631342529152210830e+01
3.631342529155543986e+01
3.648189397399463729e+01
3.648189397401560541e+01
