2.034889999999999866e+00 -2.375999999999999987e-02 0.000000000000000000e+00 -1.731999999999999859e-02 1.421310000000000073e+00 0.000000000000000000e+00 0.000000000000000000e+00 0.000000000000000000e+00 1.793590000000000018e+00
1.592489999999999961e+00 2.727399999999999824e-01 0.000000000000000000e+00 2.791799999999999837e-01 1.863709999999999978e+00 -0.000000000000000000e+00 0.000000000000000000e+00 0.000000000000000000e+00 1.793590000000000018e+00
1.556920000000000082e+00 -2.586399999999999810e-01 0.000000000000000000e+00 -2.521999999999999797e-01 1.899280000000000079e+00 -0.000000000000000000e+00 0.000000000000000000e+00 0.000000000000000000e+00 1.793590000000000018e+00
1.556920000000000082e+00 -2.586399999999999810e-01 0.000000000000000000e+00 -2.521999999999999797e-01 1.899280000000000079e+00 -0.000000000000000000e+00 0.000000000000000000e+00 0.000000000000000000e+00 1.793590000000000018e+00
1.592489999999999961e+00 2.727399999999999824e-01 0.000000000000000000e+00 2.791799999999999837e-01 1.863709999999999978e+00 0.000000000000000000e+00 0.000000000000000000e+00 0.000000000000000000e+00 1.793590000000000018e+00
2.034889999999999866e+00 -2.375999999999999987e-02 0.000000000000000000e+00 -1.731999999999999859e-02 1.421310000000000073e+00 0.000000000000000000e+00 0.000000000000000000e+00 0.000000000000000000e+00 1.793590000000000018e+00
3.590129999999999821e+00 -2.351600000000000079e-01 -0.000000000000000000e+00 2.351600000000000079e-01 3.590129999999999821e+00 0.000000000000000000e+00 0.000000000000000000e+00 -0.000000000000000000e+00 -1.743800000000000072e-01
3.590129999999999821e+00 -2.351600000000000079e-01 0.000000000000000000e+00 2.351600000000000079e-01 3.590129999999999821e+00 -0.000000000000000000e+00 0.000000000000000000e+00 -0.000000000000000000e+00 -1.743800000000000072e-01
-3.264819999999999833e+00 -3.973099999999999965e-01 -0.000000000000000000e+00 -5.605200000000000182e-01 -2.584799999999999986e+00 -0.000000000000000000e+00 0.000000000000000000e+00 0.000000000000000000e+00 -1.735460000000000003e+00
-2.340050000000000185e+00 2.661000000000000171e-02 0.000000000000000000e+00 -1.365999999999999992e-01 -3.509570000000000078e+00 -0.000000000000000000e+00 0.000000000000000000e+00 0.000000000000000000e+00 -1.735460000000000003e+00
-3.169560000000000155e+00 6.155199999999999561e-01 0.000000000000000000e+00 4.523099999999999898e-01 -2.680060000000000109e+00 0.000000000000000000e+00 0.000000000000000000e+00 0.000000000000000000e+00 -1.735460000000000003e+00
-3.169560000000000155e+00 6.155199999999999561e-01 0.000000000000000000e+00 4.523099999999999898e-01 -2.680060000000000109e+00 0.000000000000000000e+00 0.000000000000000000e+00 0.000000000000000000e+00 -1.735460000000000003e+00
-3.264819999999999833e+00 -3.973099999999999965e-01 0.000000000000000000e+00 -5.605200000000000182e-01 -2.584799999999999986e+00 0.000000000000000000e+00 0.000000000000000000e+00 0.000000000000000000e+00 -1.735460000000000003e+00
-2.340050000000000185e+00 2.661000000000000171e-02 0.000000000000000000e+00 -1.365999999999999992e-01 -3.509570000000000078e+00 0.000000000000000000e+00 0.000000000000000000e+00 0.000000000000000000e+00 -1.735460000000000003e+00
