-1.147471471364269746e-01
-9.107872153921896252e-02
-1.081459169474871009e-02
3.321587247348252614e+00
4.398138072737988402e+00
4.859174256436959993e+00
4.891870800195493807e+00
4.939618939371262840e+00
4.961504845799835195e+00
5.131013379223722026e+00
5.413883977518957558e+00
5.629748708551362668e+00
5.953132881520077468e+00
6.472958292011695924e+00
7.051143109071682957e+00
7.424143884067733623e+00
7.564780442659154502e+00
7.575333307359288781e+00
7.898816580744313143e+00
8.136076862583120572e+00
8.892424302376285894e+00
9.272512519014526333e+00
9.399164627289628982e+00
1.018577753862409274e+01
1.047686061530181867e+01
1.080226761893398546e+01
1.194808808887991702e+01
1.195988605670443761e+01
1.263749453732031647e+01
1.323175870455289349e+01
1.374787043190834623e+01
1.516260832271851200e+01
1.602931696363711822e+01
