2.030229999999999979e+00 1.446000000000000063e-02 -0.000000000000000000e+00 3.130999999999999756e-02 4.209649999999999892e+00 0.000000000000000000e+00 0.000000000000000000e+00 0.000000000000000000e+00 1.990439999999999987e+00
2.030229999999999979e+00 -1.446000000000000063e-02 -0.000000000000000000e+00 -3.130999999999999756e-02 4.209649999999999892e+00 0.000000000000000000e+00 0.000000000000000000e+00 0.000000000000000000e+00 1.990439999999999987e+00
2.030229999999999979e+00 1.446000000000000063e-02 0.000000000000000000e+00 3.130999999999999756e-02 4.209649999999999892e+00 0.000000000000000000e+00 0.000000000000000000e+00 0.000000000000000000e+00 1.990439999999999987e+00
2.030229999999999979e+00 -1.446000000000000063e-02 0.000000000000000000e+00 -3.130999999999999756e-02 4.209649999999999892e+00 0.000000000000000000e+00 0.000000000000000000e+00 0.000000000000000000e+00 1.990439999999999987e+00
2.161700000000000177e+00 0.000000000000000000e+00 -0.000000000000000000e+00 0.000000000000000000e+00 1.138160000000000061e+00 9.435999999999999943e-02 0.000000000000000000e+00 1.608499999999999930e-01 2.378820000000000157e+00
2.161700000000000177e+00 0.000000000000000000e+00 -0.000000000000000000e+00 0.000000000000000000e+00 1.138160000000000061e+00 -9.435999999999999943e-02 0.000000000000000000e+00 -1.608499999999999930e-01 2.378820000000000157e+00
2.161700000000000177e+00 0.000000000000000000e+00 0.000000000000000000e+00 0.000000000000000000e+00 1.138160000000000061e+00 9.435999999999999943e-02 0.000000000000000000e+00 1.608499999999999930e-01 2.378820000000000157e+00
2.161700000000000177e+00 0.000000000000000000e+00 -0.000000000000000000e+00 0.000000000000000000e+00 1.138160000000000061e+00 -9.435999999999999943e-02 0.000000000000000000e+00 -1.608499999999999930e-01 2.378820000000000157e+00
2.538229999999999986e+00 3.005000000000000032e-02 -0.000000000000000000e+00 -7.900000000000000121e-04 1.117110000000000047e+00 0.000000000000000000e+00 0.000000000000000000e+00 0.000000000000000000e+00 2.318439999999999834e+00
2.538229999999999986e+00 -3.005000000000000032e-02 -0.000000000000000000e+00 7.900000000000000121e-04 1.117110000000000047e+00 -0.000000000000000000e+00 0.000000000000000000e+00 0.000000000000000000e+00 2.318439999999999834e+00
2.538229999999999986e+00 3.005000000000000032e-02 0.000000000000000000e+00 -7.900000000000000121e-04 1.117110000000000047e+00 -0.000000000000000000e+00 0.000000000000000000e+00 0.000000000000000000e+00 2.318439999999999834e+00
2.538229999999999986e+00 -3.005000000000000032e-02 0.000000000000000000e+00 7.900000000000000121e-04 1.117110000000000047e+00 -0.000000000000000000e+00 0.000000000000000000e+00 0.000000000000000000e+00 2.318439999999999834e+00
-1.775060000000000082e+00 -3.682799999999999963e-01 -0.000000000000000000e+00 -2.806600000000000206e-01 -1.479349999999999943e+00 -0.000000000000000000e+00 0.000000000000000000e+00 0.000000000000000000e+00 -1.551500000000000101e+00
-1.775060000000000082e+00 3.682799999999999963e-01 -0.000000000000000000e+00 2.806600000000000206e-01 -1.479349999999999943e+00 -0.000000000000000000e+00 0.000000000000000000e+00 0.000000000000000000e+00 -1.551500000000000101e+00
-1.775060000000000082e+00 -3.682799999999999963e-01 -0.000000000000000000e+00 -2.806600000000000206e-01 -1.479349999999999943e+00 -0.000000000000000000e+00 0.000000000000000000e+00 0.000000000000000000e+00 -1.551500000000000101e+00
-1.775060000000000082e+00 3.682799999999999963e-01 -0.000000000000000000e+00 2.806600000000000206e-01 -1.479349999999999943e+00 -0.000000000000000000e+00 0.000000000000000000e+00 0.000000000000000000e+00 -1.551500000000000101e+00
-1.842519999999999936e+00 -2.693200000000000038e-01 0.000000000000000000e+00 -2.769199999999999995e-01 -1.503270000000000106e+00 -0.000000000000000000e+00 0.000000000000000000e+00 0.000000000000000000e+00 -1.644260000000000055e+00
-1.842519999999999936e+00 2.693200000000000038e-01 0.000000000000000000e+00 2.769199999999999995e-01 -1.503270000000000106e+00 0.000000000000000000e+00 0.000000000000000000e+00 0.000000000000000000e+00 -1.644260000000000055e+00
-1.842519999999999936e+00 -2.693200000000000038e-01 0.000000000000000000e+00 -2.769199999999999995e-01 -1.503270000000000106e+00 -0.000000000000000000e+00 0.000000000000000000e+00 0.000000000000000000e+00 -1.644260000000000055e+00
-1.842519999999999936e+00 2.693200000000000038e-01 -0.000000000000000000e+00 2.769199999999999995e-01 -1.503270000000000106e+00 0.000000000000000000e+00 0.000000000000000000e+00 0.000000000000000000e+00 -1.644260000000000055e+00
-1.556289999999999951e+00 -2.837999999999999898e-02 -8.118000000000000216e-02 -1.490999999999999964e-02 -1.741149999999999975e+00 -4.317000000000000004e-02 -1.039800000000000030e-01 -3.928000000000000241e-02 -1.745970000000000022e+00
-1.556289999999999951e+00 2.837999999999999898e-02 8.118000000000000216e-02 1.490999999999999964e-02 -1.741149999999999975e+00 -4.317000000000000004e-02 1.039800000000000030e-01 -3.928000000000000241e-02 -1.745970000000000022e+00
-1.556289999999999951e+00 -2.837999999999999898e-02 8.118000000000000216e-02 -1.490999999999999964e-02 -1.741149999999999975e+00 4.317000000000000004e-02 1.039800000000000030e-01 3.928000000000000241e-02 -1.745970000000000022e+00
-1.556289999999999951e+00 2.837999999999999898e-02 -8.118000000000000216e-02 1.490999999999999964e-02 -1.741149999999999975e+00 4.317000000000000004e-02 -1.039800000000000030e-01 3.928000000000000241e-02 -1.745970000000000022e+00
-1.556289999999999951e+00 2.837999999999999898e-02 -8.118000000000000216e-02 1.490999999999999964e-02 -1.741149999999999975e+00 4.317000000000000004e-02 -1.039800000000000030e-01 3.928000000000000241e-02 -1.745970000000000022e+00
-1.556289999999999951e+00 -2.837999999999999898e-02 8.118000000000000216e-02 -1.490999999999999964e-02 -1.741149999999999975e+00 4.317000000000000004e-02 1.039800000000000030e-01 3.928000000000000241e-02 -1.745970000000000022e+00
-1.556289999999999951e+00 2.837999999999999898e-02 8.118000000000000216e-02 1.490999999999999964e-02 -1.741149999999999975e+00 -4.317000000000000004e-02 1.039800000000000030e-01 -3.928000000000000241e-02 -1.745970000000000022e+00
-1.556289999999999951e+00 -2.837999999999999898e-02 -8.118000000000000216e-02 -1.490999999999999964e-02 -1.741149999999999975e+00 -4.317000000000000004e-02 -1.039800000000000030e-01 -3.928000000000000241e-02 -1.745970000000000022e+00
