-7.221134078568969272e-02
-3.475273125673067343e-02
-3.272867087986358614e-02
2.161609606354058410e+00
2.632392530226962624e+00
2.722827304082387379e+00
2.745780590138591215e+00
2.897170133315527973e+00
2.968919120375557608e+00
3.099782286155046140e+00
3.387382750022896793e+00
4.036317039051669830e+00
4.162278565512907313e+00
4.181193839122753886e+00
4.911215612401371722e+00
5.353197382613846145e+00
5.428808086813455169e+00
5.672700317041630136e+00
6.239247394362194221e+00
7.432772257361559554e+00
7.842879785562328898e+00
7.864870318789388470e+00
9.382790407469824956e+00
9.422831066475247042e+00
9.687152238249254310e+00
1.024880361554792074e+01
1.081085701481134009e+01
1.100298862736844896e+01
1.163485448129746835e+01
1.167230108491609997e+01
1.247617122744160767e+01
1.301200757939403729e+01
1.320897657305027373e+01
1.328286899505855523e+01
1.345949813602107525e+01
1.428206803414334658e+01
1.442526399119605429e+01
1.615710888267622636e+01
1.624156983181605440e+01
1.677617520081173552e+01
1.773526482215916289e+01
1.787010431246786979e+01
