-2.961525488761386840e-02
-2.461173239799547760e-02
-1.774115964877205978e-02
2.320256413755020564e+00
2.845876171067840854e+00
3.100084370437180770e+00
3.171366115804562291e+00
3.313793383807345450e+00
3.362312307090687291e+00
3.488328808607069398e+00
3.490336868417692084e+00
3.980400101785224187e+00
4.037455975613601034e+00
4.178629496259413934e+00
4.240290764532798740e+00
4.363053361335602176e+00
4.419186726754504413e+00
4.763315195462809903e+00
4.889160916331589668e+00
4.925241621056032137e+00
5.333151707421718513e+00
6.443547137919463097e+00
7.058261841801066083e+00
7.097098689861777387e+00
7.108307865164387174e+00
7.452973930428310467e+00
7.680420941433389714e+00
7.946955486304792871e+00
8.189292948618680512e+00
8.265877733567627672e+00
8.567022114085643736e+00
8.646979328894083494e+00
8.789155449891479677e+00
8.909036280903519511e+00
8.913633007056015245e+00
9.497456262963025253e+00
9.607468140649833899e+00
1.048905169186024722e+01
1.073181783844735548e+01
1.085876965430109919e+01
1.097234588388236354e+01
1.149635420279881259e+01
1.184727782931442697e+01
1.197079709371470102e+01
1.206561564950971643e+01
1.236773007827140525e+01
1.286442556834460405e+01
1.437674196774101532e+01
1.698384943833703176e+01
1.704613171103981628e+01
1.707508611574968072e+01
1.845615236903649503e+01
1.849882075052632047e+01
1.857374136300738598e+01
1.876859139106068852e+01
1.881971648595939328e+01
1.898720405632495201e+01
2.164288225542157917e+01
2.267272321367264709e+01
2.317723515678505919e+01
