-2.453712588380429771e-01
-5.718329640168543643e-02
-1.040820423839516201e-02
1.882282805048284491e+00
1.898657163343227650e+00
1.980100289502160882e+00
3.018116694051562909e+00
3.036611012841811341e+00
3.336392940397498563e+00
3.390744996016373580e+00
3.852471746285683896e+00
4.106832393175249507e+00
4.119070547918791014e+00
4.210183173019387048e+00
4.666847154792011843e+00
4.716318316665504717e+00
4.775952774165008741e+00
4.807192732536535118e+00
4.949651581796994826e+00
5.168132657299135069e+00
5.169082588145330170e+00
5.447803246944524780e+00
5.676812326958340371e+00
5.717642748589554458e+00
5.728475385153013910e+00
5.920920852713632776e+00
6.223012996883459103e+00
6.316552716802281253e+00
6.689091291853718424e+00
7.112704520767098693e+00
7.310520911492052853e+00
7.808180203808831266e+00
7.876881739221155421e+00
9.241824050119680223e+00
9.325592018247577997e+00
9.379323612040982638e+00
9.401172530688070239e+00
9.607018888700419978e+00
9.736484232770104441e+00
1.021014834356303602e+01
1.056234899569602881e+01
1.100058952785777322e+01
1.186052166977843747e+01
1.257520447979036327e+01
1.299895211396776418e+01
1.315761246753749703e+01
1.330038580560728079e+01
1.353611657527062384e+01
1.583420187556797742e+01
1.615323034502662125e+01
1.670830913718669919e+01
1.674634985177560864e+01
1.701706681882449956e+01
1.722615974991405352e+01
1.873139708542589688e+01
1.879452457471274229e+01
1.942793608660183935e+01
2.633538086777797460e+01
2.747409246668556193e+01
2.850357717569911387e+01
