2.885050000000000114e+00 0.000000000000000000e+00 1.910900000000000098e-01 0.000000000000000000e+00 2.191469999999999807e+00 -0.000000000000000000e+00 2.585700000000000220e-01 -0.000000000000000000e+00 2.301499999999999879e+00
2.885050000000000114e+00 0.000000000000000000e+00 1.910900000000000098e-01 0.000000000000000000e+00 2.191469999999999807e+00 -0.000000000000000000e+00 2.585700000000000220e-01 -0.000000000000000000e+00 2.301499999999999879e+00
3.268130000000000202e+00 0.000000000000000000e+00 -9.795599999999999863e-01 0.000000000000000000e+00 3.658269999999999911e+00 0.000000000000000000e+00 -1.043020000000000058e+00 0.000000000000000000e+00 4.246789999999999843e+00
2.530030000000000001e+00 0.000000000000000000e+00 -1.447499999999999898e-01 0.000000000000000000e+00 4.495619999999999727e+00 -0.000000000000000000e+00 -1.524899999999999867e-01 -0.000000000000000000e+00 3.771440000000000126e+00
2.530030000000000001e+00 0.000000000000000000e+00 -1.447499999999999898e-01 0.000000000000000000e+00 4.495619999999999727e+00 -0.000000000000000000e+00 -1.524899999999999867e-01 -0.000000000000000000e+00 3.771440000000000126e+00
-1.960069999999999979e+00 -0.000000000000000000e+00 4.681400000000000006e-01 -0.000000000000000000e+00 -2.331370000000000164e+00 -0.000000000000000000e+00 3.474800000000000111e-01 -0.000000000000000000e+00 -1.518459999999999921e+00
-1.960069999999999979e+00 -0.000000000000000000e+00 4.681400000000000006e-01 -0.000000000000000000e+00 -2.331370000000000164e+00 -0.000000000000000000e+00 3.474800000000000111e-01 -0.000000000000000000e+00 -1.518459999999999921e+00
-1.571050000000000058e+00 -0.000000000000000000e+00 -4.270000000000000358e-03 -0.000000000000000000e+00 -2.141020000000000145e+00 0.000000000000000000e+00 1.088200000000000001e-01 0.000000000000000000e+00 -2.368889999999999940e+00
-1.571050000000000058e+00 -0.000000000000000000e+00 -4.270000000000000358e-03 -0.000000000000000000e+00 -2.141020000000000145e+00 0.000000000000000000e+00 1.088200000000000001e-01 0.000000000000000000e+00 -2.368889999999999940e+00
-1.759009999999999962e+00 -2.514600000000000168e-01 -1.021000000000000033e-02 -2.789200000000000013e-01 -2.021920000000000162e+00 4.472999999999999893e-02 -2.043000000000000024e-02 -2.995000000000000093e-02 -2.154490000000000016e+00
-1.759009999999999962e+00 2.514600000000000168e-01 -1.021000000000000033e-02 2.789200000000000013e-01 -2.021920000000000162e+00 -4.472999999999999893e-02 -2.043000000000000024e-02 2.995000000000000093e-02 -2.154490000000000016e+00
-1.759009999999999962e+00 2.514600000000000168e-01 -1.021000000000000033e-02 2.789200000000000013e-01 -2.021920000000000162e+00 -4.472999999999999893e-02 -2.043000000000000024e-02 2.995000000000000093e-02 -2.154490000000000016e+00
-1.759009999999999962e+00 -2.514600000000000168e-01 -1.021000000000000033e-02 -2.789200000000000013e-01 -2.021920000000000162e+00 4.472999999999999893e-02 -2.043000000000000024e-02 -2.995000000000000093e-02 -2.154490000000000016e+00
