-9.855013319199985855e-02
-2.644070047023633699e-02
-2.246293300306250948e-02
2.799138849592753164e+00
2.874879306379021227e+00
3.410937852477241350e+00
3.412080183019252200e+00
5.636552966717196966e+00
5.783070613248018077e+00
5.875413557755548410e+00
6.665426361360698770e+00
6.976673866970754645e+00
7.472281008825235382e+00
8.137855770088432195e+00
8.256544771039484587e+00
8.437632825951800086e+00
8.467022388992656801e+00
8.492421834147570792e+00
8.771070565357224069e+00
8.868248094817079874e+00
8.899618804946078043e+00
8.961527642574228736e+00
9.002911266519015854e+00
9.096958454763662161e+00
9.454146656577796293e+00
9.644264288221371828e+00
9.753471595682462691e+00
9.817312457734011844e+00
1.007026487650573010e+01
1.010940378174012544e+01
1.021538296846566496e+01
1.054612173388560947e+01
1.115132289963722023e+01
1.121723432279391020e+01
1.128643260233094558e+01
1.152956841468126470e+01
1.154331690122552168e+01
1.179532876316103618e+01
1.183641609000519246e+01
1.194932205342001197e+01
1.196540059413670676e+01
1.207331849568319271e+01
1.207726340600657799e+01
1.278715475701419635e+01
1.280231444940532803e+01
1.290787068819391692e+01
1.327800590920911894e+01
1.346358439928374651e+01
1.362246241673280522e+01
1.370351792379186229e+01
1.374512938149427477e+01
1.434597964776493306e+01
1.437854442183268588e+01
1.442409931779634569e+01
1.446508400624838409e+01
1.447043851524304259e+01
1.454012138289057887e+01
1.543837129775950601e+01
1.553112568825533657e+01
1.564301606794887256e+01
1.568969713206618266e+01
1.600943062894855018e+01
1.736726346044829228e+01
1.739111430213077725e+01
1.739528080425392176e+01
1.743331855469535796e+01
1.919293291615428743e+01
1.935885114126524087e+01
2.004476781063907609e+01
2.007956321319440107e+01
2.050917634532583378e+01
2.195722052798806345e+01
