1.244150000000000089e+00 -9.507999999999999785e-02 -3.545999999999999847e-02 -7.058999999999999997e-02 1.269160000000000066e+00 -5.689999999999999919e-02 -5.315999999999999892e-02 -4.612999999999999740e-02 1.441279999999999895e+00
1.132339999999999902e+00 -3.839000000000000051e-02 -2.282999999999999960e-02 -7.735000000000000209e-02 1.419159999999999977e+00 9.285999999999999810e-02 -3.796999999999999681e-02 6.790999999999999814e-02 1.299369999999999914e+00
1.490909999999999958e+00 -1.544399999999999940e-01 -8.719000000000000361e-02 -1.720899999999999930e-01 1.174120000000000053e+00 -5.297000000000000319e-02 -3.735999999999999738e-02 -9.106999999999999817e-02 1.215049999999999963e+00
1.490909999999999958e+00 1.544399999999999940e-01 -8.719000000000000361e-02 1.720899999999999930e-01 1.174120000000000053e+00 5.297000000000000319e-02 -3.735999999999999738e-02 9.106999999999999817e-02 1.215049999999999963e+00
1.132339999999999902e+00 3.839000000000000051e-02 -2.282999999999999960e-02 7.735000000000000209e-02 1.419159999999999977e+00 -9.285999999999999810e-02 -3.796999999999999681e-02 -6.790999999999999814e-02 1.299369999999999914e+00
1.244150000000000089e+00 9.507999999999999785e-02 -3.545999999999999847e-02 7.058999999999999997e-02 1.269160000000000066e+00 5.689999999999999919e-02 -5.315999999999999892e-02 4.612999999999999740e-02 1.441279999999999895e+00
1.244150000000000089e+00 9.507999999999999785e-02 -3.545999999999999847e-02 7.058999999999999997e-02 1.269160000000000066e+00 5.689999999999999919e-02 -5.315999999999999892e-02 4.612999999999999740e-02 1.441279999999999895e+00
1.132339999999999902e+00 3.839000000000000051e-02 -2.282999999999999960e-02 7.735000000000000209e-02 1.419159999999999977e+00 -9.285999999999999810e-02 -3.796999999999999681e-02 -6.790999999999999814e-02 1.299369999999999914e+00
1.490909999999999958e+00 1.544399999999999940e-01 -8.719000000000000361e-02 1.720899999999999930e-01 1.174120000000000053e+00 5.297000000000000319e-02 -3.735999999999999738e-02 9.106999999999999817e-02 1.215049999999999963e+00
1.490909999999999958e+00 -1.544399999999999940e-01 -8.719000000000000361e-02 -1.720899999999999930e-01 1.174120000000000053e+00 -5.297000000000000319e-02 -3.735999999999999738e-02 -9.106999999999999817e-02 1.215049999999999963e+00
1.132339999999999902e+00 -3.839000000000000051e-02 -2.282999999999999960e-02 -7.735000000000000209e-02 1.419159999999999977e+00 9.285999999999999810e-02 -3.796999999999999681e-02 6.790999999999999814e-02 1.299369999999999914e+00
1.244150000000000089e+00 -9.507999999999999785e-02 -3.545999999999999847e-02 -7.058999999999999997e-02 1.269160000000000066e+00 -5.689999999999999919e-02 -5.315999999999999892e-02 -4.612999999999999740e-02 1.441279999999999895e+00
2.652309999999999945e+00 4.734099999999999975e-01 5.966799999999999882e-01 5.137300000000000200e-01 2.880129999999999857e+00 -4.214999999999999997e-02 5.588300000000000489e-01 -1.009999999999999960e-02 2.867080000000000073e+00
2.652309999999999945e+00 -4.734099999999999975e-01 5.966799999999999882e-01 -5.137300000000000200e-01 2.880129999999999857e+00 4.214999999999999997e-02 5.588300000000000489e-01 1.009999999999999960e-02 2.867080000000000073e+00
2.652309999999999945e+00 -4.734099999999999975e-01 5.966799999999999882e-01 -5.137300000000000200e-01 2.880129999999999857e+00 4.214999999999999997e-02 5.588300000000000489e-01 1.009999999999999960e-02 2.867080000000000073e+00
2.652309999999999945e+00 4.734099999999999975e-01 5.966799999999999882e-01 5.137300000000000200e-01 2.880129999999999857e+00 -4.214999999999999997e-02 5.588300000000000489e-01 -1.009999999999999960e-02 2.867080000000000073e+00
-1.937710000000000043e+00 -3.816200000000000148e-01 1.831000000000000127e-01 -3.507299999999999862e-01 -2.917559999999999931e+00 1.040599999999999997e-01 1.491999999999999993e-01 1.012600000000000028e-01 -1.958110000000000017e+00
-2.400180000000000202e+00 -1.810900000000000010e-01 -1.209199999999999997e-01 -1.635699999999999932e-01 -1.770259999999999945e+00 -4.441700000000000093e-01 -7.610999999999999710e-02 -4.637999999999999901e-01 -2.218269999999999964e+00
-2.181810000000000027e+00 3.700399999999999801e-01 -5.133799999999999475e-01 3.669299999999999784e-01 -2.054759999999999920e+00 3.472999999999999976e-01 -5.034300000000000441e-01 4.150900000000000145e-01 -2.646399999999999864e+00
-2.181810000000000027e+00 -3.700399999999999801e-01 -5.133799999999999475e-01 -3.669299999999999784e-01 -2.054759999999999920e+00 -3.472999999999999976e-01 -5.034300000000000441e-01 -4.150900000000000145e-01 -2.646399999999999864e+00
-2.400180000000000202e+00 1.810900000000000010e-01 -1.209199999999999997e-01 1.635699999999999932e-01 -1.770259999999999945e+00 4.441700000000000093e-01 -7.610999999999999710e-02 4.637999999999999901e-01 -2.218269999999999964e+00
-1.937710000000000043e+00 3.816200000000000148e-01 1.831000000000000127e-01 3.507299999999999862e-01 -2.917559999999999931e+00 -1.040599999999999997e-01 1.491999999999999993e-01 -1.012600000000000028e-01 -1.958110000000000017e+00
-1.937710000000000043e+00 3.816200000000000148e-01 1.831000000000000127e-01 3.507299999999999862e-01 -2.917559999999999931e+00 -1.040599999999999997e-01 1.491999999999999993e-01 -1.012600000000000028e-01 -1.958110000000000017e+00
-2.400180000000000202e+00 1.810900000000000010e-01 -1.209199999999999997e-01 1.635699999999999932e-01 -1.770259999999999945e+00 4.441700000000000093e-01 -7.610999999999999710e-02 4.637999999999999901e-01 -2.218269999999999964e+00
-2.181810000000000027e+00 -3.700399999999999801e-01 -5.133799999999999475e-01 -3.669299999999999784e-01 -2.054759999999999920e+00 -3.472999999999999976e-01 -5.034300000000000441e-01 -4.150900000000000145e-01 -2.646399999999999864e+00
-2.181810000000000027e+00 3.700399999999999801e-01 -5.133799999999999475e-01 3.669299999999999784e-01 -2.054759999999999920e+00 3.472999999999999976e-01 -5.034300000000000441e-01 4.150900000000000145e-01 -2.646399999999999864e+00
-2.400180000000000202e+00 -1.810900000000000010e-01 -1.209199999999999997e-01 -1.635699999999999932e-01 -1.770259999999999945e+00 -4.441700000000000093e-01 -7.610999999999999710e-02 -4.637999999999999901e-01 -2.218269999999999964e+00
-1.937710000000000043e+00 -3.816200000000000148e-01 1.831000000000000127e-01 -3.507299999999999862e-01 -2.917559999999999931e+00 1.040599999999999997e-01 1.491999999999999993e-01 1.012600000000000028e-01 -1.958110000000000017e+00
