2.474889999999999812e+00 -0.000000000000000000e+00 -0.000000000000000000e+00 -0.000000000000000000e+00 2.474889999999999812e+00 -0.000000000000000000e+00 -0.000000000000000000e+00 -0.000000000000000000e+00 2.554460000000000175e+00
2.474889999999999812e+00 -0.000000000000000000e+00 -0.000000000000000000e+00 -0.000000000000000000e+00 2.474889999999999812e+00 -0.000000000000000000e+00 -0.000000000000000000e+00 -0.000000000000000000e+00 2.554460000000000175e+00
7.602750000000000341e+00 4.365899999999999781e-01 -0.000000000000000000e+00 -4.365899999999999781e-01 7.602750000000000341e+00 -0.000000000000000000e+00 -0.000000000000000000e+00 -0.000000000000000000e+00 7.620309999999999917e+00
7.602750000000000341e+00 -4.365899999999999781e-01 -0.000000000000000000e+00 4.365899999999999781e-01 7.602750000000000341e+00 -0.000000000000000000e+00 -0.000000000000000000e+00 -0.000000000000000000e+00 7.620309999999999917e+00
-4.029810000000000336e+00 2.008649999999999824e+00 0.000000000000000000e+00 2.008649999999999824e+00 -4.029810000000000336e+00 0.000000000000000000e+00 0.000000000000000000e+00 0.000000000000000000e+00 -2.065560000000000063e+00
-4.029810000000000336e+00 -2.008649999999999824e+00 0.000000000000000000e+00 -2.008649999999999824e+00 -4.029810000000000336e+00 0.000000000000000000e+00 0.000000000000000000e+00 0.000000000000000000e+00 -2.065560000000000063e+00
-4.029810000000000336e+00 -2.008649999999999824e+00 0.000000000000000000e+00 -2.008649999999999824e+00 -4.029810000000000336e+00 0.000000000000000000e+00 0.000000000000000000e+00 0.000000000000000000e+00 -2.065560000000000063e+00
-4.029810000000000336e+00 2.008649999999999824e+00 0.000000000000000000e+00 2.008649999999999824e+00 -4.029810000000000336e+00 0.000000000000000000e+00 0.000000000000000000e+00 0.000000000000000000e+00 -2.065560000000000063e+00
-2.018029999999999990e+00 0.000000000000000000e+00 -0.000000000000000000e+00 0.000000000000000000e+00 -2.018029999999999990e+00 0.000000000000000000e+00 -0.000000000000000000e+00 0.000000000000000000e+00 -6.043660000000000032e+00
-2.018029999999999990e+00 0.000000000000000000e+00 -0.000000000000000000e+00 0.000000000000000000e+00 -2.018029999999999990e+00 0.000000000000000000e+00 -0.000000000000000000e+00 0.000000000000000000e+00 -6.043660000000000032e+00
