-8.590221809048116663e-02
-8.590221808990684826e-02
-5.677141254516240854e-02
2.356952151439088095e+00
3.559079592922599566e+00
3.559079592922605784e+00
3.677250540885155239e+00
3.677250540885168562e+00
4.385028794283278408e+00
4.881031966535337219e+00
4.881031966535358535e+00
5.109557414322027924e+00
5.415693717924088268e+00
5.415693717924111361e+00
5.783099632677816793e+00
6.498871947369027069e+00
7.291038523961477225e+00
8.784102945651254046e+00
8.784102945651255823e+00
8.951137243203964644e+00
9.306067703493907217e+00
9.306067703493908994e+00
9.584899772718431521e+00
1.135694458759178893e+01
1.136547738525793072e+01
1.136547738525793250e+01
1.226953846883156274e+01
1.429652107400965022e+01
1.903667271417491236e+01
1.922132361629093111e+01
1.922132361629093467e+01
1.979338679361860187e+01
1.979338679361860898e+01
2.061141054104930603e+01
2.339297672324785538e+01
2.348552581079290746e+01
