2.959140000000000104e+00 1.814399999999999902e-01 0.000000000000000000e+00 -1.814399999999999902e-01 2.959140000000000104e+00 0.000000000000000000e+00 0.000000000000000000e+00 0.000000000000000000e+00 2.674510000000000165e+00
2.959140000000000104e+00 1.814399999999999902e-01 0.000000000000000000e+00 -1.814399999999999902e-01 2.959140000000000104e+00 0.000000000000000000e+00 0.000000000000000000e+00 0.000000000000000000e+00 2.674510000000000165e+00
4.404589999999999783e+00 -2.999999999999999889e-01 0.000000000000000000e+00 2.999999999999999889e-01 4.404589999999999783e+00 0.000000000000000000e+00 0.000000000000000000e+00 0.000000000000000000e+00 4.919389999999999930e+00
4.404589999999999783e+00 -2.999999999999999889e-01 0.000000000000000000e+00 2.999999999999999889e-01 4.404589999999999783e+00 0.000000000000000000e+00 0.000000000000000000e+00 0.000000000000000000e+00 4.919389999999999930e+00
-2.046479999999999855e+00 7.129900000000000126e-01 6.494999999999999662e-01 6.537199999999999678e-01 -1.635380000000000056e+00 -6.663200000000000234e-01 7.888100000000000112e-01 -5.119099999999999762e-01 -1.898470000000000102e+00
-1.635380000000000056e+00 -6.537199999999999678e-01 6.663200000000000234e-01 -7.129900000000000126e-01 -2.046479999999999855e+00 6.494999999999999662e-01 5.119099999999999762e-01 7.888100000000000112e-01 -1.898470000000000102e+00
-1.635380000000000056e+00 -6.537199999999999678e-01 -6.663200000000000234e-01 -7.129900000000000126e-01 -2.046479999999999855e+00 -6.494999999999999662e-01 -5.119099999999999762e-01 -7.888100000000000112e-01 -1.898470000000000102e+00
-2.046479999999999855e+00 7.129900000000000126e-01 -6.494999999999999662e-01 6.537199999999999678e-01 -1.635380000000000056e+00 6.663200000000000234e-01 -7.888100000000000112e-01 5.119099999999999762e-01 -1.898470000000000102e+00
-2.046479999999999855e+00 7.129900000000000126e-01 -6.494999999999999662e-01 6.537199999999999678e-01 -1.635380000000000056e+00 6.663200000000000234e-01 -7.888100000000000112e-01 5.119099999999999762e-01 -1.898470000000000102e+00
-1.635380000000000056e+00 -6.537199999999999678e-01 -6.663200000000000234e-01 -7.129900000000000126e-01 -2.046479999999999855e+00 -6.494999999999999662e-01 -5.119099999999999762e-01 -7.888100000000000112e-01 -1.898470000000000102e+00
-2.046479999999999855e+00 7.129900000000000126e-01 6.494999999999999662e-01 6.537199999999999678e-01 -1.635380000000000056e+00 -6.663200000000000234e-01 7.888100000000000112e-01 -5.119099999999999762e-01 -1.898470000000000102e+00
-1.635380000000000056e+00 -6.537199999999999678e-01 6.663200000000000234e-01 -7.129900000000000126e-01 -2.046479999999999855e+00 6.494999999999999662e-01 5.119099999999999762e-01 7.888100000000000112e-01 -1.898470000000000102e+00
