-3.222580023014809392e-02
-1.728266504701863812e-02
-1.062627658385519903e-02
5.268347877697810766e+00
8.088310379474311418e+00
8.188894955424720123e+00
8.527476734610237585e+00
9.067047289333553195e+00
9.073285216924784180e+00
9.148442317187633677e+00
9.171257153190923717e+00
1.085756935370327270e+01
1.090196694022525570e+01
1.098440275899736918e+01
1.118448805692924353e+01
1.182021464789835008e+01
1.221433770337408120e+01
1.239840775718152699e+01
1.266393941533717360e+01
1.274189107513460151e+01
1.304576282068274651e+01
1.459150580873658676e+01
1.524391671687785355e+01
1.652784124415481060e+01
1.724572713758736597e+01
1.745178694007578457e+01
1.800400579513071975e+01
1.839471256306337921e+01
1.876657614471368518e+01
1.900340150724205657e+01
