1.135250000000000092e+00 -2.417000000000000051e-02 3.976999999999999980e-02 -1.975000000000000019e-02 1.115019999999999900e+00 -4.279999999999999950e-03 1.399000000000000070e-02 5.299999999999999807e-04 1.007649999999999935e+00
1.135250000000000092e+00 2.417000000000000051e-02 3.976999999999999980e-02 1.975000000000000019e-02 1.115019999999999900e+00 4.279999999999999950e-03 1.399000000000000070e-02 -5.299999999999999807e-04 1.007649999999999935e+00
1.135250000000000092e+00 -2.417000000000000051e-02 3.976999999999999980e-02 -1.975000000000000019e-02 1.115019999999999900e+00 -4.279999999999999950e-03 1.399000000000000070e-02 5.299999999999999807e-04 1.007649999999999935e+00
1.135250000000000092e+00 2.417000000000000051e-02 3.976999999999999980e-02 1.975000000000000019e-02 1.115019999999999900e+00 4.279999999999999950e-03 1.399000000000000070e-02 -5.299999999999999807e-04 1.007649999999999935e+00
2.407270000000000021e+00 -1.178000000000000054e-02 4.049999999999999781e-03 -5.027000000000000218e-02 2.387290000000000134e+00 3.737999999999999656e-02 5.560999999999999971e-02 9.790000000000000091e-02 2.469259999999999788e+00
2.407270000000000021e+00 1.178000000000000054e-02 4.049999999999999781e-03 5.027000000000000218e-02 2.387290000000000134e+00 -3.737999999999999656e-02 5.560999999999999971e-02 -9.790000000000000091e-02 2.469259999999999788e+00
2.407270000000000021e+00 -1.178000000000000054e-02 4.049999999999999781e-03 -5.027000000000000218e-02 2.387290000000000134e+00 3.737999999999999656e-02 5.560999999999999971e-02 9.790000000000000091e-02 2.469259999999999788e+00
2.407270000000000021e+00 1.178000000000000054e-02 4.049999999999999781e-03 5.027000000000000218e-02 2.387290000000000134e+00 -3.737999999999999656e-02 5.560999999999999971e-02 -9.790000000000000091e-02 2.469259999999999788e+00
1.990329999999999933e+00 1.667399999999999993e-01 -6.841300000000000159e-01 1.545199999999999907e-01 1.995179999999999954e+00 5.426100000000000367e-01 -8.577799999999999869e-01 5.972899999999999876e-01 8.262199999999999545e-01
1.990329999999999933e+00 -1.667399999999999993e-01 -6.841300000000000159e-01 -1.545199999999999907e-01 1.995179999999999954e+00 -5.426100000000000367e-01 -8.577799999999999869e-01 -5.972899999999999876e-01 8.262199999999999545e-01
1.990329999999999933e+00 -1.667399999999999993e-01 -6.841300000000000159e-01 -1.545199999999999907e-01 1.995179999999999954e+00 -5.426100000000000367e-01 -8.577799999999999869e-01 -5.972899999999999876e-01 8.262199999999999545e-01
1.990329999999999933e+00 1.667399999999999993e-01 -6.841300000000000159e-01 1.545199999999999907e-01 1.995179999999999954e+00 5.426100000000000367e-01 -8.577799999999999869e-01 5.972899999999999876e-01 8.262199999999999545e-01
-1.746329999999999938e+00 -5.399000000000000327e-02 6.092000000000000193e-02 -8.171000000000000485e-02 -2.017879999999999896e+00 -2.847100000000000186e-01 1.135300000000000059e-01 -2.374400000000000122e-01 -1.339630000000000098e+00
-1.958690000000000042e+00 1.913999999999999868e-01 2.123599999999999932e-01 1.664899999999999991e-01 -1.809010000000000007e+00 7.309999999999999658e-03 2.347799999999999887e-01 4.164999999999999952e-02 -1.322549999999999892e+00
-1.746329999999999938e+00 -5.399000000000000327e-02 6.092000000000000193e-02 -8.171000000000000485e-02 -2.017879999999999896e+00 -2.847100000000000186e-01 1.135300000000000059e-01 -2.374400000000000122e-01 -1.339630000000000098e+00
-1.827830000000000066e+00 1.199000000000000066e-01 3.670300000000000229e-01 1.137299999999999978e-01 -1.670609999999999928e+00 -2.204200000000000048e-01 4.398799999999999932e-01 -2.381000000000000061e-01 -1.640949999999999909e+00
-1.827830000000000066e+00 -1.199000000000000066e-01 3.670300000000000229e-01 -1.137299999999999978e-01 -1.670609999999999928e+00 2.204200000000000048e-01 4.398799999999999932e-01 2.381000000000000061e-01 -1.640949999999999909e+00
-1.827830000000000066e+00 -1.199000000000000066e-01 3.670300000000000229e-01 -1.137299999999999978e-01 -1.670609999999999928e+00 2.204200000000000048e-01 4.398799999999999932e-01 2.381000000000000061e-01 -1.640949999999999909e+00
-1.827830000000000066e+00 1.199000000000000066e-01 3.670300000000000229e-01 1.137299999999999978e-01 -1.670609999999999928e+00 -2.204200000000000048e-01 4.398799999999999932e-01 -2.381000000000000061e-01 -1.640949999999999909e+00
-1.746329999999999938e+00 5.399000000000000327e-02 6.092000000000000193e-02 8.171000000000000485e-02 -2.017879999999999896e+00 2.847100000000000186e-01 1.135300000000000059e-01 2.374400000000000122e-01 -1.339630000000000098e+00
-1.958690000000000042e+00 1.913999999999999868e-01 2.123599999999999932e-01 1.664899999999999991e-01 -1.809010000000000007e+00 7.309999999999999658e-03 2.347799999999999887e-01 4.164999999999999952e-02 -1.322549999999999892e+00
-1.958690000000000042e+00 -1.913999999999999868e-01 2.123599999999999932e-01 -1.664899999999999991e-01 -1.809010000000000007e+00 -7.309999999999999658e-03 2.347799999999999887e-01 -4.164999999999999952e-02 -1.322549999999999892e+00
-1.958690000000000042e+00 -1.913999999999999868e-01 2.123599999999999932e-01 -1.664899999999999991e-01 -1.809010000000000007e+00 -7.309999999999999658e-03 2.347799999999999887e-01 -4.164999999999999952e-02 -1.322549999999999892e+00
-1.746329999999999938e+00 5.399000000000000327e-02 6.092000000000000193e-02 8.171000000000000485e-02 -2.017879999999999896e+00 2.847100000000000186e-01 1.135300000000000059e-01 2.374400000000000122e-01 -1.339630000000000098e+00
