-1.158706251632668216e-01
-2.524564350456373965e-02
-1.687697818409236369e-02
2.457396810894490802e+00
2.743286199127566327e+00
4.444463052395428271e+00
4.589432121218012028e+00
5.236742732100932329e+00
5.529422494869250748e+00
5.580804338910999363e+00
5.760794455936980363e+00
5.884177655820343134e+00
6.583463038426647707e+00
6.608333044253543065e+00
6.936916832646137010e+00
7.063374699102442200e+00
7.202530488308596546e+00
7.691279702131519791e+00
7.732402369529744135e+00
8.001133352932530585e+00
8.109931996790370690e+00
8.225360161503612488e+00
8.388655328998023464e+00
8.940911902239879083e+00
9.031492635043845141e+00
9.120087543366070193e+00
9.177001094119152214e+00
9.668940464109056165e+00
1.040428601290092558e+01
1.053749623880478303e+01
1.067342856074730406e+01
1.144342356106548486e+01
1.146805610135136710e+01
1.151880378423301998e+01
1.285299982733468660e+01
1.286250249202849893e+01
1.333472440803108050e+01
1.390638634938725637e+01
1.460109943042163927e+01
1.527052402915492202e+01
1.557785593425001203e+01
1.563895796848161979e+01
1.574215943033828502e+01
1.606368553880891881e+01
1.641704295712911588e+01
1.672363075060844650e+01
1.714060110440681228e+01
1.740113825503088663e+01
1.792656204613336612e+01
1.794890256090719660e+01
1.837131508596495877e+01
1.905460612357284234e+01
1.930895239726494239e+01
1.967372937329573901e+01
1.970842695425065472e+01
2.001752435441644451e+01
2.037559114121917503e+01
2.066124029269028384e+01
2.139471794994805620e+01
2.282955117046182991e+01
