-7.100610836156558137e-02
-7.100610836099820189e-02
-7.100610836050193220e-02
1.367781993223355474e+00
1.444612818414633404e+00
1.444612818414677147e+00
1.513592326757139173e+00
1.513592326757233542e+00
1.513592326757274176e+00
1.695552898114009777e+00
1.695552898114018436e+00
1.695552898114133233e+00
1.948528931425772326e+00
1.948528931425777433e+00
1.948528931425806521e+00
2.077927835763107911e+00
2.280163038410624843e+00
2.280163038410654153e+00
3.065966962890875003e+00
3.065966962890902980e+00
3.065966962890912306e+00
3.495026561205700766e+00
3.753184056417091963e+00
3.753184056417105730e+00
3.753184056417123493e+00
4.715467550711299971e+00
4.715467550711314182e+00
4.715467550711323952e+00
4.799768104550119929e+00
4.799768104550135028e+00
4.821160690862188680e+00
4.821160690862211773e+00
4.821160690862215326e+00
5.539867406122261251e+00
5.539867406122269244e+00
5.539867406122277238e+00
6.227607744827106551e+00
6.227607744827107439e+00
6.227607744827110103e+00
7.540269850997416867e+00
7.540269850997431078e+00
7.827070869512856355e+00
7.827070869512865237e+00
7.827070869512868789e+00
8.280624104051645062e+00
8.280624104051652168e+00
8.280624104051653944e+00
9.268403293295179424e+00
1.711293737977169016e+01
1.711293737977169727e+01
1.741644222104499562e+01
1.741644222104502759e+01
1.741644222104503115e+01
1.825077014325155034e+01
1.825077014325156455e+01
1.825077014325158231e+01
2.075767071703749878e+01
2.084964298872673183e+01
2.084964298872673183e+01
2.084964298872674604e+01
2.580861145674876056e+01
2.580861145674876767e+01
2.580861145674876767e+01
2.582982836557036066e+01
3.684639461905057090e+01
3.684639461905058511e+01
3.707575461582266740e+01
3.707575461582268161e+01
3.707575461582268161e+01
3.732536435677673126e+01
3.732536435677673836e+01
3.732536435677675257e+01
