-4.035566353548264429e-02
-1.429723258021220293e-02
-4.756973752585734461e-03
1.818641581863022605e+00
2.114294970818715758e+00
2.477931897692729812e+00
2.498888005241348687e+00
2.761149414270581026e+00
2.854543311224547963e+00
3.168901326928582840e+00
3.316953594736210320e+00
3.404503922422497997e+00
4.462171336225115859e+00
7.562763660394658416e+00
8.159996126692067975e+00
8.390865657417624135e+00
1.471693387239967343e+01
1.617198404384257771e+01
1.628360839565472773e+01
1.675521899859174724e+01
1.704551052453085802e+01
1.747381358700653209e+01
1.767892386069564381e+01
1.801011982123452881e+01
