5.159559999999999924e+00 -0.000000000000000000e+00 0.000000000000000000e+00 -0.000000000000000000e+00 4.224759999999999849e+00 -6.570399999999999574e-01 -0.000000000000000000e+00 1.662599999999999911e-01 3.948659999999999837e+00
5.159559999999999924e+00 -0.000000000000000000e+00 -0.000000000000000000e+00 -0.000000000000000000e+00 4.224759999999999849e+00 6.570399999999999574e-01 0.000000000000000000e+00 -1.662599999999999911e-01 3.948659999999999837e+00
4.230459999999999887e+00 -9.864199999999999635e-01 2.463400000000000034e-01 -5.417600000000000193e-01 4.793009999999999771e+00 2.422199999999999909e-01 -8.093000000000000194e-02 2.506300000000000194e-01 4.784959999999999880e+00
4.230459999999999887e+00 9.864199999999999635e-01 2.463400000000000034e-01 5.417600000000000193e-01 4.793009999999999771e+00 -2.422199999999999909e-01 -8.093000000000000194e-02 -2.506300000000000194e-01 4.784959999999999880e+00
4.230459999999999887e+00 9.864199999999999635e-01 -2.463400000000000034e-01 5.417600000000000193e-01 4.793009999999999771e+00 2.422199999999999909e-01 8.093000000000000194e-02 2.506300000000000194e-01 4.784959999999999880e+00
4.230459999999999887e+00 -9.864199999999999635e-01 -2.463400000000000034e-01 -5.417600000000000193e-01 4.793009999999999771e+00 -2.422199999999999909e-01 8.093000000000000194e-02 -2.506300000000000194e-01 4.784959999999999880e+00
-3.744169999999999998e+00 1.815679999999999961e+00 -1.033670000000000089e+00 1.568210000000000104e+00 -2.489669999999999828e+00 -2.560000000000000209e-03 -5.260700000000000376e-01 -2.696399999999999908e-01 -1.990560000000000107e+00
-3.744169999999999998e+00 -1.815679999999999961e+00 -1.033670000000000089e+00 -1.568210000000000104e+00 -2.489669999999999828e+00 2.560000000000000209e-03 -5.260700000000000376e-01 2.696399999999999908e-01 -1.990560000000000107e+00
-2.395010000000000083e+00 2.094199999999999950e-01 -2.618599999999999817e-01 4.190800000000000081e-01 -3.021669999999999856e+00 1.987400000000000000e-01 -2.148700000000000054e-01 -2.025899999999999923e-01 -2.979319999999999968e+00
-2.395010000000000083e+00 -2.094199999999999950e-01 -2.618599999999999817e-01 -4.190800000000000081e-01 -3.021669999999999856e+00 -1.987400000000000000e-01 -2.148700000000000054e-01 2.025899999999999923e-01 -2.979319999999999968e+00
-2.395010000000000083e+00 2.094199999999999950e-01 2.618599999999999817e-01 4.190800000000000081e-01 -3.021669999999999856e+00 -1.987400000000000000e-01 2.148700000000000054e-01 2.025899999999999923e-01 -2.979319999999999968e+00
-2.395010000000000083e+00 -2.094199999999999950e-01 2.618599999999999817e-01 -4.190800000000000081e-01 -3.021669999999999856e+00 1.987400000000000000e-01 2.148700000000000054e-01 -2.025899999999999923e-01 -2.979319999999999968e+00
-3.744169999999999998e+00 -1.815679999999999961e+00 1.033670000000000089e+00 -1.568210000000000104e+00 -2.489669999999999828e+00 -2.560000000000000209e-03 5.260700000000000376e-01 -2.696399999999999908e-01 -1.990560000000000107e+00
-3.744169999999999998e+00 1.815679999999999961e+00 1.033670000000000089e+00 1.568210000000000104e+00 -2.489669999999999828e+00 2.560000000000000209e-03 5.260700000000000376e-01 2.696399999999999908e-01 -1.990560000000000107e+00
-1.342130000000000045e+00 0.000000000000000000e+00 0.000000000000000000e+00 0.000000000000000000e+00 -2.788089999999999957e+00 -1.697990000000000110e+00 0.000000000000000000e+00 -1.487849999999999895e+00 -3.578819999999999890e+00
-1.342130000000000045e+00 0.000000000000000000e+00 -0.000000000000000000e+00 0.000000000000000000e+00 -2.788089999999999957e+00 1.697990000000000110e+00 -0.000000000000000000e+00 1.487849999999999895e+00 -3.578819999999999890e+00
