2.401250000000000107e+00 0.000000000000000000e+00 8.967999999999999583e-02 0.000000000000000000e+00 2.000779999999999781e+00 0.000000000000000000e+00 -1.469999999999999953e-02 -0.000000000000000000e+00 1.928129999999999900e+00
2.401250000000000107e+00 0.000000000000000000e+00 -8.967999999999999583e-02 0.000000000000000000e+00 2.000779999999999781e+00 0.000000000000000000e+00 1.469999999999999953e-02 0.000000000000000000e+00 1.928129999999999900e+00
2.401250000000000107e+00 0.000000000000000000e+00 8.967999999999999583e-02 0.000000000000000000e+00 2.000779999999999781e+00 0.000000000000000000e+00 -1.469999999999999953e-02 0.000000000000000000e+00 1.928129999999999900e+00
2.401250000000000107e+00 0.000000000000000000e+00 -8.967999999999999583e-02 0.000000000000000000e+00 2.000779999999999781e+00 0.000000000000000000e+00 1.469999999999999953e-02 -0.000000000000000000e+00 1.928129999999999900e+00
2.287859999999999783e+00 -3.905699999999999728e-01 -1.655699999999999950e-01 -3.618399999999999950e-01 2.991929999999999978e+00 1.582699999999999940e-01 -1.363999999999999935e-02 -7.169000000000000372e-02 2.986159999999999926e+00
2.287859999999999783e+00 -3.905699999999999728e-01 1.655699999999999950e-01 -3.618399999999999950e-01 2.991929999999999978e+00 -1.582699999999999940e-01 1.363999999999999935e-02 7.169000000000000372e-02 2.986159999999999926e+00
2.287859999999999783e+00 3.905699999999999728e-01 -1.655699999999999950e-01 3.618399999999999950e-01 2.991929999999999978e+00 -1.582699999999999940e-01 -1.363999999999999935e-02 7.169000000000000372e-02 2.986159999999999926e+00
2.287859999999999783e+00 3.905699999999999728e-01 1.655699999999999950e-01 3.618399999999999950e-01 2.991929999999999978e+00 1.582699999999999940e-01 1.363999999999999935e-02 -7.169000000000000372e-02 2.986159999999999926e+00
1.759959999999999969e+00 0.000000000000000000e+00 4.143999999999999767e-02 0.000000000000000000e+00 2.224950000000000205e+00 0.000000000000000000e+00 -5.288999999999999951e-02 -0.000000000000000000e+00 2.636050000000000004e+00
1.759959999999999969e+00 0.000000000000000000e+00 4.143999999999999767e-02 0.000000000000000000e+00 2.224950000000000205e+00 0.000000000000000000e+00 -5.288999999999999951e-02 -0.000000000000000000e+00 2.636050000000000004e+00
1.759959999999999969e+00 -0.000000000000000000e+00 -4.143999999999999767e-02 0.000000000000000000e+00 2.224950000000000205e+00 0.000000000000000000e+00 5.288999999999999951e-02 -0.000000000000000000e+00 2.636050000000000004e+00
1.759959999999999969e+00 -0.000000000000000000e+00 -4.143999999999999767e-02 0.000000000000000000e+00 2.224950000000000205e+00 0.000000000000000000e+00 5.288999999999999951e-02 -0.000000000000000000e+00 2.636050000000000004e+00
-1.627040000000000042e+00 -2.058000000000000107e-01 8.959999999999999215e-03 -2.519799999999999818e-01 -1.962560000000000082e+00 -1.970099999999999907e-01 4.689999999999999725e-03 -1.384499999999999897e-01 -1.614789999999999948e+00
-1.627040000000000042e+00 -2.058000000000000107e-01 -8.959999999999999215e-03 -2.519799999999999818e-01 -1.962560000000000082e+00 1.970099999999999907e-01 -4.689999999999999725e-03 1.384499999999999897e-01 -1.614789999999999948e+00
-1.627040000000000042e+00 2.058000000000000107e-01 8.959999999999999215e-03 2.519799999999999818e-01 -1.962560000000000082e+00 1.970099999999999907e-01 4.689999999999999725e-03 1.384499999999999897e-01 -1.614789999999999948e+00
-1.627040000000000042e+00 2.058000000000000107e-01 -8.959999999999999215e-03 2.519799999999999818e-01 -1.962560000000000082e+00 -1.970099999999999907e-01 -4.689999999999999725e-03 -1.384499999999999897e-01 -1.614789999999999948e+00
-1.627040000000000042e+00 2.058000000000000107e-01 -8.959999999999999215e-03 2.519799999999999818e-01 -1.962560000000000082e+00 -1.970099999999999907e-01 -4.689999999999999725e-03 -1.384499999999999897e-01 -1.614789999999999948e+00
-1.627040000000000042e+00 -2.058000000000000107e-01 8.959999999999999215e-03 -2.519799999999999818e-01 -1.962560000000000082e+00 -1.970099999999999907e-01 4.689999999999999725e-03 -1.384499999999999897e-01 -1.614789999999999948e+00
-1.627040000000000042e+00 2.058000000000000107e-01 8.959999999999999215e-03 2.519799999999999818e-01 -1.962560000000000082e+00 1.970099999999999907e-01 4.689999999999999725e-03 1.384499999999999897e-01 -1.614789999999999948e+00
-1.627040000000000042e+00 -2.058000000000000107e-01 -8.959999999999999215e-03 -2.519799999999999818e-01 -1.962560000000000082e+00 1.970099999999999907e-01 -4.689999999999999725e-03 1.384499999999999897e-01 -1.614789999999999948e+00
-1.311609999999999943e+00 -0.000000000000000000e+00 1.106899999999999967e-01 0.000000000000000000e+00 -1.603990000000000027e+00 0.000000000000000000e+00 1.458800000000000097e-01 0.000000000000000000e+00 -2.603009999999999824e+00
-1.311609999999999943e+00 -0.000000000000000000e+00 -1.106899999999999967e-01 0.000000000000000000e+00 -1.603990000000000027e+00 0.000000000000000000e+00 -1.458800000000000097e-01 -0.000000000000000000e+00 -2.603009999999999824e+00
-1.311609999999999943e+00 -0.000000000000000000e+00 1.106899999999999967e-01 0.000000000000000000e+00 -1.603990000000000027e+00 0.000000000000000000e+00 1.458800000000000097e-01 0.000000000000000000e+00 -2.603009999999999824e+00
-1.311609999999999943e+00 -0.000000000000000000e+00 -1.106899999999999967e-01 0.000000000000000000e+00 -1.603990000000000027e+00 0.000000000000000000e+00 -1.458800000000000097e-01 -0.000000000000000000e+00 -2.603009999999999824e+00
-1.883369999999999989e+00 0.000000000000000000e+00 1.317599999999999882e-01 0.000000000000000000e+00 -1.688549999999999995e+00 0.000000000000000000e+00 1.380599999999999883e-01 -0.000000000000000000e+00 -1.717759999999999954e+00
-1.883369999999999989e+00 -0.000000000000000000e+00 -1.317599999999999882e-01 0.000000000000000000e+00 -1.688549999999999995e+00 0.000000000000000000e+00 -1.380599999999999883e-01 -0.000000000000000000e+00 -1.717759999999999954e+00
-1.883369999999999989e+00 0.000000000000000000e+00 1.317599999999999882e-01 0.000000000000000000e+00 -1.688549999999999995e+00 0.000000000000000000e+00 1.380599999999999883e-01 -0.000000000000000000e+00 -1.717759999999999954e+00
-1.883369999999999989e+00 -0.000000000000000000e+00 -1.317599999999999882e-01 0.000000000000000000e+00 -1.688549999999999995e+00 0.000000000000000000e+00 -1.380599999999999883e-01 -0.000000000000000000e+00 -1.717759999999999954e+00
