2.458159999999999901e+00 -2.296600000000000030e-01 -6.361999999999999600e-02 -2.296600000000000030e-01 2.723349999999999937e+00 -3.672999999999999876e-02 -1.223400000000000043e-01 -7.062999999999999834e-02 2.343840000000000146e+00
2.458159999999999901e+00 2.296600000000000030e-01 6.361999999999999600e-02 2.296600000000000030e-01 2.723349999999999937e+00 -3.672999999999999876e-02 1.223400000000000043e-01 -7.062999999999999834e-02 2.343840000000000146e+00
2.855939999999999923e+00 -0.000000000000000000e+00 -0.000000000000000000e+00 -0.000000000000000000e+00 2.325569999999999915e+00 7.345999999999999752e-02 -0.000000000000000000e+00 1.412599999999999967e-01 2.343840000000000146e+00
4.943500000000000227e+00 -0.000000000000000000e+00 -0.000000000000000000e+00 -0.000000000000000000e+00 4.943500000000000227e+00 0.000000000000000000e+00 0.000000000000000000e+00 0.000000000000000000e+00 7.309160000000000323e+00
2.625430000000000152e+00 3.818300000000000027e-01 -3.305699999999999750e-01 3.818300000000000027e-01 3.066339999999999844e+00 1.908600000000000019e-01 2.390899999999999970e-01 -1.380399999999999960e-01 3.236759999999999859e+00
3.286789999999999878e+00 -0.000000000000000000e+00 0.000000000000000000e+00 -0.000000000000000000e+00 2.404980000000000118e+00 -3.817099999999999937e-01 -0.000000000000000000e+00 2.760699999999999821e-01 3.236759999999999859e+00
2.625430000000000152e+00 -3.818300000000000027e-01 3.305699999999999750e-01 -3.818300000000000027e-01 3.066339999999999844e+00 1.908600000000000019e-01 -2.390899999999999970e-01 -1.380399999999999960e-01 3.236759999999999859e+00
3.103040000000000020e+00 8.747000000000000608e-02 0.000000000000000000e+00 -8.747000000000000608e-02 3.103040000000000020e+00 -0.000000000000000000e+00 0.000000000000000000e+00 -0.000000000000000000e+00 2.918289999999999829e+00
3.103040000000000020e+00 -8.747000000000000608e-02 0.000000000000000000e+00 8.747000000000000608e-02 3.103040000000000020e+00 -0.000000000000000000e+00 0.000000000000000000e+00 -0.000000000000000000e+00 2.918289999999999829e+00
-1.529050000000000020e+00 5.927000000000000324e-02 -3.024200000000000221e-01 1.299200000000000077e-01 -2.402060000000000084e+00 -7.515199999999999658e-01 -2.214000000000000135e-01 -8.664100000000000135e-01 -2.610430000000000028e+00
-2.101890000000000036e+00 -4.606500000000000039e-01 8.020399999999999752e-01 -3.899900000000000033e-01 -1.829229999999999912e+00 1.138600000000000029e-01 8.610299999999999621e-01 2.414699999999999902e-01 -2.610430000000000028e+00
-2.265730000000000022e+00 2.953999999999999959e-01 -4.996300000000000185e-01 3.660499999999999865e-01 -1.665380000000000082e+00 6.376600000000000046e-01 -6.396300000000000319e-01 6.249400000000000510e-01 -2.610430000000000028e+00
-1.529050000000000020e+00 -5.927000000000000324e-02 3.024200000000000221e-01 -1.299200000000000077e-01 -2.402060000000000084e+00 -7.515199999999999658e-01 2.214000000000000135e-01 -8.664100000000000135e-01 -2.610430000000000028e+00
-2.101890000000000036e+00 4.606500000000000039e-01 -8.020399999999999752e-01 3.899900000000000033e-01 -1.829229999999999912e+00 1.138600000000000029e-01 -8.610299999999999621e-01 2.414699999999999902e-01 -2.610430000000000028e+00
-2.265730000000000022e+00 -2.953999999999999959e-01 4.996300000000000185e-01 -3.660499999999999865e-01 -1.665380000000000082e+00 6.376600000000000046e-01 6.396300000000000319e-01 6.249400000000000510e-01 -2.610430000000000028e+00
-1.603830000000000089e+00 2.964700000000000113e-01 -1.766099999999999892e-01 3.096099999999999963e-01 -2.533970000000000056e+00 -6.579999999999999911e-03 -1.914099999999999968e-01 1.060999999999999964e-02 -1.668279999999999985e+00
-2.038990000000000080e+00 -5.608499999999999597e-01 9.400999999999999635e-02 -5.477100000000000302e-01 -2.098809999999999842e+00 -1.496599999999999875e-01 8.651999999999999968e-02 -1.710699999999999998e-01 -1.668279999999999985e+00
-2.563880000000000159e+00 2.446699999999999986e-01 8.261000000000000287e-02 2.578099999999999836e-01 -1.573919999999999986e+00 1.562399999999999900e-01 1.048899999999999971e-01 1.604599999999999915e-01 -1.668279999999999985e+00
-1.626370000000000093e+00 2.944000000000000089e-02 -0.000000000000000000e+00 -2.944000000000000089e-02 -1.626370000000000093e+00 0.000000000000000000e+00 0.000000000000000000e+00 -0.000000000000000000e+00 -2.107629999999999892e+00
-1.626370000000000093e+00 -2.944000000000000089e-02 0.000000000000000000e+00 2.944000000000000089e-02 -1.626370000000000093e+00 0.000000000000000000e+00 0.000000000000000000e+00 -0.000000000000000000e+00 -2.107629999999999892e+00
-2.563880000000000159e+00 -2.446699999999999986e-01 -8.261000000000000287e-02 -2.578099999999999836e-01 -1.573919999999999986e+00 1.562399999999999900e-01 -1.048899999999999971e-01 1.604599999999999915e-01 -1.668279999999999985e+00
-2.038990000000000080e+00 5.608499999999999597e-01 -9.400999999999999635e-02 5.477100000000000302e-01 -2.098809999999999842e+00 -1.496599999999999875e-01 -8.651999999999999968e-02 -1.710699999999999998e-01 -1.668279999999999985e+00
-1.603830000000000089e+00 -2.964700000000000113e-01 1.766099999999999892e-01 -3.096099999999999963e-01 -2.533970000000000056e+00 -6.579999999999999911e-03 1.914099999999999968e-01 1.060999999999999964e-02 -1.668279999999999985e+00
