4.259100000000000108e+00 -1.283299999999999996e-01 -1.283299999999999996e-01 -1.283299999999999996e-01 4.259100000000000108e+00 1.283299999999999996e-01 -1.283299999999999996e-01 1.283299999999999996e-01 4.259100000000000108e+00
4.259100000000000108e+00 1.283299999999999996e-01 1.283299999999999996e-01 1.283299999999999996e-01 4.259100000000000108e+00 1.283299999999999996e-01 1.283299999999999996e-01 1.283299999999999996e-01 4.259100000000000108e+00
4.259100000000000108e+00 -1.283299999999999996e-01 1.283299999999999996e-01 -1.283299999999999996e-01 4.259100000000000108e+00 -1.283299999999999996e-01 1.283299999999999996e-01 -1.283299999999999996e-01 4.259100000000000108e+00
4.259100000000000108e+00 1.283299999999999996e-01 -1.283299999999999996e-01 1.283299999999999996e-01 4.259100000000000108e+00 -1.283299999999999996e-01 -1.283299999999999996e-01 -1.283299999999999996e-01 4.259100000000000108e+00
2.185290000000000177e+00 -9.359300000000000397e-01 9.359300000000000397e-01 -9.359300000000000397e-01 2.185290000000000177e+00 9.359300000000000397e-01 9.359300000000000397e-01 9.359300000000000397e-01 2.185290000000000177e+00
2.185290000000000177e+00 -9.359300000000000397e-01 -9.359300000000000397e-01 -9.359300000000000397e-01 2.185290000000000177e+00 -9.359300000000000397e-01 -9.359300000000000397e-01 -9.359300000000000397e-01 2.185290000000000177e+00
2.185290000000000177e+00 9.359300000000000397e-01 -9.359300000000000397e-01 9.359300000000000397e-01 2.185290000000000177e+00 9.359300000000000397e-01 -9.359300000000000397e-01 9.359300000000000397e-01 2.185290000000000177e+00
2.185290000000000177e+00 9.359300000000000397e-01 9.359300000000000397e-01 9.359300000000000397e-01 2.185290000000000177e+00 -9.359300000000000397e-01 9.359300000000000397e-01 -9.359300000000000397e-01 2.185290000000000177e+00
-1.232159999999999922e+00 -0.000000000000000000e+00 0.000000000000000000e+00 -0.000000000000000000e+00 -1.901250000000000107e+00 6.770100000000000007e-01 0.000000000000000000e+00 6.770100000000000007e-01 -1.901250000000000107e+00
-1.901250000000000107e+00 -6.770100000000000007e-01 0.000000000000000000e+00 -6.770100000000000007e-01 -1.901250000000000107e+00 0.000000000000000000e+00 0.000000000000000000e+00 0.000000000000000000e+00 -1.232159999999999922e+00
-1.901250000000000107e+00 -0.000000000000000000e+00 6.770100000000000007e-01 -0.000000000000000000e+00 -1.232159999999999922e+00 0.000000000000000000e+00 6.770100000000000007e-01 0.000000000000000000e+00 -1.901250000000000107e+00
-2.819469999999999921e+00 -0.000000000000000000e+00 0.000000000000000000e+00 -0.000000000000000000e+00 -2.819469999999999921e+00 -0.000000000000000000e+00 0.000000000000000000e+00 0.000000000000000000e+00 -2.819469999999999921e+00
-1.901250000000000107e+00 -0.000000000000000000e+00 -6.770100000000000007e-01 -0.000000000000000000e+00 -1.232159999999999922e+00 -0.000000000000000000e+00 -6.770100000000000007e-01 -0.000000000000000000e+00 -1.901250000000000107e+00
-1.232159999999999922e+00 -0.000000000000000000e+00 0.000000000000000000e+00 -0.000000000000000000e+00 -1.901250000000000107e+00 -6.770100000000000007e-01 0.000000000000000000e+00 -6.770100000000000007e-01 -1.901250000000000107e+00
-1.232159999999999922e+00 -0.000000000000000000e+00 0.000000000000000000e+00 -0.000000000000000000e+00 -1.901250000000000107e+00 -6.770100000000000007e-01 0.000000000000000000e+00 -6.770100000000000007e-01 -1.901250000000000107e+00
-1.901250000000000107e+00 -0.000000000000000000e+00 -6.770100000000000007e-01 -0.000000000000000000e+00 -1.232159999999999922e+00 -0.000000000000000000e+00 -6.770100000000000007e-01 -0.000000000000000000e+00 -1.901250000000000107e+00
-2.819469999999999921e+00 -0.000000000000000000e+00 0.000000000000000000e+00 -0.000000000000000000e+00 -2.819469999999999921e+00 -0.000000000000000000e+00 0.000000000000000000e+00 0.000000000000000000e+00 -2.819469999999999921e+00
-1.901250000000000107e+00 -0.000000000000000000e+00 6.770100000000000007e-01 -0.000000000000000000e+00 -1.232159999999999922e+00 0.000000000000000000e+00 6.770100000000000007e-01 0.000000000000000000e+00 -1.901250000000000107e+00
-1.901250000000000107e+00 -6.770100000000000007e-01 0.000000000000000000e+00 -6.770100000000000007e-01 -1.901250000000000107e+00 0.000000000000000000e+00 0.000000000000000000e+00 0.000000000000000000e+00 -1.232159999999999922e+00
-1.901250000000000107e+00 6.770100000000000007e-01 0.000000000000000000e+00 6.770100000000000007e-01 -1.901250000000000107e+00 -0.000000000000000000e+00 0.000000000000000000e+00 -0.000000000000000000e+00 -1.232159999999999922e+00
-1.232159999999999922e+00 -0.000000000000000000e+00 0.000000000000000000e+00 -0.000000000000000000e+00 -1.901250000000000107e+00 6.770100000000000007e-01 0.000000000000000000e+00 6.770100000000000007e-01 -1.901250000000000107e+00
-1.901250000000000107e+00 6.770100000000000007e-01 0.000000000000000000e+00 6.770100000000000007e-01 -1.901250000000000107e+00 -0.000000000000000000e+00 0.000000000000000000e+00 -0.000000000000000000e+00 -1.232159999999999922e+00
