3.205649999999999888e+00 0.000000000000000000e+00 -0.000000000000000000e+00 0.000000000000000000e+00 3.205649999999999888e+00 0.000000000000000000e+00 -0.000000000000000000e+00 0.000000000000000000e+00 5.137609999999999566e+00
3.205649999999999888e+00 0.000000000000000000e+00 -0.000000000000000000e+00 0.000000000000000000e+00 3.205649999999999888e+00 0.000000000000000000e+00 -0.000000000000000000e+00 0.000000000000000000e+00 5.137609999999999566e+00
5.445140000000000313e+00 0.000000000000000000e+00 -0.000000000000000000e+00 0.000000000000000000e+00 5.445140000000000313e+00 0.000000000000000000e+00 -0.000000000000000000e+00 0.000000000000000000e+00 6.474510000000000431e+00
5.445140000000000313e+00 0.000000000000000000e+00 -0.000000000000000000e+00 0.000000000000000000e+00 5.445140000000000313e+00 0.000000000000000000e+00 -0.000000000000000000e+00 0.000000000000000000e+00 6.474510000000000431e+00
-5.920100000000000362e-01 -0.000000000000000000e+00 0.000000000000000000e+00 -0.000000000000000000e+00 -3.733389999999999986e+00 1.132789999999999964e+00 0.000000000000000000e+00 1.804829999999999934e+00 -2.903030000000000221e+00
-3.733389999999999986e+00 0.000000000000000000e+00 1.132789999999999964e+00 0.000000000000000000e+00 -5.920100000000000362e-01 -0.000000000000000000e+00 1.804829999999999934e+00 -0.000000000000000000e+00 -2.903030000000000221e+00
-5.920100000000000362e-01 0.000000000000000000e+00 0.000000000000000000e+00 0.000000000000000000e+00 -3.733389999999999986e+00 -1.132789999999999964e+00 0.000000000000000000e+00 -1.804829999999999934e+00 -2.903030000000000221e+00
-3.733389999999999986e+00 -0.000000000000000000e+00 -1.132789999999999964e+00 -0.000000000000000000e+00 -5.920100000000000362e-01 -0.000000000000000000e+00 -1.804829999999999934e+00 -0.000000000000000000e+00 -2.903030000000000221e+00
-3.733389999999999986e+00 -0.000000000000000000e+00 -1.132789999999999964e+00 -0.000000000000000000e+00 -5.920100000000000362e-01 -0.000000000000000000e+00 -1.804829999999999934e+00 -0.000000000000000000e+00 -2.903030000000000221e+00
-5.920100000000000362e-01 0.000000000000000000e+00 0.000000000000000000e+00 0.000000000000000000e+00 -3.733389999999999986e+00 -1.132789999999999964e+00 0.000000000000000000e+00 -1.804829999999999934e+00 -2.903030000000000221e+00
-3.733389999999999986e+00 0.000000000000000000e+00 1.132789999999999964e+00 0.000000000000000000e+00 -5.920100000000000362e-01 -0.000000000000000000e+00 1.804829999999999934e+00 -0.000000000000000000e+00 -2.903030000000000221e+00
-5.920100000000000362e-01 -0.000000000000000000e+00 0.000000000000000000e+00 -0.000000000000000000e+00 -3.733389999999999986e+00 1.132789999999999964e+00 0.000000000000000000e+00 1.804829999999999934e+00 -2.903030000000000221e+00
