-3.625923353081366568e-02
-1.833209259357498899e-02
-1.394527845548548979e-02
1.559220792849905779e+00
2.259736059384966023e+00
2.395739521816125706e+00
2.484484872067266981e+00
2.511523909370597440e+00
3.178400925433161550e+00
3.209123760059296782e+00
4.130243205126610029e+00
4.829532575654216231e+00
5.050362699706488101e+00
6.362804872775121190e+00
6.474706054080272111e+00
8.618577789812153611e+00
9.179240756486548136e+00
1.197196283567774877e+01
1.232851066352661284e+01
1.244992668629127763e+01
1.583186272081044521e+01
1.686367343607492586e+01
1.775273336551502013e+01
1.803529998903261955e+01
