-2.304037399218790694e-01
-1.848936617092132029e-01
-6.130468670844312074e-02
1.083238712629345679e+00
1.362140225245028979e+00
1.603068219679877560e+00
1.677971404017001955e+00
1.909206975713910959e+00
1.926041959392674530e+00
2.064437391346788608e+00
2.072377531513619697e+00
2.521937058633965556e+00
2.672337503384695889e+00
2.819507467605521622e+00
2.989628643836672151e+00
3.054920625525922251e+00
3.391900862646349157e+00
3.923350979954990159e+00
4.987602492282446676e+00
5.267455407875946349e+00
5.870565268818887183e+00
6.321561495856807156e+00
7.967512900115418795e+00
7.970477719022319718e+00
9.613330216303561215e+00
9.726593166703411342e+00
1.089700138972358268e+01
1.168531698026192522e+01
1.278156833318881347e+01
1.357029532308615671e+01
1.394005764125184754e+01
1.513315484268503930e+01
1.647246518144103078e+01
1.777882144055165270e+01
2.019863103073097221e+01
2.098106146328057520e+01
