-5.144685157803466358e-02
-5.144685157739421061e-02
-5.144685157646593926e-02
5.732761001654129274e+00
5.732761001654133715e+00
5.732761001654148814e+00
6.561367843125524679e+00
6.561367843125530008e+00
6.561367843125541555e+00
7.452132639763132005e+00
7.452132639763133781e+00
7.452132639763137334e+00
1.104678645764974654e+01
1.104678645764976075e+01
1.104678645764976253e+01
1.175649069677425018e+01
1.175649069677425729e+01
1.243582229540355755e+01
1.243582229540356288e+01
1.432948776051018669e+01
1.432948776051019202e+01
1.432948776051019557e+01
1.436031813624908970e+01
1.436031813624909326e+01
1.436031813624909326e+01
1.488421252283724527e+01
1.488421252283725060e+01
1.488421252283725948e+01
1.593712611572155247e+01
1.593712611572155602e+01
1.593712611572155957e+01
1.784390139675766918e+01
1.784390139675766918e+01
1.912823432525149059e+01
1.912823432525149414e+01
1.912823432525150835e+01
1.938464437802279861e+01
1.938464437802280216e+01
1.938464437802280926e+01
1.992515510479627494e+01
2.196942966140771247e+01
2.221943040574586092e+01
