2.953030000000000044e+00 -0.000000000000000000e+00 0.000000000000000000e+00 -0.000000000000000000e+00 2.953030000000000044e+00 0.000000000000000000e+00 0.000000000000000000e+00 0.000000000000000000e+00 2.290280000000000094e+00
2.857839999999999936e+00 -0.000000000000000000e+00 0.000000000000000000e+00 -0.000000000000000000e+00 2.857839999999999936e+00 0.000000000000000000e+00 0.000000000000000000e+00 0.000000000000000000e+00 2.484700000000000131e+00
3.111149999999999860e+00 -0.000000000000000000e+00 0.000000000000000000e+00 -0.000000000000000000e+00 3.111149999999999860e+00 0.000000000000000000e+00 0.000000000000000000e+00 0.000000000000000000e+00 3.230929999999999858e+00
3.095250000000000057e+00 -0.000000000000000000e+00 0.000000000000000000e+00 -0.000000000000000000e+00 3.095250000000000057e+00 0.000000000000000000e+00 0.000000000000000000e+00 0.000000000000000000e+00 3.329889999999999795e+00
5.716339999999999755e+00 -0.000000000000000000e+00 0.000000000000000000e+00 -0.000000000000000000e+00 5.716339999999999755e+00 0.000000000000000000e+00 0.000000000000000000e+00 0.000000000000000000e+00 4.805679999999999730e+00
7.469100000000000072e+00 -0.000000000000000000e+00 0.000000000000000000e+00 -0.000000000000000000e+00 7.469100000000000072e+00 0.000000000000000000e+00 0.000000000000000000e+00 0.000000000000000000e+00 6.562619999999999898e+00
7.063810000000000144e+00 -0.000000000000000000e+00 0.000000000000000000e+00 -0.000000000000000000e+00 7.063810000000000144e+00 0.000000000000000000e+00 0.000000000000000000e+00 0.000000000000000000e+00 6.436399999999999899e+00
-1.679070000000000062e+00 0.000000000000000000e+00 -0.000000000000000000e+00 0.000000000000000000e+00 -3.268320000000000114e+00 -8.665000000000000480e-01 -0.000000000000000000e+00 -1.162879999999999914e+00 -2.366540000000000088e+00
-2.871010000000000062e+00 6.881699999999999484e-01 -7.504100000000000215e-01 6.881699999999999484e-01 -2.076389999999999958e+00 4.332500000000000240e-01 -1.007079999999999975e+00 5.814399999999999569e-01 -2.366540000000000088e+00
-2.871010000000000062e+00 -6.881699999999999484e-01 7.504100000000000215e-01 -6.881699999999999484e-01 -2.076389999999999958e+00 4.332500000000000240e-01 1.007079999999999975e+00 5.814399999999999569e-01 -2.366540000000000088e+00
-1.561549999999999994e+00 0.000000000000000000e+00 -0.000000000000000000e+00 0.000000000000000000e+00 -3.011039999999999939e+00 -8.044499999999999984e-01 -0.000000000000000000e+00 -1.277740000000000098e+00 -2.028859999999999886e+00
-2.648670000000000080e+00 6.276500000000000412e-01 -6.966799999999999660e-01 6.276500000000000412e-01 -1.923920000000000075e+00 4.022299999999999764e-01 -1.106549999999999923e+00 6.388700000000000490e-01 -2.028859999999999886e+00
-2.648670000000000080e+00 -6.276500000000000412e-01 6.966799999999999660e-01 -6.276500000000000412e-01 -1.923920000000000075e+00 4.022299999999999764e-01 1.106549999999999923e+00 6.388700000000000490e-01 -2.028859999999999886e+00
-1.834070000000000089e+00 0.000000000000000000e+00 -0.000000000000000000e+00 0.000000000000000000e+00 -4.073640000000000150e+00 -1.575949999999999962e+00 -0.000000000000000000e+00 -1.314820000000000100e+00 -2.555689999999999795e+00
-3.513749999999999929e+00 9.697700000000000209e-01 -1.364810000000000079e+00 9.697700000000000209e-01 -2.393959999999999866e+00 7.879699999999999482e-01 -1.138660000000000005e+00 6.574100000000000499e-01 -2.555689999999999795e+00
-3.513749999999999929e+00 -9.697700000000000209e-01 1.364810000000000079e+00 -9.697700000000000209e-01 -2.393959999999999866e+00 7.879699999999999482e-01 1.138660000000000005e+00 6.574100000000000499e-01 -2.555689999999999795e+00
-1.982359999999999900e+00 0.000000000000000000e+00 -0.000000000000000000e+00 0.000000000000000000e+00 -4.100950000000000095e+00 -1.424979999999999913e+00 -0.000000000000000000e+00 -1.251130000000000075e+00 -2.762420000000000098e+00
-3.571309999999999985e+00 9.173799999999999732e-01 -1.234070000000000000e+00 9.173799999999999732e-01 -2.512010000000000076e+00 7.124899999999999567e-01 -1.083509999999999973e+00 6.255699999999999594e-01 -2.762420000000000098e+00
-3.571309999999999985e+00 -9.173799999999999732e-01 1.234070000000000000e+00 -9.173799999999999732e-01 -2.512010000000000076e+00 7.124899999999999567e-01 1.083509999999999973e+00 6.255699999999999594e-01 -2.762420000000000098e+00
