4.890690000000000204e+00 2.773300000000000209e-01 0.000000000000000000e+00 -2.773300000000000209e-01 4.890690000000000204e+00 0.000000000000000000e+00 0.000000000000000000e+00 0.000000000000000000e+00 4.537659999999999805e+00
4.890690000000000204e+00 2.773300000000000209e-01 0.000000000000000000e+00 -2.773300000000000209e-01 4.890690000000000204e+00 0.000000000000000000e+00 0.000000000000000000e+00 0.000000000000000000e+00 4.537659999999999805e+00
5.219949999999999868e+00 -2.900900000000000145e-01 0.000000000000000000e+00 2.900900000000000145e-01 5.219949999999999868e+00 0.000000000000000000e+00 0.000000000000000000e+00 0.000000000000000000e+00 4.894090000000000273e+00
5.219949999999999868e+00 -2.900900000000000145e-01 0.000000000000000000e+00 2.900900000000000145e-01 5.219949999999999868e+00 0.000000000000000000e+00 0.000000000000000000e+00 0.000000000000000000e+00 4.894090000000000273e+00
-2.238119999999999887e+00 -9.524700000000000388e-01 4.138600000000000056e-01 -9.588400000000000256e-01 -2.817200000000000149e+00 9.060899999999999510e-01 3.032599999999999740e-01 9.649400000000000199e-01 -2.357940000000000147e+00
-2.817200000000000149e+00 9.588400000000000256e-01 -9.060899999999999510e-01 9.524700000000000388e-01 -2.238119999999999887e+00 4.138600000000000056e-01 -9.649400000000000199e-01 3.032599999999999740e-01 -2.357940000000000147e+00
-2.817200000000000149e+00 9.588400000000000256e-01 9.060899999999999510e-01 9.524700000000000388e-01 -2.238119999999999887e+00 -4.138600000000000056e-01 9.649400000000000199e-01 -3.032599999999999740e-01 -2.357940000000000147e+00
-2.238119999999999887e+00 -9.524700000000000388e-01 -4.138600000000000056e-01 -9.588400000000000256e-01 -2.817200000000000149e+00 -9.060899999999999510e-01 -3.032599999999999740e-01 -9.649400000000000199e-01 -2.357940000000000147e+00
-2.238119999999999887e+00 -9.524700000000000388e-01 -4.138600000000000056e-01 -9.588400000000000256e-01 -2.817200000000000149e+00 -9.060899999999999510e-01 -3.032599999999999740e-01 -9.649400000000000199e-01 -2.357940000000000147e+00
-2.817200000000000149e+00 9.588400000000000256e-01 9.060899999999999510e-01 9.524700000000000388e-01 -2.238119999999999887e+00 -4.138600000000000056e-01 9.649400000000000199e-01 -3.032599999999999740e-01 -2.357940000000000147e+00
-2.817200000000000149e+00 9.588400000000000256e-01 -9.060899999999999510e-01 9.524700000000000388e-01 -2.238119999999999887e+00 4.138600000000000056e-01 -9.649400000000000199e-01 3.032599999999999740e-01 -2.357940000000000147e+00
-2.238119999999999887e+00 -9.524700000000000388e-01 4.138600000000000056e-01 -9.588400000000000256e-01 -2.817200000000000149e+00 9.060899999999999510e-01 3.032599999999999740e-01 9.649400000000000199e-01 -2.357940000000000147e+00
