-4.730434988289069359e-02
-4.730434988202170121e-02
-2.606402703875871502e-02
2.813353955567678089e+00
2.813353955567691411e+00
2.828841617356995464e+00
3.272170768896931925e+00
3.913224402153129944e+00
4.026619094609048766e+00
4.026619094609063865e+00
4.474397305813769599e+00
4.980846979587919776e+00
4.980846979587929546e+00
5.131211820710849913e+00
5.638049337978846332e+00
5.646918043255392483e+00
5.646918043255400477e+00
6.430416274106113050e+00
6.584776141330829446e+00
6.638711189181911720e+00
6.844582120528990288e+00
6.844582120529000058e+00
7.808640427318871424e+00
7.808640427318873201e+00
8.067199815854435130e+00
8.083347097101448497e+00
8.112955797145426473e+00
8.112955797145431802e+00
8.262628864541374796e+00
8.408712316530381869e+00
8.846678188951351274e+00
8.846678188951381472e+00
9.067509174966289720e+00
9.773366356157659141e+00
9.773366356157669799e+00
9.842739230990284582e+00
1.049468575389657765e+01
1.085357217685622366e+01
1.085357217685622722e+01
1.226541858000963714e+01
1.233476843473259699e+01
1.261197872176035872e+01
1.261197872176036405e+01
1.271961449551058898e+01
1.290928104601670334e+01
1.359472359541844000e+01
1.408931851087380949e+01
1.408931851087382192e+01
1.577759489358076728e+01
1.577759489358077793e+01
1.614806382935895712e+01
1.705534311315965112e+01
1.749395913076518738e+01
1.754351886702857044e+01
1.797866866452887891e+01
1.797866866452888246e+01
2.094422307721670151e+01
2.141965323578516234e+01
2.158070199594182625e+01
2.158070199594183691e+01
2.176826822176859011e+01
2.183350455459946460e+01
2.183350455459947881e+01
2.274581955552547896e+01
2.371374626701582855e+01
2.371374626701583566e+01
2.385881735719643260e+01
2.396400008881022359e+01
2.562492054191006119e+01
2.599960062241391512e+01
2.759762460771098347e+01
2.759762460771099413e+01
