6.715589999999999726e+00 0.000000000000000000e+00 0.000000000000000000e+00 0.000000000000000000e+00 7.107409999999999783e+00 -4.822899999999999965e-01 0.000000000000000000e+00 -1.210200000000000026e-01 3.453739999999999810e+00
6.715589999999999726e+00 0.000000000000000000e+00 0.000000000000000000e+00 0.000000000000000000e+00 7.107409999999999783e+00 -4.822899999999999965e-01 0.000000000000000000e+00 -1.210200000000000026e-01 3.453739999999999810e+00
6.715589999999999726e+00 0.000000000000000000e+00 0.000000000000000000e+00 -0.000000000000000000e+00 7.107409999999999783e+00 4.822899999999999965e-01 0.000000000000000000e+00 1.210200000000000026e-01 3.453739999999999810e+00
6.715589999999999726e+00 0.000000000000000000e+00 0.000000000000000000e+00 -0.000000000000000000e+00 7.107409999999999783e+00 4.822899999999999965e-01 0.000000000000000000e+00 1.210200000000000026e-01 3.453739999999999810e+00
-5.631899999999999906e+00 0.000000000000000000e+00 0.000000000000000000e+00 0.000000000000000000e+00 -2.707199999999999829e+00 -7.030999999999999472e-01 -0.000000000000000000e+00 -2.700199999999999823e-01 -7.873099999999999543e-01
-5.631899999999999906e+00 0.000000000000000000e+00 0.000000000000000000e+00 0.000000000000000000e+00 -2.707199999999999829e+00 -7.030999999999999472e-01 -0.000000000000000000e+00 -2.700199999999999823e-01 -7.873099999999999543e-01
-5.631899999999999906e+00 -0.000000000000000000e+00 0.000000000000000000e+00 0.000000000000000000e+00 -2.707199999999999829e+00 7.030999999999999472e-01 -0.000000000000000000e+00 2.700199999999999823e-01 -7.873099999999999543e-01
-5.631899999999999906e+00 0.000000000000000000e+00 0.000000000000000000e+00 0.000000000000000000e+00 -2.707199999999999829e+00 7.030999999999999472e-01 -0.000000000000000000e+00 2.700199999999999823e-01 -7.873099999999999543e-01
-6.135599999999999943e-01 0.000000000000000000e+00 0.000000000000000000e+00 0.000000000000000000e+00 -6.337699999999999445e-01 -2.153299999999999936e-01 0.000000000000000000e+00 -7.162999999999999923e-02 -2.298979999999999801e+00
-6.135599999999999943e-01 0.000000000000000000e+00 0.000000000000000000e+00 0.000000000000000000e+00 -6.337699999999999445e-01 -2.153299999999999936e-01 0.000000000000000000e+00 -7.162999999999999923e-02 -2.298979999999999801e+00
-6.135599999999999943e-01 0.000000000000000000e+00 0.000000000000000000e+00 0.000000000000000000e+00 -6.337699999999999445e-01 2.153299999999999936e-01 0.000000000000000000e+00 7.162999999999999923e-02 -2.298979999999999801e+00
-9.402599999999999847e-01 0.000000000000000000e+00 0.000000000000000000e+00 0.000000000000000000e+00 -7.532879999999999576e+00 0.000000000000000000e+00 0.000000000000000000e+00 0.000000000000000000e+00 -7.348999999999999977e-01
-9.402599999999999847e-01 0.000000000000000000e+00 0.000000000000000000e+00 0.000000000000000000e+00 -7.532879999999999576e+00 0.000000000000000000e+00 0.000000000000000000e+00 0.000000000000000000e+00 -7.348999999999999977e-01
-6.135599999999999943e-01 0.000000000000000000e+00 0.000000000000000000e+00 0.000000000000000000e+00 -6.337699999999999445e-01 2.153299999999999936e-01 0.000000000000000000e+00 7.162999999999999923e-02 -2.298979999999999801e+00
