-1.809483113417512390e-01
-1.399141056552503093e-01
-4.568075640218507288e-02
1.422097085821541596e+00
1.495519031227995121e+00
1.609861718409664855e+00
1.705221227204761769e+00
2.034226812031269649e+00
2.042294877367696770e+00
2.445941503488509472e+00
2.735174841995261730e+00
2.860808465012424140e+00
2.927986029833454129e+00
3.016028422627536898e+00
3.340966408754828976e+00
3.507503858697605281e+00
3.605960685765089657e+00
3.640302392919232410e+00
3.704270058970969171e+00
3.809820920216458795e+00
4.153040474649404068e+00
4.190019337542214117e+00
4.234551354030616110e+00
4.292303797159021883e+00
4.801904367279280272e+00
5.227623478144641567e+00
5.410440749412004813e+00
5.427258809748868984e+00
5.493660411020620415e+00
5.556492411479732496e+00
5.917998020931725556e+00
6.045855492872937553e+00
6.311290202874545230e+00
6.563475195873525792e+00
6.576549272788144052e+00
6.646670656574323210e+00
6.745543987173175715e+00
6.790921358859138834e+00
6.984842902016482391e+00
7.039786193751965904e+00
7.380201437422098998e+00
7.434316256570236980e+00
7.546192209591059630e+00
7.589128054935349255e+00
7.838084605745577527e+00
8.050236638044209414e+00
8.532157528970143900e+00
8.686680911963883034e+00
9.411841346487122451e+00
9.500313166266392884e+00
9.546014003295210770e+00
1.098583527134065640e+01
1.100441635364572157e+01
1.199883547110058934e+01
1.210009350547911211e+01
1.210926405536473638e+01
1.318906779275041430e+01
1.324253973591964950e+01
1.384837690853535364e+01
1.387793547783312675e+01
1.460376625400719419e+01
1.463195419547782095e+01
1.498341807564670880e+01
1.523004634855526085e+01
1.630108752974870612e+01
1.655964037674703704e+01
1.674443880616215097e+01
1.722667496232003259e+01
1.751983564039194619e+01
1.768512174096891698e+01
1.778444242943798415e+01
1.822244726989152497e+01
1.822400981570686795e+01
1.927907445520586549e+01
1.992126753904090819e+01
2.024525643554165555e+01
2.034282382732576977e+01
2.089298244963108431e+01
