1.345620000000000038e+00 0.000000000000000000e+00 -1.296200000000000130e-01 0.000000000000000000e+00 1.180379999999999985e+00 0.000000000000000000e+00 -2.024900000000000033e-01 0.000000000000000000e+00 1.288289999999999935e+00
1.345620000000000038e+00 0.000000000000000000e+00 -1.296200000000000130e-01 0.000000000000000000e+00 1.180379999999999985e+00 0.000000000000000000e+00 -2.024900000000000033e-01 0.000000000000000000e+00 1.288289999999999935e+00
1.301469999999999905e+00 0.000000000000000000e+00 1.251800000000000135e-01 0.000000000000000000e+00 1.401690000000000103e+00 -0.000000000000000000e+00 2.047799999999999898e-01 -0.000000000000000000e+00 1.336270000000000069e+00
1.301469999999999905e+00 0.000000000000000000e+00 1.251800000000000135e-01 0.000000000000000000e+00 1.401690000000000103e+00 -0.000000000000000000e+00 2.047799999999999898e-01 -0.000000000000000000e+00 1.336270000000000069e+00
2.991680000000000117e+00 0.000000000000000000e+00 6.214000000000000079e-02 0.000000000000000000e+00 3.026730000000000143e+00 -0.000000000000000000e+00 3.266000000000000153e-02 -0.000000000000000000e+00 2.934520000000000017e+00
2.991680000000000117e+00 0.000000000000000000e+00 6.214000000000000079e-02 0.000000000000000000e+00 3.026730000000000143e+00 -0.000000000000000000e+00 3.266000000000000153e-02 -0.000000000000000000e+00 2.934520000000000017e+00
-7.731700000000000239e-01 -4.068999999999999700e-02 3.799999999999999992e-03 -1.019199999999999967e-01 -2.079779999999999962e+00 8.479100000000000525e-01 2.664000000000000049e-02 8.116299999999999626e-01 -1.344670000000000032e+00
-7.731700000000000239e-01 4.068999999999999700e-02 3.799999999999999992e-03 1.019199999999999967e-01 -2.079779999999999962e+00 -8.479100000000000525e-01 2.664000000000000049e-02 -8.116299999999999626e-01 -1.344670000000000032e+00
-7.731700000000000239e-01 -4.068999999999999700e-02 3.799999999999999992e-03 -1.019199999999999967e-01 -2.079779999999999962e+00 8.479100000000000525e-01 2.664000000000000049e-02 8.116299999999999626e-01 -1.344670000000000032e+00
-7.731700000000000239e-01 4.068999999999999700e-02 3.799999999999999992e-03 1.019199999999999967e-01 -2.079779999999999962e+00 -8.479100000000000525e-01 2.664000000000000049e-02 -8.116299999999999626e-01 -1.344670000000000032e+00
-1.965000000000000080e+00 -0.000000000000000000e+00 -8.561900000000000066e-01 -0.000000000000000000e+00 -7.412999999999999590e-01 0.000000000000000000e+00 -9.003400000000000292e-01 0.000000000000000000e+00 -1.495260000000000034e+00
-1.965000000000000080e+00 -0.000000000000000000e+00 -8.561900000000000066e-01 -0.000000000000000000e+00 -7.412999999999999590e-01 0.000000000000000000e+00 -9.003400000000000292e-01 0.000000000000000000e+00 -1.495260000000000034e+00
-2.127409999999999801e+00 -0.000000000000000000e+00 7.909000000000000474e-01 -0.000000000000000000e+00 -7.079400000000000137e-01 -0.000000000000000000e+00 8.121000000000000441e-01 -0.000000000000000000e+00 -1.374489999999999990e+00
-2.127409999999999801e+00 -0.000000000000000000e+00 7.909000000000000474e-01 -0.000000000000000000e+00 -7.079400000000000137e-01 -0.000000000000000000e+00 8.121000000000000441e-01 -0.000000000000000000e+00 -1.374489999999999990e+00
