1.052869999999999973e+00 5.190999999999999781e-02 -2.380000000000000171e-03 -1.940000000000000101e-03 9.697200000000000264e-01 5.199999999999999544e-04 1.404000000000000040e-02 3.449999999999999942e-03 1.083890000000000020e+00
1.052869999999999973e+00 -5.190999999999999781e-02 -2.380000000000000171e-03 1.940000000000000101e-03 9.697200000000000264e-01 -5.199999999999999544e-04 1.404000000000000040e-02 -3.449999999999999942e-03 1.083890000000000020e+00
1.017269999999999897e+00 2.069999999999999965e-02 -5.145999999999999880e-02 -1.268999999999999989e-02 1.025300000000000100e+00 3.855000000000000093e-02 2.750000000000000014e-02 -4.213999999999999690e-02 9.577799999999999647e-01
1.017269999999999897e+00 -2.069999999999999965e-02 -5.145999999999999880e-02 1.268999999999999989e-02 1.025300000000000100e+00 -3.855000000000000093e-02 2.750000000000000014e-02 4.213999999999999690e-02 9.577799999999999647e-01
1.875420000000000087e+00 -9.517000000000000459e-02 2.087700000000000111e-01 3.633999999999999730e-02 1.962329999999999908e+00 1.586599999999999955e-01 -1.904000000000000137e-01 -1.972500000000000087e-01 1.752550000000000052e+00
1.875420000000000087e+00 9.517000000000000459e-02 2.087700000000000111e-01 -3.633999999999999730e-02 1.962329999999999908e+00 -1.586599999999999955e-01 -1.904000000000000137e-01 1.972500000000000087e-01 1.752550000000000052e+00
2.847039999999999793e+00 2.891000000000000167e-02 -9.153999999999999637e-02 -4.714999999999999747e-02 2.763320000000000221e+00 8.558000000000000329e-02 9.266000000000000625e-02 -1.130899999999999961e-01 2.807430000000000092e+00
2.847039999999999793e+00 -2.891000000000000167e-02 -9.153999999999999637e-02 4.714999999999999747e-02 2.763320000000000221e+00 -8.558000000000000329e-02 9.266000000000000625e-02 1.130899999999999961e-01 2.807430000000000092e+00
-1.814969999999999972e+00 -1.441300000000000081e-01 4.077399999999999913e-01 -1.376999999999999891e-01 -1.373699999999999921e+00 1.706499999999999961e-01 4.182000000000000162e-01 2.889800000000000146e-01 -1.854770000000000030e+00
-1.814969999999999972e+00 1.441300000000000081e-01 4.077399999999999913e-01 1.376999999999999891e-01 -1.373699999999999921e+00 -1.706499999999999961e-01 4.182000000000000162e-01 -2.889800000000000146e-01 -1.854770000000000030e+00
-1.364060000000000050e+00 1.439100000000000101e-01 -1.030000000000000100e-03 1.506099999999999939e-01 -2.195250000000000146e+00 2.897199999999999775e-01 2.441000000000000114e-02 2.752700000000000147e-01 -1.457340000000000080e+00
-1.364060000000000050e+00 -1.439100000000000101e-01 -1.030000000000000100e-03 -1.506099999999999939e-01 -2.195250000000000146e+00 -2.897199999999999775e-01 2.441000000000000114e-02 -2.752700000000000147e-01 -1.457340000000000080e+00
-2.249420000000000197e+00 1.164899999999999963e-01 -2.841500000000000137e-01 8.873999999999999944e-02 -1.277700000000000058e+00 2.741999999999999993e-02 -2.456599999999999895e-01 1.064400000000000068e-01 -1.452199999999999935e+00
-2.249420000000000197e+00 -1.164899999999999963e-01 -2.841500000000000137e-01 -8.873999999999999944e-02 -1.277700000000000058e+00 -2.741999999999999993e-02 -2.456599999999999895e-01 -1.064400000000000068e-01 -1.452199999999999935e+00
-1.364149999999999974e+00 -8.487000000000000099e-02 -1.859500000000000042e-01 -4.417000000000000093e-02 -1.874030000000000085e+00 -4.065900000000000070e-01 -1.407599999999999962e-01 -4.892900000000000027e-01 -1.837339999999999973e+00
-1.364149999999999974e+00 8.487000000000000099e-02 -1.859500000000000042e-01 4.417000000000000093e-02 -1.874030000000000085e+00 4.065900000000000070e-01 -1.407599999999999962e-01 4.892900000000000027e-01 -1.837339999999999973e+00
