-1.209349514926017811e-02
-3.746122091971608448e-03
-3.746122090682355455e-03
1.565376531205989297e+00
1.565376531205993071e+00
2.079702713385325197e+00
2.415085275864325087e+00
2.415085275864327752e+00
2.585794904715716491e+00
2.585794904715718268e+00
2.702031412576980429e+00
2.763327117805636224e+00
2.858991748185981230e+00
2.858991748185982562e+00
2.975003084735635905e+00
3.656715788349530261e+00
4.633996219106028214e+00
4.633996219106032655e+00
6.792600445986891167e+00
8.214965193973835511e+00
8.214965193973837287e+00
