1.224050000000000082e+00 0.000000000000000000e+00 1.343000000000000027e-01 0.000000000000000000e+00 1.330470000000000041e+00 -0.000000000000000000e+00 -1.859999999999999848e-02 -0.000000000000000000e+00 1.264829999999999899e+00
1.224050000000000082e+00 0.000000000000000000e+00 1.343000000000000027e-01 0.000000000000000000e+00 1.330470000000000041e+00 -0.000000000000000000e+00 -1.859999999999999848e-02 -0.000000000000000000e+00 1.264829999999999899e+00
3.786999999999999922e+00 0.000000000000000000e+00 -3.506900000000000017e-01 0.000000000000000000e+00 4.638989999999999725e+00 -0.000000000000000000e+00 -2.253600000000000048e-01 -0.000000000000000000e+00 3.719580000000000108e+00
3.786999999999999922e+00 0.000000000000000000e+00 -3.506900000000000017e-01 0.000000000000000000e+00 4.638989999999999725e+00 -0.000000000000000000e+00 -2.253600000000000048e-01 -0.000000000000000000e+00 3.719580000000000108e+00
4.839809999999999945e+00 0.000000000000000000e+00 -4.756900000000000017e-01 0.000000000000000000e+00 3.685480000000000089e+00 -0.000000000000000000e+00 3.624800000000000244e-01 -0.000000000000000000e+00 4.345320000000000071e+00
4.839809999999999945e+00 0.000000000000000000e+00 -4.756900000000000017e-01 0.000000000000000000e+00 3.685480000000000089e+00 -0.000000000000000000e+00 3.624800000000000244e-01 -0.000000000000000000e+00 4.345320000000000071e+00
4.767400000000000304e+00 0.000000000000000000e+00 8.611199999999999966e-01 0.000000000000000000e+00 5.116410000000000124e+00 -0.000000000000000000e+00 1.533100000000000018e-01 -0.000000000000000000e+00 3.903880000000000017e+00
4.767400000000000304e+00 0.000000000000000000e+00 8.611199999999999966e-01 0.000000000000000000e+00 5.116410000000000124e+00 -0.000000000000000000e+00 1.533100000000000018e-01 -0.000000000000000000e+00 3.903880000000000017e+00
-2.742319999999999869e+00 4.947400000000000131e-01 2.306199999999999917e-01 5.351299999999999946e-01 -2.628989999999999938e+00 -4.563900000000000179e-01 1.592000000000000012e-02 -2.839499999999999802e-01 -1.467370000000000063e+00
-2.742319999999999869e+00 -4.947400000000000131e-01 2.306199999999999917e-01 -5.351299999999999946e-01 -2.628989999999999938e+00 4.563900000000000179e-01 1.592000000000000012e-02 2.839499999999999802e-01 -1.467370000000000063e+00
-2.634329999999999838e+00 -0.000000000000000000e+00 2.220199999999999951e-01 -0.000000000000000000e+00 -2.900809999999999889e+00 0.000000000000000000e+00 -1.172699999999999992e-01 0.000000000000000000e+00 -2.420059999999999878e+00
-2.589539999999999953e+00 -7.226500000000000146e-01 -6.823000000000000176e-01 -6.472599999999999465e-01 -2.842280000000000140e+00 -5.873500000000000387e-01 -5.033100000000000351e-01 -4.213000000000000078e-01 -1.964069999999999983e+00
-2.742319999999999869e+00 4.947400000000000131e-01 2.306199999999999917e-01 5.351299999999999946e-01 -2.628989999999999938e+00 -4.563900000000000179e-01 1.592000000000000012e-02 -2.839499999999999802e-01 -1.467370000000000063e+00
-2.589539999999999953e+00 -7.226500000000000146e-01 -6.823000000000000176e-01 -6.472599999999999465e-01 -2.842280000000000140e+00 -5.873500000000000387e-01 -5.033100000000000351e-01 -4.213000000000000078e-01 -1.964069999999999983e+00
-2.589539999999999953e+00 7.226500000000000146e-01 -6.823000000000000176e-01 6.472599999999999465e-01 -2.842280000000000140e+00 5.873500000000000387e-01 -5.033100000000000351e-01 4.213000000000000078e-01 -1.964069999999999983e+00
-1.320189999999999975e+00 -0.000000000000000000e+00 5.123100000000000431e-01 -0.000000000000000000e+00 -9.280000000000000471e-01 0.000000000000000000e+00 8.202099999999999946e-01 0.000000000000000000e+00 -3.950680000000000192e+00
-1.320189999999999975e+00 -0.000000000000000000e+00 5.123100000000000431e-01 -0.000000000000000000e+00 -9.280000000000000471e-01 0.000000000000000000e+00 8.202099999999999946e-01 0.000000000000000000e+00 -3.950680000000000192e+00
-2.634329999999999838e+00 -0.000000000000000000e+00 2.220199999999999951e-01 -0.000000000000000000e+00 -2.900809999999999889e+00 0.000000000000000000e+00 -1.172699999999999992e-01 0.000000000000000000e+00 -2.420059999999999878e+00
-2.589539999999999953e+00 7.226500000000000146e-01 -6.823000000000000176e-01 6.472599999999999465e-01 -2.842280000000000140e+00 5.873500000000000387e-01 -5.033100000000000351e-01 4.213000000000000078e-01 -1.964069999999999983e+00
-2.742319999999999869e+00 -4.947400000000000131e-01 2.306199999999999917e-01 -5.351299999999999946e-01 -2.628989999999999938e+00 4.563900000000000179e-01 1.592000000000000012e-02 2.839499999999999802e-01 -1.467370000000000063e+00
