-5.936655893682907248e-02
-5.936655893682907248e-02
-2.565510029214463847e-02
2.364653568707264064e+00
2.364653568707264064e+00
3.969644039457442375e+00
4.317154479515413534e+00
4.317154479515413534e+00
5.884515825452422355e+00
5.993948706820904526e+00
5.993948706820904526e+00
7.069070221747694838e+00
7.069070221747694838e+00
8.087741780002623670e+00
8.087741780002623670e+00
9.718851068927849113e+00
1.296685736792072419e+01
1.562094574601678865e+01
1.628172976068574940e+01
1.629294813715430479e+01
1.629294813715430479e+01
