1.151480000000000059e+00 -1.647699999999999998e-01 -0.000000000000000000e+00 1.647699999999999998e-01 1.151480000000000059e+00 -0.000000000000000000e+00 0.000000000000000000e+00 -0.000000000000000000e+00 1.024759999999999893e+00
1.151480000000000059e+00 1.647699999999999998e-01 0.000000000000000000e+00 -1.647699999999999998e-01 1.151480000000000059e+00 -0.000000000000000000e+00 -0.000000000000000000e+00 -0.000000000000000000e+00 1.024759999999999893e+00
7.384549999999999947e+00 1.600379999999999914e+00 0.000000000000000000e+00 -1.600379999999999914e+00 7.384549999999999947e+00 -0.000000000000000000e+00 -0.000000000000000000e+00 -0.000000000000000000e+00 7.552220000000000155e+00
7.384549999999999947e+00 -1.600379999999999914e+00 -0.000000000000000000e+00 1.600379999999999914e+00 7.384549999999999947e+00 -0.000000000000000000e+00 0.000000000000000000e+00 -0.000000000000000000e+00 7.552220000000000155e+00
-3.578930000000000167e+00 -9.223900000000000432e-01 1.704649999999999999e+00 -9.529600000000000293e-01 -2.111759999999999859e+00 8.706500000000000350e-01 1.730369999999999964e+00 8.300400000000000000e-01 -2.858999999999999986e+00
-1.666500000000000092e+00 1.511800000000000088e-01 9.832000000000000461e-02 1.817499999999999949e-01 -4.024189999999999934e+00 -1.911599999999999966e+00 1.463500000000000079e-01 -1.913569999999999993e+00 -2.858999999999999986e+00
-3.578930000000000167e+00 9.223900000000000432e-01 -1.704649999999999999e+00 9.529600000000000293e-01 -2.111759999999999859e+00 8.706500000000000350e-01 -1.730369999999999964e+00 8.300400000000000000e-01 -2.858999999999999986e+00
-3.290599999999999969e+00 -1.119429999999999925e+00 1.606330000000000036e+00 -1.088859999999999939e+00 -2.400090000000000057e+00 1.040950000000000042e+00 1.584019999999999984e+00 1.083530000000000104e+00 -2.858999999999999986e+00
-3.290599999999999969e+00 1.119429999999999925e+00 -1.606330000000000036e+00 1.088859999999999939e+00 -2.400090000000000057e+00 1.040950000000000042e+00 -1.584019999999999984e+00 1.083530000000000104e+00 -2.858999999999999986e+00
-1.666500000000000092e+00 -1.511800000000000088e-01 -9.832000000000000461e-02 -1.817499999999999949e-01 -4.024189999999999934e+00 -1.911599999999999966e+00 -1.463500000000000079e-01 -1.913569999999999993e+00 -2.858999999999999986e+00
