1.325329999999999897e+00 -4.222999999999999671e-02 1.186399999999999955e-01 -1.284099999999999964e-01 1.039179999999999993e+00 -1.417999999999999990e-02 7.040000000000000424e-02 -6.235000000000000264e-02 1.141820000000000057e+00
9.318199999999999816e-01 1.506800000000000084e-01 -2.813999999999999835e-02 2.084199999999999942e-01 1.178050000000000042e+00 1.218899999999999983e-01 -5.874000000000000055e-02 6.889000000000000679e-02 1.162900000000000045e+00
1.113550000000000040e+00 -5.673000000000000265e-02 1.693000000000000060e-02 -8.933000000000000662e-02 1.193100000000000049e+00 -7.429999999999999973e-03 -1.252999999999999947e-01 -5.523000000000000131e-02 1.139359999999999928e+00
1.139979999999999993e+00 -4.216999999999999915e-02 -6.693000000000000338e-02 -1.576999999999999930e-02 1.125099999999999989e+00 -5.229000000000000314e-02 1.207000000000000017e-01 7.982999999999999818e-02 1.086880000000000068e+00
1.139979999999999993e+00 -4.216999999999999915e-02 -6.693000000000000338e-02 -1.576999999999999930e-02 1.125099999999999989e+00 -5.229000000000000314e-02 1.207000000000000017e-01 7.982999999999999818e-02 1.086880000000000068e+00
9.318199999999999816e-01 1.506800000000000084e-01 -2.813999999999999835e-02 2.084199999999999942e-01 1.178050000000000042e+00 1.218899999999999983e-01 -5.874000000000000055e-02 6.889000000000000679e-02 1.162900000000000045e+00
1.325329999999999897e+00 -4.222999999999999671e-02 1.186399999999999955e-01 -1.284099999999999964e-01 1.039179999999999993e+00 -1.417999999999999990e-02 7.040000000000000424e-02 -6.235000000000000264e-02 1.141820000000000057e+00
1.113550000000000040e+00 -5.673000000000000265e-02 1.693000000000000060e-02 -8.933000000000000662e-02 1.193100000000000049e+00 -7.429999999999999973e-03 -1.252999999999999947e-01 -5.523000000000000131e-02 1.139359999999999928e+00
2.626209999999999933e+00 1.455000000000000043e-02 1.282999999999999939e-02 3.361000000000000099e-02 2.679120000000000168e+00 8.991999999999999993e-02 3.352000000000000118e-02 1.057700000000000029e-01 2.778379999999999850e+00
2.626209999999999933e+00 1.455000000000000043e-02 1.282999999999999939e-02 3.361000000000000099e-02 2.679120000000000168e+00 8.991999999999999993e-02 3.352000000000000118e-02 1.057700000000000029e-01 2.778379999999999850e+00
-2.005040000000000155e+00 -4.235700000000000021e-01 2.202699999999999936e-01 -4.356999999999999762e-01 -1.743800000000000017e+00 1.465400000000000036e-01 2.927600000000000202e-01 1.668800000000000006e-01 -1.638540000000000108e+00
-1.544589999999999907e+00 1.816599999999999882e-01 -2.418599999999999917e-01 2.342599999999999960e-01 -2.066850000000000076e+00 3.462100000000000177e-01 -1.830199999999999882e-01 3.268199999999999994e-01 -1.816570000000000018e+00
-2.005040000000000155e+00 -4.235700000000000021e-01 2.202699999999999936e-01 -4.356999999999999762e-01 -1.743800000000000017e+00 1.465400000000000036e-01 2.927600000000000202e-01 1.668800000000000006e-01 -1.638540000000000108e+00
-1.544589999999999907e+00 1.816599999999999882e-01 -2.418599999999999917e-01 2.342599999999999960e-01 -2.066850000000000076e+00 3.462100000000000177e-01 -1.830199999999999882e-01 3.268199999999999994e-01 -1.816570000000000018e+00
-1.935729999999999951e+00 4.303299999999999903e-01 3.048799999999999844e-01 3.498600000000000043e-01 -1.765020000000000033e+00 -3.572400000000000020e-01 2.538199999999999901e-01 -2.347799999999999887e-01 -1.749530000000000030e+00
-1.651520000000000099e+00 -2.125199999999999867e-01 -3.366100000000000203e-01 -1.569399999999999962e-01 -1.638879999999999892e+00 -2.734199999999999964e-01 -4.041399999999999992e-01 -3.958300000000000152e-01 -2.104699999999999793e+00
-1.651520000000000099e+00 -2.125199999999999867e-01 -3.366100000000000203e-01 -1.569399999999999962e-01 -1.638879999999999892e+00 -2.734199999999999964e-01 -4.041399999999999992e-01 -3.958300000000000152e-01 -2.104699999999999793e+00
-1.935729999999999951e+00 4.303299999999999903e-01 3.048799999999999844e-01 3.498600000000000043e-01 -1.765020000000000033e+00 -3.572400000000000020e-01 2.538199999999999901e-01 -2.347799999999999887e-01 -1.749530000000000030e+00
