1.382060000000000066e+00 0.000000000000000000e+00 7.810000000000000275e-02 0.000000000000000000e+00 1.378980000000000095e+00 0.000000000000000000e+00 6.108000000000000235e-02 0.000000000000000000e+00 1.203230000000000022e+00
1.382060000000000066e+00 0.000000000000000000e+00 7.810000000000000275e-02 0.000000000000000000e+00 1.378980000000000095e+00 0.000000000000000000e+00 6.108000000000000235e-02 0.000000000000000000e+00 1.203230000000000022e+00
1.151019999999999932e+00 0.000000000000000000e+00 -2.515999999999999834e-02 0.000000000000000000e+00 1.489970000000000017e+00 0.000000000000000000e+00 2.384999999999999967e-02 0.000000000000000000e+00 1.587720000000000020e+00
1.151019999999999932e+00 0.000000000000000000e+00 -2.515999999999999834e-02 0.000000000000000000e+00 1.489970000000000017e+00 0.000000000000000000e+00 2.384999999999999967e-02 0.000000000000000000e+00 1.587720000000000020e+00
1.306230000000000002e+00 0.000000000000000000e+00 1.058000000000000052e-01 0.000000000000000000e+00 1.056419999999999915e+00 0.000000000000000000e+00 6.223999999999999672e-02 0.000000000000000000e+00 1.244289999999999896e+00
1.306230000000000002e+00 0.000000000000000000e+00 1.058000000000000052e-01 0.000000000000000000e+00 1.056419999999999915e+00 0.000000000000000000e+00 6.223999999999999672e-02 0.000000000000000000e+00 1.244289999999999896e+00
2.530679999999999819e+00 0.000000000000000000e+00 -6.115999999999999909e-02 0.000000000000000000e+00 2.798999999999999932e+00 0.000000000000000000e+00 -8.372000000000000275e-02 0.000000000000000000e+00 2.803819999999999979e+00
2.530679999999999819e+00 0.000000000000000000e+00 -6.115999999999999909e-02 0.000000000000000000e+00 2.798999999999999932e+00 0.000000000000000000e+00 -8.372000000000000275e-02 0.000000000000000000e+00 2.803819999999999979e+00
-1.389860000000000095e+00 6.038299999999999779e-01 -2.923299999999999788e-01 7.943400000000000460e-01 -2.276759999999999895e+00 5.425900000000000167e-01 -2.960699999999999998e-01 4.356099999999999972e-01 -1.323830000000000062e+00
-1.389860000000000095e+00 -6.038299999999999779e-01 -2.923299999999999788e-01 -7.943400000000000460e-01 -2.276759999999999895e+00 -5.425900000000000167e-01 -2.960699999999999998e-01 -4.356099999999999972e-01 -1.323830000000000062e+00
-1.389860000000000095e+00 6.038299999999999779e-01 -2.923299999999999788e-01 7.943400000000000460e-01 -2.276759999999999895e+00 5.425900000000000167e-01 -2.960699999999999998e-01 4.356099999999999972e-01 -1.323830000000000062e+00
-1.389860000000000095e+00 -6.038299999999999779e-01 -2.923299999999999788e-01 -7.943400000000000460e-01 -2.276759999999999895e+00 -5.425900000000000167e-01 -2.960699999999999998e-01 -4.356099999999999972e-01 -1.323830000000000062e+00
-2.488410000000000011e+00 0.000000000000000000e+00 4.060300000000000020e-01 0.000000000000000000e+00 -1.137920000000000043e+00 0.000000000000000000e+00 4.648999999999999799e-01 0.000000000000000000e+00 -1.330840000000000023e+00
-1.101869999999999905e+00 0.000000000000000000e+00 8.104999999999999705e-02 0.000000000000000000e+00 -1.032929999999999904e+00 0.000000000000000000e+00 6.378999999999999948e-02 0.000000000000000000e+00 -2.860549999999999926e+00
-2.488410000000000011e+00 0.000000000000000000e+00 4.060300000000000020e-01 0.000000000000000000e+00 -1.137920000000000043e+00 0.000000000000000000e+00 4.648999999999999799e-01 0.000000000000000000e+00 -1.330840000000000023e+00
-1.101869999999999905e+00 0.000000000000000000e+00 8.104999999999999705e-02 0.000000000000000000e+00 -1.032929999999999904e+00 0.000000000000000000e+00 6.378999999999999948e-02 0.000000000000000000e+00 -2.860549999999999926e+00
