-1.398928789617369557e-02
-1.398928789401760429e-02
-1.398928789179679916e-02
3.648042361235355635e+00
3.648042361235356523e+00
3.648042361235360520e+00
4.017506380043448289e+00
4.017506380043450065e+00
4.017506380043452729e+00
4.252734828996168837e+00
4.252734828996170613e+00
4.252734828996175942e+00
4.662116636803779635e+00
4.662116636803780523e+00
4.662116636803783187e+00
7.835650149987410273e+00
7.835650149987413826e+00
7.835650149987415602e+00
9.013035349943018915e+00
9.013035349943022467e+00
9.013035349943024244e+00
1.264368216157459024e+01
1.264368216157459202e+01
1.264368216157459202e+01
1.618583100097720262e+01
1.618583100097720617e+01
1.739610880063515808e+01
1.739610880063516163e+01
1.739610880063516873e+01
2.410639754297796600e+01
