-1.079804718456073426e-01
-5.545676631394946127e-02
-5.465075324275046192e-02
5.344818313095404116e-01
1.609657264761663598e+00
1.630167795044424217e+00
1.631221459520441730e+00
1.656181644627182870e+00
2.058709389399096423e+00
2.116611024727972801e+00
2.171980614554374966e+00
2.286006531049288082e+00
2.346376007804375607e+00
2.384245394249509875e+00
2.491069673854988675e+00
2.624757032565109505e+00
2.691094234693389708e+00
2.731153055030054233e+00
2.753742397175160672e+00
2.892060490377059701e+00
3.038177700530368952e+00
3.076144782028310320e+00
3.093241631363447208e+00
3.109738651398216813e+00
3.158792104586814808e+00
3.171189051444268436e+00
3.334068715548616169e+00
3.360531148494237730e+00
3.464665265216829049e+00
3.547724651096812565e+00
3.552154388536624463e+00
3.556901685456037132e+00
3.685758931346433176e+00
3.781836842064977500e+00
3.977342391597685989e+00
4.001043151479374060e+00
4.023105777878578593e+00
4.094122812031900871e+00
4.278269206115949963e+00
4.328682744207526412e+00
4.377418828487856572e+00
4.402766800547128767e+00
4.538243206351991077e+00
4.586074159888825719e+00
4.589465633382605603e+00
4.752341896370672281e+00
4.857346755174063446e+00
4.866991606732026909e+00
4.979886223599892858e+00
5.019365278598480806e+00
5.080610347192549447e+00
5.117275104975303357e+00
5.210107666833766693e+00
5.321032775693079309e+00
5.323317809411720170e+00
5.423353989921734453e+00
5.470511009037455352e+00
5.568274732805485350e+00
5.571571806949991768e+00
5.763488049783741296e+00
5.894112817040406682e+00
5.921977566657949055e+00
6.049380728636609916e+00
6.087214625754541864e+00
6.144164491613159917e+00
6.166545540251851421e+00
6.379982915337627070e+00
6.431477901695690669e+00
6.486501237184804758e+00
6.528229124349113732e+00
6.587398037161562137e+00
6.633862577714434217e+00
6.675786111013444213e+00
6.779476624342029467e+00
6.932100049768467720e+00
7.004497169676064949e+00
7.021764706966475700e+00
7.158143781735597955e+00
7.199852630436264889e+00
7.273895366308206434e+00
7.301519437760882525e+00
7.380612792986772419e+00
7.647036020576861048e+00
7.875228987146976500e+00
7.959912405296933002e+00
8.146925499843483465e+00
8.266736792713313520e+00
8.521486425501128892e+00
8.651328892141368243e+00
8.899917364784911911e+00
8.942055183233884819e+00
8.957167147039291066e+00
9.042033792239442036e+00
9.044551901559302109e+00
9.140898084980490168e+00
9.188281025306093142e+00
9.207374229388094022e+00
9.312916192042104413e+00
9.756799526484082108e+00
9.812108254600536483e+00
9.836229338521951249e+00
1.009464506557808683e+01
1.019157289136470723e+01
1.039550094993021467e+01
1.044946745054502735e+01
1.046727758302033351e+01
1.048240354117317885e+01
1.064319383455924850e+01
1.081910088685746629e+01
1.085944271129969252e+01
1.096147002002924786e+01
1.109190984456689399e+01
1.148277697249232432e+01
1.168478245411526650e+01
1.175719141632048093e+01
1.190610452667034203e+01
1.202869548205456951e+01
1.231020844665109593e+01
1.235145489406005126e+01
1.263396327365249228e+01
1.273686130881544898e+01
1.274564553092545438e+01
1.282845185515384046e+01
1.285129468185987811e+01
1.297756360030649248e+01
1.309353454954008988e+01
1.323361416998394979e+01
1.330735958032246025e+01
1.374275576440184032e+01
1.374569307092225046e+01
1.392075698372757309e+01
1.393116186827215053e+01
1.400337887797084413e+01
1.406479740344666318e+01
1.411609120826300057e+01
1.432007168278147979e+01
1.432399525272191632e+01
1.433205553994262260e+01
1.449049057140578789e+01
1.476653439368899434e+01
1.499455000992027109e+01
1.507748019398466965e+01
1.541792959511749750e+01
1.544162601541689916e+01
1.551407431979104601e+01
1.585488984509195554e+01
1.594354007113853022e+01
1.599486964623344498e+01
1.609876731305847386e+01
1.661025454350414066e+01
1.686335049745453318e+01
1.700189301225013594e+01
1.702586129979919605e+01
1.715670414153021639e+01
1.734758553805110992e+01
1.742901044236304386e+01
1.746227482317237900e+01
1.753600690008988394e+01
1.781086000169559469e+01
1.830730990615497333e+01
1.833183918759926456e+01
1.840143507990613259e+01
1.870774518748852344e+01
1.916655190690281785e+01
1.928307231744983241e+01
1.940974757692639230e+01
1.963550508644990344e+01
2.032841698214595283e+01
2.043284764784390006e+01
2.045084753744939476e+01
2.093972416246212020e+01
2.141062301755836472e+01
2.294017541345314370e+01
2.307714256575107470e+01
2.341663731196262077e+01
2.354417494838160607e+01
2.403016943344345080e+01
2.408528160516293326e+01
2.410680354173900142e+01
2.412566902699280647e+01
