-2.140022027829328877e-01
-1.866062820190466098e-01
-6.589229355611499195e-02
1.168761857454541975e+00
1.271749715113640766e+00
1.438473555792092684e+00
1.538524104374580759e+00
1.916189387502828190e+00
2.052920098129443094e+00
2.153190200124846410e+00
2.162998520623774290e+00
2.244597144638714070e+00
2.423781974597751354e+00
2.770986630257866956e+00
2.870001534242757391e+00
2.893264607340891637e+00
3.352538009776634631e+00
3.385499783666863660e+00
3.669791476947457554e+00
3.817664540588669997e+00
4.675566832275164231e+00
4.912844814911077052e+00
5.114156865430246057e+00
5.678750816021596037e+00
8.901554092319267752e+00
9.027223973599387108e+00
9.574777652450229937e+00
9.618746611964922977e+00
9.699238104224628287e+00
9.984378198038966090e+00
1.036116162133113505e+01
1.043218130654254772e+01
1.068900029226212922e+01
1.075754059316242994e+01
1.178479615077329257e+01
1.184075729844285085e+01
1.407090524714418578e+01
1.441572480846997273e+01
1.501295749770662802e+01
1.509760200016785348e+01
2.440350142534863664e+01
2.452435010404379412e+01
2.481141575556820200e+01
2.499602061208588566e+01
2.519482835013671362e+01
2.519677527398352623e+01
2.528814625622898404e+01
2.645303718433762441e+01
