1.633219999999999894e+00 -1.446699999999999930e-01 1.958999999999999977e-02 -1.607300000000000118e-01 1.671399999999999997e+00 9.620000000000000079e-03 -3.486999999999999822e-02 3.189999999999999780e-02 1.668250000000000011e+00
1.794100000000000028e+00 6.784999999999999365e-02 -1.459999999999999926e-03 5.179000000000000270e-02 1.510520000000000085e+00 -2.178000000000000075e-02 4.506000000000000283e-02 1.425000000000000051e-02 1.668250000000000011e+00
1.529609999999999914e+00 1.009099999999999997e-01 -1.813000000000000028e-02 8.484999999999999487e-02 1.775009999999999977e+00 1.216000000000000067e-02 -1.018999999999999941e-02 -4.614999999999999658e-02 1.668250000000000011e+00
1.633219999999999894e+00 -1.446699999999999930e-01 1.958999999999999977e-02 -1.607300000000000118e-01 1.671399999999999997e+00 9.620000000000000079e-03 -3.486999999999999822e-02 3.189999999999999780e-02 1.668250000000000011e+00
1.794100000000000028e+00 6.784999999999999365e-02 -1.459999999999999926e-03 5.179000000000000270e-02 1.510520000000000085e+00 -2.178000000000000075e-02 4.506000000000000283e-02 1.425000000000000051e-02 1.668250000000000011e+00
1.529609999999999914e+00 1.009099999999999997e-01 -1.813000000000000028e-02 8.484999999999999487e-02 1.775009999999999977e+00 1.216000000000000067e-02 -1.018999999999999941e-02 -4.614999999999999658e-02 1.668250000000000011e+00
1.332950000000000079e+00 -4.426899999999999724e-01 -1.318000000000000074e-02 -3.983499999999999819e-01 1.676269999999999927e+00 -2.485000000000000056e-02 4.306000000000000105e-02 -3.246999999999999886e-02 1.764850000000000030e+00
1.954620000000000024e+00 3.942999999999999977e-02 -1.493000000000000056e-02 8.376000000000000112e-02 1.054599999999999982e+00 2.384000000000000008e-02 -4.964999999999999969e-02 -2.105999999999999886e-02 1.764850000000000030e+00
1.226259999999999906e+00 3.367499999999999938e-01 2.810999999999999957e-02 3.810899999999999843e-01 1.782960000000000100e+00 1.010000000000000047e-03 6.590000000000000371e-03 5.353000000000000119e-02 1.764850000000000030e+00
1.332950000000000079e+00 -4.426899999999999724e-01 -1.318000000000000074e-02 -3.983499999999999819e-01 1.676269999999999927e+00 -2.485000000000000056e-02 4.306000000000000105e-02 -3.246999999999999886e-02 1.764850000000000030e+00
1.954620000000000024e+00 3.942999999999999977e-02 -1.493000000000000056e-02 8.376000000000000112e-02 1.054599999999999982e+00 2.384000000000000008e-02 -4.964999999999999969e-02 -2.105999999999999886e-02 1.764850000000000030e+00
1.226259999999999906e+00 3.367499999999999938e-01 2.810999999999999957e-02 3.810899999999999843e-01 1.782960000000000100e+00 1.010000000000000047e-03 6.590000000000000371e-03 5.353000000000000119e-02 1.764850000000000030e+00
3.784269999999999801e+00 2.001600000000000046e-01 0.000000000000000000e+00 -2.001600000000000046e-01 3.784269999999999801e+00 -0.000000000000000000e+00 -0.000000000000000000e+00 0.000000000000000000e+00 2.673379999999999868e+00
3.735980000000000079e+00 2.971799999999999997e-01 0.000000000000000000e+00 -2.971799999999999997e-01 3.735980000000000079e+00 -0.000000000000000000e+00 -0.000000000000000000e+00 0.000000000000000000e+00 2.787609999999999921e+00
3.735980000000000079e+00 2.971799999999999997e-01 0.000000000000000000e+00 -2.971799999999999997e-01 3.735980000000000079e+00 -0.000000000000000000e+00 -0.000000000000000000e+00 0.000000000000000000e+00 2.787609999999999921e+00
3.784269999999999801e+00 2.001600000000000046e-01 -0.000000000000000000e+00 -2.001600000000000046e-01 3.784269999999999801e+00 0.000000000000000000e+00 -0.000000000000000000e+00 0.000000000000000000e+00 2.673379999999999868e+00
-2.692600000000000104e+00 -2.582999999999999741e-01 -2.138599999999999945e-01 -2.060200000000000087e-01 -2.389959999999999862e+00 -2.519700000000000273e-01 -2.301600000000000035e-01 -3.092900000000000094e-01 -1.987430000000000030e+00
-2.666679999999999939e+00 2.209800000000000098e-01 3.251399999999999846e-01 2.732600000000000029e-01 -2.415880000000000027e+00 -5.922999999999999793e-02 3.829299999999999926e-01 -4.467999999999999750e-02 -1.987430000000000030e+00
-2.264569999999999972e+00 -4.111000000000000071e-02 -1.112800000000000039e-01 1.118000000000000070e-02 -2.817989999999999995e+00 3.111999999999999766e-01 -1.527699999999999891e-01 3.539700000000000069e-01 -1.987430000000000030e+00
-2.264569999999999972e+00 -4.111000000000000071e-02 -1.112800000000000039e-01 1.118000000000000070e-02 -2.817989999999999995e+00 3.111999999999999766e-01 -1.527699999999999891e-01 3.539700000000000069e-01 -1.987430000000000030e+00
-1.817709999999999937e+00 -1.512699999999999878e-01 0.000000000000000000e+00 1.512699999999999878e-01 -1.817709999999999937e+00 -0.000000000000000000e+00 0.000000000000000000e+00 -0.000000000000000000e+00 -3.637080000000000091e+00
-1.817709999999999937e+00 -1.512699999999999878e-01 0.000000000000000000e+00 1.512699999999999878e-01 -1.817709999999999937e+00 -0.000000000000000000e+00 0.000000000000000000e+00 -0.000000000000000000e+00 -3.637080000000000091e+00
-2.249800000000000022e+00 -1.422400000000000053e-01 1.300199999999999967e-01 7.910000000000000364e-03 -2.783170000000000144e+00 -3.406799999999999828e-01 1.787499999999999922e-01 -3.686200000000000032e-01 -2.053640000000000132e+00
-2.591660000000000075e+00 1.894699999999999995e-01 -3.600499999999999812e-01 3.396100000000000230e-01 -2.441310000000000091e+00 5.773999999999999966e-02 -4.086099999999999732e-01 2.951000000000000151e-02 -2.053640000000000132e+00
-2.708000000000000185e+00 -2.724500000000000255e-01 2.300300000000000122e-01 -1.223000000000000059e-01 -2.324980000000000047e+00 2.829400000000000248e-01 2.298600000000000088e-01 3.391100000000000225e-01 -2.053640000000000132e+00
-2.249800000000000022e+00 -1.422400000000000053e-01 1.300199999999999967e-01 7.910000000000000364e-03 -2.783170000000000144e+00 -3.406799999999999828e-01 1.787499999999999922e-01 -3.686200000000000032e-01 -2.053640000000000132e+00
-2.591660000000000075e+00 1.894699999999999995e-01 -3.600499999999999812e-01 3.396100000000000230e-01 -2.441310000000000091e+00 5.773999999999999966e-02 -4.086099999999999732e-01 2.951000000000000151e-02 -2.053640000000000132e+00
-2.708000000000000185e+00 -2.724500000000000255e-01 2.300300000000000122e-01 -1.223000000000000059e-01 -2.324980000000000047e+00 2.829400000000000248e-01 2.298600000000000088e-01 3.391100000000000225e-01 -2.053640000000000132e+00
-2.692600000000000104e+00 -2.582999999999999741e-01 -2.138599999999999945e-01 -2.060200000000000087e-01 -2.389959999999999862e+00 -2.519700000000000273e-01 -2.301600000000000035e-01 -3.092900000000000094e-01 -1.987430000000000030e+00
-2.666679999999999939e+00 2.209800000000000098e-01 3.251399999999999846e-01 2.732600000000000029e-01 -2.415880000000000027e+00 -5.922999999999999793e-02 3.829299999999999926e-01 -4.467999999999999750e-02 -1.987430000000000030e+00
