-1.062693300063569657e-01
-7.554613431539697332e-02
-7.554612670415340736e-02
1.592235478815869243e+00
1.592235638968051870e+00
1.698478619235461506e+00
1.698478748763139645e+00
2.230890201242544446e+00
2.230890320029203178e+00
2.301777647819180483e+00
2.301777745569715261e+00
2.548142808007431981e+00
2.680130493091707589e+00
2.728327242102750461e+00
2.941594715456226972e+00
2.941594978918749881e+00
2.981140733008087906e+00
2.981140987944045584e+00
3.185584891350409453e+00
3.436548777480104455e+00
3.675818697922954126e+00
3.680754691635942155e+00
3.680755031240193986e+00
3.777443593225449980e+00
3.947891310560613487e+00
4.094861243070392121e+00
4.125553308345439874e+00
4.125553684052602144e+00
4.296999394926650062e+00
4.409072510177168169e+00
4.409072929766528759e+00
4.574203744915610770e+00
4.574204138426705590e+00
4.689404237213934401e+00
4.689404663707324339e+00
4.860949187144420591e+00
5.102935439528899053e+00
5.102935870653285022e+00
5.130829299440783586e+00
5.130829737966364767e+00
5.543648690167874982e+00
5.543649087018405197e+00
5.572843753417100920e+00
5.572844175104845199e+00
6.352760943086084744e+00
6.352761344486348882e+00
6.445676481177130768e+00
6.516638696444663204e+00
6.516639187495345986e+00
6.531943516289772766e+00
6.584153407994075557e+00
6.584153810475572577e+00
6.886569414447225590e+00
6.886569893640809958e+00
7.452281670736821795e+00
7.452282247741291776e+00
7.504546188811152874e+00
7.504546302075828734e+00
7.523743981555991667e+00
7.719604109020099081e+00
7.726200812818677655e+00
7.726201162278910850e+00
7.767045004375860096e+00
7.808118441724612779e+00
8.232698864892363133e+00
8.232699156412797592e+00
8.234870460426199301e+00
8.234870527215349512e+00
8.549569573961019131e+00
8.596149370503050946e+00
8.769407608270926247e+00
8.839631344122897971e+00
9.112653499393028156e+00
9.112653526827408257e+00
9.233980447239424905e+00
9.233980804615093518e+00
9.324440219123076190e+00
9.324440626654233455e+00
9.383912797975053621e+00
9.744344410990407823e+00
9.744344934370909428e+00
9.875919283793281878e+00
1.006831400980323110e+01
1.028609143455374841e+01
1.031286948429000461e+01
1.031286967822244982e+01
1.043417811808864926e+01
1.102512934164493075e+01
1.113423163042695130e+01
1.120995499544935647e+01
1.120995544148146905e+01
1.142197964452747705e+01
1.142198038870668064e+01
1.163660465943567246e+01
1.163660551879284100e+01
1.168366132682730729e+01
1.168366162639093275e+01
1.228398420708851191e+01
1.229963056355759043e+01
1.255167805514465940e+01
1.255167849333307295e+01
1.276091583703928301e+01
1.276314624220846206e+01
1.276314647726022145e+01
1.289505979047790163e+01
1.289506010067421116e+01
1.292750153742013630e+01
1.303138415518474424e+01
1.303138438539819965e+01
1.307807757279333494e+01
1.343645515007585622e+01
1.359838405840929276e+01
1.393849199160368180e+01
1.406904197164824666e+01
1.496924610660136068e+01
1.496924627361043925e+01
1.499923258036890417e+01
1.499923274704409693e+01
1.575848187485076224e+01
1.575848190657970704e+01
1.581053383032970139e+01
1.581053389357867367e+01
1.595755802120111255e+01
1.607318030135915521e+01
1.607318033246687605e+01
1.610661125128436311e+01
1.610661128232751693e+01
1.681062660938015085e+01
1.681062696629724229e+01
1.685046328739954902e+01
1.685046370281838790e+01
1.701551306896151061e+01
1.701551356850565355e+01
1.705246847233561169e+01
1.705246900011842826e+01
2.047551247221910131e+01
2.058903188593383149e+01
2.102364806592804314e+01
2.214219724869237282e+01
2.231305153940177632e+01
2.244302129839028481e+01
2.253976929784331062e+01
2.335792816154720342e+01
2.348147963821701012e+01
