2.677340000000000053e+00 0.000000000000000000e+00 -6.749999999999999924e-03 0.000000000000000000e+00 2.734890000000000043e+00 0.000000000000000000e+00 -1.917500000000000038e-01 0.000000000000000000e+00 2.737569999999999837e+00
2.677340000000000053e+00 0.000000000000000000e+00 -6.749999999999999924e-03 0.000000000000000000e+00 2.734890000000000043e+00 0.000000000000000000e+00 -1.917500000000000038e-01 0.000000000000000000e+00 2.737569999999999837e+00
3.110380000000000145e+00 0.000000000000000000e+00 -3.214500000000000135e-01 0.000000000000000000e+00 3.070219999999999949e+00 0.000000000000000000e+00 2.802600000000000091e-01 0.000000000000000000e+00 3.329330000000000123e+00
7.365890000000000271e+00 0.000000000000000000e+00 -1.917800000000000060e-01 0.000000000000000000e+00 7.135810000000000208e+00 0.000000000000000000e+00 3.254900000000000015e-01 0.000000000000000000e+00 7.033450000000000202e+00
-2.526130000000000209e+00 -9.310599999999999987e-01 7.076599999999999557e-01 -9.246499999999999719e-01 -3.065030000000000143e+00 7.722200000000000175e-01 5.685099999999999598e-01 7.321999999999999620e-01 -2.302000000000000046e+00
-2.526130000000000209e+00 9.310599999999999987e-01 7.076599999999999557e-01 9.246499999999999719e-01 -3.065030000000000143e+00 -7.722200000000000175e-01 5.685099999999999598e-01 -7.321999999999999620e-01 -2.302000000000000046e+00
-2.526130000000000209e+00 -9.310599999999999987e-01 7.076599999999999557e-01 -9.246499999999999719e-01 -3.065030000000000143e+00 7.722200000000000175e-01 5.685099999999999598e-01 7.321999999999999620e-01 -2.302000000000000046e+00
-2.526130000000000209e+00 9.310599999999999987e-01 7.076599999999999557e-01 9.246499999999999719e-01 -3.065030000000000143e+00 -7.722200000000000175e-01 5.685099999999999598e-01 -7.321999999999999620e-01 -2.302000000000000046e+00
-2.863220000000000098e+00 -0.000000000000000000e+00 -1.151960000000000095e+00 -0.000000000000000000e+00 -1.707840000000000025e+00 -0.000000000000000000e+00 -1.248140000000000027e+00 -0.000000000000000000e+00 -3.314950000000000063e+00
-2.863220000000000098e+00 -0.000000000000000000e+00 -1.151960000000000095e+00 -0.000000000000000000e+00 -1.707840000000000025e+00 -0.000000000000000000e+00 -1.248140000000000027e+00 -0.000000000000000000e+00 -3.314950000000000063e+00
