4.823760000000000048e+00 -3.182000000000000106e-02 1.865799999999999959e-01 5.038300000000000001e-01 3.517349999999999977e+00 5.820999999999999786e-02 1.380899999999999905e-01 2.184899999999999898e-01 3.775889999999999969e+00
4.823760000000000048e+00 3.182000000000000106e-02 1.865799999999999959e-01 -5.038300000000000001e-01 3.517349999999999977e+00 -5.820999999999999786e-02 1.380899999999999905e-01 -2.184899999999999898e-01 3.775889999999999969e+00
4.823760000000000048e+00 -3.182000000000000106e-02 1.865799999999999959e-01 5.038300000000000001e-01 3.517349999999999977e+00 5.820999999999999786e-02 1.380899999999999905e-01 2.184899999999999898e-01 3.775889999999999969e+00
4.823760000000000048e+00 3.182000000000000106e-02 1.865799999999999959e-01 -5.038300000000000001e-01 3.517349999999999977e+00 -5.820999999999999786e-02 1.380899999999999905e-01 -2.184899999999999898e-01 3.775889999999999969e+00
2.156019999999999825e+00 -5.423999999999999655e-02 -2.181899999999999951e-01 -3.784600000000000186e-01 2.750080000000000080e+00 -5.539000000000000173e-02 -2.017400000000000027e-01 -1.006699999999999956e-01 3.002660000000000107e+00
2.156019999999999825e+00 5.423999999999999655e-02 -2.181899999999999951e-01 3.784600000000000186e-01 2.750080000000000080e+00 5.539000000000000173e-02 -2.017400000000000027e-01 1.006699999999999956e-01 3.002660000000000107e+00
2.156019999999999825e+00 -5.423999999999999655e-02 -2.181899999999999951e-01 -3.784600000000000186e-01 2.750080000000000080e+00 -5.539000000000000173e-02 -2.017400000000000027e-01 -1.006699999999999956e-01 3.002660000000000107e+00
2.156019999999999825e+00 5.423999999999999655e-02 -2.181899999999999951e-01 3.784600000000000186e-01 2.750080000000000080e+00 5.539000000000000173e-02 -2.017400000000000027e-01 1.006699999999999956e-01 3.002660000000000107e+00
-8.206499999999999906e-01 -1.847600000000000076e-01 2.322799999999999865e-01 -3.774100000000000232e-01 -2.508669999999999956e+00 1.025260000000000060e+00 2.875699999999999923e-01 1.020110000000000072e+00 -1.304750000000000076e+00
-8.206499999999999906e-01 1.847600000000000076e-01 2.322799999999999865e-01 3.774100000000000232e-01 -2.508669999999999956e+00 -1.025260000000000060e+00 2.875699999999999923e-01 -1.020110000000000072e+00 -1.304750000000000076e+00
-8.206499999999999906e-01 -1.847600000000000076e-01 2.322799999999999865e-01 -3.774100000000000232e-01 -2.508669999999999956e+00 1.025260000000000060e+00 2.875699999999999923e-01 1.020110000000000072e+00 -1.304750000000000076e+00
-8.206499999999999906e-01 1.847600000000000076e-01 2.322799999999999865e-01 3.774100000000000232e-01 -2.508669999999999956e+00 -1.025260000000000060e+00 2.875699999999999923e-01 -1.020110000000000072e+00 -1.304750000000000076e+00
-1.757730000000000015e+00 -1.032259999999999955e+00 -1.016659999999999897e+00 -9.547799999999999621e-01 -2.314229999999999787e+00 -1.242119999999999891e+00 -6.843500000000000139e-01 -1.370929999999999982e+00 -2.005879999999999885e+00
-1.757730000000000015e+00 1.032259999999999955e+00 -1.016659999999999897e+00 9.547799999999999621e-01 -2.314229999999999787e+00 1.242119999999999891e+00 -6.843500000000000139e-01 1.370929999999999982e+00 -2.005879999999999885e+00
-1.757730000000000015e+00 -1.032259999999999955e+00 -1.016659999999999897e+00 -9.547799999999999621e-01 -2.314229999999999787e+00 -1.242119999999999891e+00 -6.843500000000000139e-01 -1.370929999999999982e+00 -2.005879999999999885e+00
-1.757730000000000015e+00 1.032259999999999955e+00 -1.016659999999999897e+00 9.547799999999999621e-01 -2.314229999999999787e+00 1.242119999999999891e+00 -6.843500000000000139e-01 1.370929999999999982e+00 -2.005879999999999885e+00
-5.543160000000000309e+00 -0.000000000000000000e+00 -1.294960000000000111e+00 -0.000000000000000000e+00 -5.095600000000000129e-01 -0.000000000000000000e+00 -1.192960000000000020e+00 -0.000000000000000000e+00 -6.730000000000000426e-01
-5.543160000000000309e+00 -0.000000000000000000e+00 -1.294960000000000111e+00 -0.000000000000000000e+00 -5.095600000000000129e-01 -0.000000000000000000e+00 -1.192960000000000020e+00 -0.000000000000000000e+00 -6.730000000000000426e-01
-1.629829999999999890e+00 -1.433000000000000072e-02 1.463470000000000049e+00 2.254000000000000101e-02 -1.189759999999999929e+00 2.801299999999999901e-01 1.056910000000000016e+00 3.082900000000000085e-01 -3.131419999999999870e+00
-1.629829999999999890e+00 1.433000000000000072e-02 1.463470000000000049e+00 -2.254000000000000101e-02 -1.189759999999999929e+00 -2.801299999999999901e-01 1.056910000000000016e+00 -3.082900000000000085e-01 -3.131419999999999870e+00
-1.629829999999999890e+00 -1.433000000000000072e-02 1.463470000000000049e+00 2.254000000000000101e-02 -1.189759999999999929e+00 2.801299999999999901e-01 1.056910000000000016e+00 3.082900000000000085e-01 -3.131419999999999870e+00
-1.629829999999999890e+00 1.433000000000000072e-02 1.463470000000000049e+00 -2.254000000000000101e-02 -1.189759999999999929e+00 -2.801299999999999901e-01 1.056910000000000016e+00 -3.082900000000000085e-01 -3.131419999999999870e+00
