-4.624820345785474879e-02
-4.624808462871886350e-02
-2.137892611989122837e-02
2.760117271406684836e+00
2.884164483234659127e+00
2.884164484642150139e+00
3.348576066361514503e+00
3.348576067874651230e+00
3.464585173435764887e+00
3.740258455574941632e+00
3.740258457841781237e+00
3.884201671756895013e+00
3.884201673498869134e+00
4.017292374771611385e+00
4.396599686827002529e+00
4.396599686936690787e+00
5.569065562547491410e+00
5.641837257991939580e+00
5.641837258876949868e+00
5.777711719570913118e+00
6.556389840552660608e+00
6.916188253047670820e+00
6.916188253325570301e+00
7.304550087079378251e+00
7.304550087595143459e+00
8.881398405755172476e+00
9.119628801242919636e+00
1.166015711375499286e+01
1.166015711420054934e+01
1.180648851502792063e+01
1.180648851556115808e+01
1.400851631900013494e+01
1.400851631928221686e+01
1.415708945952813735e+01
1.415708946007073976e+01
1.735791429180377676e+01
1.744439708797658639e+01
1.862024644848576571e+01
1.876851080818480000e+01
1.959768171228870415e+01
1.959768171232048317e+01
2.015898156339163805e+01
2.015898156341567571e+01
2.017322840590852806e+01
2.151981090493539739e+01
2.241932824910378130e+01
2.243423475395396238e+01
2.807178119724092014e+01
2.807178119736454391e+01
2.828651844837954599e+01
2.828651844848885943e+01
3.324960280177384675e+01
3.325158583464602202e+01
3.643380902978823599e+01
3.643380902998455895e+01
3.668839920634952989e+01
3.668839920648891706e+01
4.151553710081182658e+01
4.151553710104843020e+01
4.167509398824130784e+01
4.167509398836258327e+01
4.433468777442043773e+01
4.509721605403136380e+01
