-1.179446822606748102e-01
-4.714461626258874272e-02
-2.126499006044001855e-02
1.464666240360608995e+00
1.563452396699622327e+00
1.881645961684703661e+00
2.174740859811473470e+00
2.359092611511235393e+00
2.378575747529503293e+00
2.390357912602936619e+00
2.878658073143759211e+00
3.081323413850128201e+00
3.149600403295272688e+00
3.347458240549856967e+00
3.391918519282355771e+00
3.463275474853544367e+00
3.708483879394780303e+00
3.967830070911558149e+00
4.419545073670152924e+00
4.558434342969834852e+00
4.649818041793039924e+00
4.968563667366143299e+00
5.175121373942308090e+00
5.352878215184243338e+00
5.602099313670071190e+00
5.681806786185109814e+00
5.684635511062857915e+00
7.559206034774283545e+00
7.608075407471899254e+00
7.739452997694595382e+00
7.973040717851310966e+00
8.619676713248875188e+00
9.064206796615097872e+00
9.091881255882974244e+00
9.155033779935720872e+00
9.934160896987913603e+00
1.016853230004226738e+01
1.025802693876534200e+01
1.033316797330019554e+01
1.089118135912371876e+01
1.102657844001277532e+01
1.117623854828098473e+01
1.169179709354493824e+01
1.187233960795006560e+01
1.207138764517405960e+01
1.217931047536208666e+01
1.307755029282594705e+01
1.380388589380563324e+01
1.387366531294711436e+01
1.472083884533384612e+01
1.515289072749857802e+01
1.625018519720098453e+01
2.159440352908897864e+01
2.193169768009622089e+01
2.197109662348164250e+01
2.250897194625229858e+01
2.278214069897579108e+01
2.283886194777792156e+01
2.425982558265267031e+01
2.442303475524251155e+01
