-6.019895156894345539e-02
-3.660073482868889116e-02
-2.338049398537165105e-02
1.387336948978149298e+00
1.513288710061632791e+00
1.660576685973881750e+00
1.763250600453605488e+00
1.843511353368890937e+00
1.876922382518787069e+00
2.038800103001763286e+00
2.093630390016346876e+00
2.499008343323406933e+00
2.557674416339968726e+00
2.704219053627128222e+00
3.271350210539984538e+00
3.780561095922138293e+00
3.856983290085659544e+00
4.639932100796303693e+00
4.678872011500208039e+00
4.953143294918894490e+00
5.180731434845855965e+00
5.244285709226757852e+00
5.864157083503135581e+00
6.089060083461157014e+00
6.224575375075796835e+00
6.334964175115752383e+00
6.584585469108894529e+00
6.832529341320094041e+00
6.993011032452329800e+00
7.003710495158976812e+00
7.289391545252593474e+00
7.398612423961671070e+00
7.657040531432492969e+00
7.849846164097740164e+00
7.941831640119299429e+00
7.954183559611885279e+00
8.501637995115999047e+00
8.695903276830993178e+00
9.056277237364147581e+00
9.203697707986719934e+00
9.434852166303402399e+00
9.541487777071246512e+00
1.001893177938646318e+01
1.018631817684878627e+01
1.021032663532367124e+01
1.090521375306325602e+01
1.174745929978052850e+01
1.184547681606781211e+01
1.481251528269253726e+01
1.491362387215126262e+01
1.543719913067134009e+01
1.576777869580874203e+01
1.594104968312940152e+01
1.607826688421360828e+01
1.634565985208305960e+01
1.674200002986501090e+01
1.680032600874161375e+01
2.202849699820666274e+01
2.224822662595830280e+01
2.355808493914562618e+01
