3.532830000000000137e+00 2.208499999999999908e-01 0.000000000000000000e+00 2.208499999999999908e-01 3.532830000000000137e+00 0.000000000000000000e+00 0.000000000000000000e+00 -0.000000000000000000e+00 4.877159999999999940e+00
3.532830000000000137e+00 -2.208499999999999908e-01 0.000000000000000000e+00 -2.208499999999999908e-01 3.532830000000000137e+00 0.000000000000000000e+00 0.000000000000000000e+00 0.000000000000000000e+00 4.877159999999999940e+00
3.532830000000000137e+00 2.208499999999999908e-01 0.000000000000000000e+00 2.208499999999999908e-01 3.532830000000000137e+00 0.000000000000000000e+00 -0.000000000000000000e+00 -0.000000000000000000e+00 4.877159999999999940e+00
3.532830000000000137e+00 -2.208499999999999908e-01 0.000000000000000000e+00 -2.208499999999999908e-01 3.532830000000000137e+00 0.000000000000000000e+00 0.000000000000000000e+00 0.000000000000000000e+00 4.877159999999999940e+00
3.111930000000000085e+00 -8.030000000000000471e-01 0.000000000000000000e+00 -8.316200000000000259e-01 2.714729999999999865e+00 0.000000000000000000e+00 0.000000000000000000e+00 0.000000000000000000e+00 2.840100000000000069e+00
2.714729999999999865e+00 8.316200000000000259e-01 0.000000000000000000e+00 8.030000000000000471e-01 3.111930000000000085e+00 0.000000000000000000e+00 0.000000000000000000e+00 0.000000000000000000e+00 2.840100000000000069e+00
2.714729999999999865e+00 8.316200000000000259e-01 -0.000000000000000000e+00 8.030000000000000471e-01 3.111930000000000085e+00 0.000000000000000000e+00 0.000000000000000000e+00 0.000000000000000000e+00 2.840100000000000069e+00
3.111930000000000085e+00 -8.030000000000000471e-01 0.000000000000000000e+00 -8.316200000000000259e-01 2.714729999999999865e+00 0.000000000000000000e+00 0.000000000000000000e+00 0.000000000000000000e+00 2.840100000000000069e+00
3.111930000000000085e+00 8.030000000000000471e-01 0.000000000000000000e+00 8.316200000000000259e-01 2.714729999999999865e+00 -0.000000000000000000e+00 0.000000000000000000e+00 0.000000000000000000e+00 2.840100000000000069e+00
3.111930000000000085e+00 8.030000000000000471e-01 -0.000000000000000000e+00 8.316200000000000259e-01 2.714729999999999865e+00 -0.000000000000000000e+00 0.000000000000000000e+00 0.000000000000000000e+00 2.840100000000000069e+00
2.714729999999999865e+00 -8.316200000000000259e-01 0.000000000000000000e+00 -8.030000000000000471e-01 3.111930000000000085e+00 -0.000000000000000000e+00 0.000000000000000000e+00 0.000000000000000000e+00 2.840100000000000069e+00
2.714729999999999865e+00 -8.316200000000000259e-01 0.000000000000000000e+00 -8.030000000000000471e-01 3.111930000000000085e+00 -0.000000000000000000e+00 0.000000000000000000e+00 0.000000000000000000e+00 2.840100000000000069e+00
-2.159040000000000070e+00 -3.675599999999999978e-01 -7.580799999999999761e-01 -3.675599999999999978e-01 -2.159040000000000070e+00 7.580799999999999761e-01 -9.166199999999999903e-01 9.166199999999999903e-01 -2.879280000000000062e+00
-2.159040000000000070e+00 3.675599999999999978e-01 7.580799999999999761e-01 3.675599999999999978e-01 -2.159040000000000070e+00 7.580799999999999761e-01 9.166199999999999903e-01 9.166199999999999903e-01 -2.879280000000000062e+00
-2.159040000000000070e+00 3.675599999999999978e-01 -7.580799999999999761e-01 3.675599999999999978e-01 -2.159040000000000070e+00 -7.580799999999999761e-01 -9.166199999999999903e-01 -9.166199999999999903e-01 -2.879280000000000062e+00
-2.159040000000000070e+00 -3.675599999999999978e-01 7.580799999999999761e-01 -3.675599999999999978e-01 -2.159040000000000070e+00 -7.580799999999999761e-01 9.166199999999999903e-01 -9.166199999999999903e-01 -2.879280000000000062e+00
-2.159040000000000070e+00 -3.675599999999999978e-01 -7.580799999999999761e-01 -3.675599999999999978e-01 -2.159040000000000070e+00 7.580799999999999761e-01 -9.166199999999999903e-01 9.166199999999999903e-01 -2.879280000000000062e+00
-2.159040000000000070e+00 3.675599999999999978e-01 7.580799999999999761e-01 3.675599999999999978e-01 -2.159040000000000070e+00 7.580799999999999761e-01 9.166199999999999903e-01 9.166199999999999903e-01 -2.879280000000000062e+00
-2.159040000000000070e+00 3.675599999999999978e-01 -7.580799999999999761e-01 3.675599999999999978e-01 -2.159040000000000070e+00 -7.580799999999999761e-01 -9.166199999999999903e-01 -9.166199999999999903e-01 -2.879280000000000062e+00
-2.159040000000000070e+00 -3.675599999999999978e-01 7.580799999999999761e-01 -3.675599999999999978e-01 -2.159040000000000070e+00 -7.580799999999999761e-01 9.166199999999999903e-01 -9.166199999999999903e-01 -2.879280000000000062e+00
-3.330179999999999918e+00 2.348000000000000087e-02 -0.000000000000000000e+00 4.996599999999999930e-01 -1.711240000000000094e+00 0.000000000000000000e+00 0.000000000000000000e+00 0.000000000000000000e+00 -2.399389999999999912e+00
-1.711240000000000094e+00 -4.996599999999999930e-01 0.000000000000000000e+00 -2.348000000000000087e-02 -3.330179999999999918e+00 -0.000000000000000000e+00 0.000000000000000000e+00 0.000000000000000000e+00 -2.399389999999999912e+00
-1.711240000000000094e+00 -4.996599999999999930e-01 -0.000000000000000000e+00 -2.348000000000000087e-02 -3.330179999999999918e+00 -0.000000000000000000e+00 0.000000000000000000e+00 0.000000000000000000e+00 -2.399389999999999912e+00
-3.330179999999999918e+00 2.348000000000000087e-02 0.000000000000000000e+00 4.996599999999999930e-01 -1.711240000000000094e+00 0.000000000000000000e+00 0.000000000000000000e+00 0.000000000000000000e+00 -2.399389999999999912e+00
-3.330179999999999918e+00 -2.348000000000000087e-02 -0.000000000000000000e+00 -4.996599999999999930e-01 -1.711240000000000094e+00 -0.000000000000000000e+00 0.000000000000000000e+00 0.000000000000000000e+00 -2.399389999999999912e+00
-3.330179999999999918e+00 -2.348000000000000087e-02 0.000000000000000000e+00 -4.996599999999999930e-01 -1.711240000000000094e+00 -0.000000000000000000e+00 0.000000000000000000e+00 0.000000000000000000e+00 -2.399389999999999912e+00
-1.711240000000000094e+00 4.996599999999999930e-01 -0.000000000000000000e+00 2.348000000000000087e-02 -3.330179999999999918e+00 0.000000000000000000e+00 0.000000000000000000e+00 0.000000000000000000e+00 -2.399389999999999912e+00
-1.711240000000000094e+00 4.996599999999999930e-01 -0.000000000000000000e+00 2.348000000000000087e-02 -3.330179999999999918e+00 -0.000000000000000000e+00 0.000000000000000000e+00 0.000000000000000000e+00 -2.399389999999999912e+00
