-7.732761591611675422e-02
-5.513286089508253468e-02
-2.742087131242249703e-02
2.931499627406160435e+00
4.222358927354698643e+00
5.039879428538324824e+00
5.318929419014711613e+00
5.472914924016893501e+00
5.506477412251744141e+00
5.760387723262064164e+00
5.847064456303063373e+00
6.394801672955452432e+00
6.512327913060306450e+00
6.957517442938655705e+00
7.184735334858118883e+00
7.476004851124371520e+00
8.066620619794052871e+00
8.122972504390652659e+00
8.166153622648183230e+00
8.287776487310036799e+00
8.483304997181930318e+00
8.527811392696616366e+00
8.545288823257370936e+00
8.595123974550523016e+00
8.878566149239320637e+00
9.146192659027747140e+00
9.307482181990986092e+00
9.343285583353770463e+00
9.404061642700641599e+00
9.497127983058971878e+00
9.667150272549815071e+00
9.939947712657206225e+00
1.018094514460950251e+01
1.034011805104284676e+01
1.045809971796782989e+01
1.086441739040791532e+01
1.111260894794634524e+01
1.121742907721113980e+01
1.126909959249640458e+01
1.128330889443359553e+01
1.154950272216622231e+01
1.182960815386729081e+01
1.209105147263213276e+01
1.210173825757704336e+01
1.234403988563028953e+01
1.236738660861285943e+01
1.249736643151912041e+01
1.261716083918088671e+01
1.282055455230917396e+01
1.290018258541803675e+01
1.343061529931616604e+01
1.387924566269352056e+01
1.392617614870514231e+01
1.400841268539300977e+01
1.456493641788634186e+01
1.476651586529354176e+01
1.479929620753913078e+01
1.480325109899883351e+01
1.536324484268006607e+01
1.542200514114961329e+01
1.556783772716020309e+01
1.664087319636549722e+01
1.670929863416131056e+01
1.694025396286045648e+01
1.750535345821056055e+01
1.756723935954420668e+01
1.819692926192874083e+01
1.824081643039993139e+01
2.407790065266924273e+01
2.427992325727779743e+01
2.431012726851761130e+01
2.443031803879446429e+01
2.499359860107546183e+01
2.528231142240052520e+01
2.558383139090614478e+01
2.560197871462756680e+01
2.581229125032035654e+01
2.662011945508500332e+01
2.690943477667068962e+01
2.808251274837909151e+01
2.831861257339659232e+01
2.860907916137473705e+01
2.861402915417287574e+01
2.890469585933080054e+01
