-7.815574666426343409e-02
-2.132279227897602297e-02
-1.344329005385022299e-02
1.447909850453970915e+00
1.922212778152085688e+00
2.372597331719985991e+00
3.085258282627879822e+00
3.128267520394016454e+00
3.563688344891611681e+00
4.766741130405840465e+00
5.129541191615704321e+00
7.126030072492671508e+00
7.337371986355508469e+00
7.732776819139782987e+00
7.985867247314178741e+00
8.208835342101336252e+00
8.419407644406506463e+00
8.521498692932860664e+00
9.273554134342775868e+00
1.009842446298234897e+01
1.189034568284554538e+01
1.232420089142580721e+01
1.264454958905926141e+01
1.273921042813877591e+01
1.422769839223722244e+01
1.438167733926966818e+01
1.459973467943503245e+01
1.468849865600828153e+01
1.535674191374164366e+01
1.592714758746194548e+01
1.638855055365551294e+01
1.743298641649242953e+01
1.745714000921230991e+01
1.773410506528919584e+01
1.818482099312461742e+01
1.871389928294475880e+01
1.884625532346985111e+01
1.895540905480431704e+01
1.927344709891163177e+01
2.105041046857589038e+01
2.114208530490688887e+01
2.130620107710417344e+01
2.219086003137110197e+01
2.228504569720598383e+01
2.322189035663526369e+01
2.331671079309057859e+01
2.354897105390254097e+01
2.358300027235286223e+01
2.372242415540176808e+01
2.387425408136603622e+01
2.585067521684544189e+01
2.593647551285543429e+01
2.625106355887378129e+01
2.723614741399485339e+01
2.739323163149233054e+01
2.791238698452850642e+01
2.807098613730081738e+01
2.867427270654279781e+01
2.976766043029400066e+01
2.981630198505344609e+01
2.996050347490701071e+01
3.008440143497805153e+01
3.062261468593425562e+01
3.094407247559069063e+01
3.175337084218717720e+01
3.178267600530806192e+01
3.208915804425480189e+01
3.215022354128538495e+01
3.354662698498889029e+01
3.373340786736966379e+01
3.501784355264068438e+01
3.910629078790528723e+01
