-6.877607935616182611e-02
-3.381276537707943175e-02
-1.467140829882551852e-02
2.294851888703700382e+00
3.004788670607452694e+00
3.453102792356095740e+00
3.493567871900193023e+00
3.870114998750078250e+00
4.125552899263061235e+00
4.308886414618638305e+00
4.566981802708975913e+00
5.163427615849015773e+00
5.292977197845124770e+00
5.451095752513443138e+00
5.687616556984822935e+00
5.834726780484237096e+00
5.943989763938975379e+00
5.992956673487776165e+00
6.194507988496449791e+00
6.424702775205452632e+00
6.518313460652610303e+00
6.795902735394901306e+00
6.882260494847020738e+00
6.930697190992074042e+00
7.051842116095160762e+00
7.066948779561220029e+00
7.127772181983958788e+00
7.328322552307162674e+00
7.426372518015176283e+00
7.499376356906421570e+00
8.264982933209964244e+00
8.334694952821688929e+00
8.387854628536246082e+00
8.410352510189362363e+00
8.631234333835964279e+00
8.641568038967761822e+00
8.725115640405396888e+00
9.016989426969086452e+00
9.682025044047122719e+00
9.911996722572807172e+00
1.028322671256981913e+01
1.038759703361127862e+01
1.039002467810125552e+01
1.046720788512733158e+01
1.056013892603667514e+01
1.068571032644194574e+01
1.088405250397452129e+01
1.094691890810026003e+01
1.095053896493126366e+01
1.097512545116908633e+01
1.101724518039520717e+01
1.111751843419406960e+01
1.136872248726838563e+01
1.142091720952515210e+01
1.209973892902060300e+01
1.218927099126624647e+01
1.237605017779023164e+01
1.238267060592224311e+01
1.277350817928751070e+01
1.313146311819304835e+01
1.317958133780582841e+01
1.362812718926750755e+01
1.364312525778139928e+01
1.384117286591069806e+01
1.388089792736371564e+01
1.388991282060930210e+01
1.412840972815292062e+01
1.455624958304158589e+01
1.943308377072373361e+01
1.956255786521098727e+01
2.042087486470839153e+01
2.049773316273094181e+01
2.052103990392724242e+01
2.069910129425230139e+01
2.071030196984325045e+01
2.174798886083304694e+01
2.198271570965836119e+01
2.203357798081037089e+01
2.218303301862906096e+01
2.252168324656498655e+01
2.261103419434104467e+01
2.273840940991500048e+01
2.278023684880693978e+01
2.294192009860910275e+01
