-1.572176808631863681e-02
-9.585271433285271619e-03
-8.672935573035655057e-03
1.018494711601668934e+00
1.029413670352343102e+00
1.146192038834281002e+00
1.219471048022195303e+00
1.226191200947702953e+00
1.515401571516180379e+00
1.519345891783150382e+00
1.540150299039674264e+00
1.545170395345639047e+00
1.553794854677618575e+00
1.613712131002015271e+00
1.707860639776157319e+00
1.764453686091858708e+00
1.812746127187581990e+00
1.813673760325711148e+00
1.898043805304144405e+00
1.900135020573764821e+00
1.927378966631102530e+00
1.947001955712359456e+00
1.998965785695033359e+00
2.055845744683779230e+00
2.085822703801290423e+00
2.251675945629446396e+00
2.273655736349050382e+00
2.284660308991456112e+00
2.307492205104462624e+00
2.321056128667307483e+00
2.384140983129305891e+00
2.435791063027929582e+00
2.512979009052179524e+00
2.517843050589068987e+00
2.551080937117065961e+00
2.650395096720812305e+00
2.656512148730094669e+00
2.666835344294163690e+00
2.676505024756310913e+00
2.764753045733919112e+00
2.781338071694461345e+00
2.862225837481752855e+00
2.864681415116024699e+00
2.934983992690555876e+00
2.970497343013340341e+00
3.070138001788491167e+00
3.073894115632799906e+00
3.123967276528853976e+00
3.154045266697510286e+00
3.166518188693424829e+00
3.270774229457293902e+00
3.409939334583047543e+00
3.594593925465075834e+00
3.609448139352109397e+00
3.625166743994901797e+00
3.846754884488191362e+00
4.992825944052041720e+00
5.034533256528111345e+00
5.210855300941749313e+00
5.231081557976131613e+00
6.978671157663417723e+00
7.010911384739832108e+00
7.013501399026417893e+00
7.014107484474981113e+00
7.940878352667708917e+00
7.972331423288935071e+00
8.037204537245218106e+00
8.270547645186848484e+00
8.576246762093067133e+00
8.720062456719212207e+00
9.163735056842501336e+00
9.464887325592117762e+00
