1.981430000000000025e+00 -0.000000000000000000e+00 0.000000000000000000e+00 -0.000000000000000000e+00 3.194560000000000066e+00 0.000000000000000000e+00 0.000000000000000000e+00 0.000000000000000000e+00 2.088729999999999976e+00
1.626149999999999984e+00 1.475219999999999976e+00 0.000000000000000000e+00 9.744699999999999473e-01 1.065630000000000077e+00 0.000000000000000000e+00 0.000000000000000000e+00 0.000000000000000000e+00 4.824559999999999960e+00
1.223519999999999941e+00 -0.000000000000000000e+00 0.000000000000000000e+00 -0.000000000000000000e+00 3.051699999999999968e-01 0.000000000000000000e+00 0.000000000000000000e+00 0.000000000000000000e+00 -1.065150000000000041e+00
1.626149999999999984e+00 -1.475219999999999976e+00 0.000000000000000000e+00 -9.744699999999999473e-01 1.065630000000000077e+00 0.000000000000000000e+00 0.000000000000000000e+00 0.000000000000000000e+00 4.824559999999999960e+00
-3.620999999999999774e-01 -3.279900000000000038e-01 0.000000000000000000e+00 -3.117800000000000016e-01 -7.680200000000000360e-01 -0.000000000000000000e+00 0.000000000000000000e+00 0.000000000000000000e+00 -2.312730000000000175e+00
-3.620999999999999774e-01 -3.279900000000000038e-01 0.000000000000000000e+00 -3.117800000000000016e-01 -7.680200000000000360e-01 0.000000000000000000e+00 0.000000000000000000e+00 0.000000000000000000e+00 -2.312730000000000175e+00
-3.620999999999999774e-01 3.279900000000000038e-01 0.000000000000000000e+00 3.117800000000000016e-01 -7.680200000000000360e-01 0.000000000000000000e+00 0.000000000000000000e+00 0.000000000000000000e+00 -2.312730000000000175e+00
-3.620999999999999774e-01 3.279900000000000038e-01 0.000000000000000000e+00 3.117800000000000016e-01 -7.680200000000000360e-01 -0.000000000000000000e+00 0.000000000000000000e+00 0.000000000000000000e+00 -2.312730000000000175e+00
-2.504420000000000091e+00 0.000000000000000000e+00 0.000000000000000000e+00 0.000000000000000000e+00 -1.279439999999999911e+00 0.000000000000000000e+00 0.000000000000000000e+00 0.000000000000000000e+00 -7.108799999999999564e-01
-2.504420000000000091e+00 0.000000000000000000e+00 0.000000000000000000e+00 0.000000000000000000e+00 -1.279439999999999911e+00 0.000000000000000000e+00 0.000000000000000000e+00 0.000000000000000000e+00 -7.108799999999999564e-01
