2.738080000000000069e+00 2.122699999999999865e-01 -2.122699999999999865e-01 2.122699999999999865e-01 2.738080000000000069e+00 2.122699999999999865e-01 -2.122699999999999865e-01 2.122699999999999865e-01 2.738080000000000069e+00
2.738080000000000069e+00 2.122699999999999865e-01 2.122699999999999865e-01 2.122699999999999865e-01 2.738080000000000069e+00 -2.122699999999999865e-01 2.122699999999999865e-01 -2.122699999999999865e-01 2.738080000000000069e+00
2.738080000000000069e+00 -2.122699999999999865e-01 2.122699999999999865e-01 -2.122699999999999865e-01 2.738080000000000069e+00 2.122699999999999865e-01 2.122699999999999865e-01 2.122699999999999865e-01 2.738080000000000069e+00
2.738080000000000069e+00 -2.122699999999999865e-01 -2.122699999999999865e-01 -2.122699999999999865e-01 2.738080000000000069e+00 -2.122699999999999865e-01 -2.122699999999999865e-01 -2.122699999999999865e-01 2.738080000000000069e+00
1.213689999999999936e+00 0.000000000000000000e+00 -0.000000000000000000e+00 0.000000000000000000e+00 1.213689999999999936e+00 0.000000000000000000e+00 -0.000000000000000000e+00 0.000000000000000000e+00 1.213689999999999936e+00
3.308110000000000106e+00 0.000000000000000000e+00 -0.000000000000000000e+00 0.000000000000000000e+00 5.589550000000000018e+00 0.000000000000000000e+00 -0.000000000000000000e+00 0.000000000000000000e+00 5.589550000000000018e+00
5.589550000000000018e+00 0.000000000000000000e+00 -0.000000000000000000e+00 0.000000000000000000e+00 5.589550000000000018e+00 0.000000000000000000e+00 -0.000000000000000000e+00 0.000000000000000000e+00 3.308110000000000106e+00
5.589550000000000018e+00 0.000000000000000000e+00 -0.000000000000000000e+00 0.000000000000000000e+00 3.308110000000000106e+00 0.000000000000000000e+00 -0.000000000000000000e+00 0.000000000000000000e+00 5.589550000000000018e+00
-2.045279999999999987e+00 -0.000000000000000000e+00 0.000000000000000000e+00 -0.000000000000000000e+00 -2.045279999999999987e+00 -0.000000000000000000e+00 0.000000000000000000e+00 -0.000000000000000000e+00 -1.933319999999999927e+00
-2.045279999999999987e+00 -0.000000000000000000e+00 0.000000000000000000e+00 -0.000000000000000000e+00 -1.933319999999999927e+00 -0.000000000000000000e+00 0.000000000000000000e+00 -0.000000000000000000e+00 -2.045279999999999987e+00
-2.045279999999999987e+00 -0.000000000000000000e+00 0.000000000000000000e+00 -0.000000000000000000e+00 -1.933319999999999927e+00 -0.000000000000000000e+00 0.000000000000000000e+00 -0.000000000000000000e+00 -2.045279999999999987e+00
-1.933319999999999927e+00 -0.000000000000000000e+00 0.000000000000000000e+00 -0.000000000000000000e+00 -2.045279999999999987e+00 -0.000000000000000000e+00 0.000000000000000000e+00 -0.000000000000000000e+00 -2.045279999999999987e+00
-1.933319999999999927e+00 -0.000000000000000000e+00 0.000000000000000000e+00 -0.000000000000000000e+00 -2.045279999999999987e+00 -0.000000000000000000e+00 0.000000000000000000e+00 -0.000000000000000000e+00 -2.045279999999999987e+00
-2.045279999999999987e+00 -0.000000000000000000e+00 0.000000000000000000e+00 -0.000000000000000000e+00 -2.045279999999999987e+00 -0.000000000000000000e+00 0.000000000000000000e+00 -0.000000000000000000e+00 -1.933319999999999927e+00
-1.681340000000000057e+00 -0.000000000000000000e+00 0.000000000000000000e+00 -0.000000000000000000e+00 -1.681340000000000057e+00 -0.000000000000000000e+00 0.000000000000000000e+00 -0.000000000000000000e+00 -3.940040000000000209e+00
-1.681340000000000057e+00 -0.000000000000000000e+00 0.000000000000000000e+00 -0.000000000000000000e+00 -3.940040000000000209e+00 0.000000000000000000e+00 0.000000000000000000e+00 0.000000000000000000e+00 -1.681340000000000057e+00
-1.681340000000000057e+00 -0.000000000000000000e+00 0.000000000000000000e+00 -0.000000000000000000e+00 -1.681340000000000057e+00 -0.000000000000000000e+00 0.000000000000000000e+00 -0.000000000000000000e+00 -3.940040000000000209e+00
-3.940040000000000209e+00 -0.000000000000000000e+00 0.000000000000000000e+00 -0.000000000000000000e+00 -1.681340000000000057e+00 -0.000000000000000000e+00 0.000000000000000000e+00 -0.000000000000000000e+00 -1.681340000000000057e+00
-3.940040000000000209e+00 -0.000000000000000000e+00 0.000000000000000000e+00 -0.000000000000000000e+00 -1.681340000000000057e+00 -0.000000000000000000e+00 0.000000000000000000e+00 -0.000000000000000000e+00 -1.681340000000000057e+00
-1.681340000000000057e+00 -0.000000000000000000e+00 0.000000000000000000e+00 -0.000000000000000000e+00 -3.940040000000000209e+00 0.000000000000000000e+00 0.000000000000000000e+00 0.000000000000000000e+00 -1.681340000000000057e+00
