-2.087414984477426183e-01
-1.507006599184451956e-01
-6.353864065311305709e-02
9.884705850734489818e-01
1.188114879354731146e+00
1.199120609115431835e+00
1.269193715076405216e+00
1.306084906276975266e+00
1.339415257638175039e+00
1.349884366348962583e+00
1.353890752841468759e+00
1.713047910275275587e+00
1.747955699660743045e+00
1.756958121738333656e+00
1.812148608029067409e+00
1.836175221795755874e+00
1.876873177371778167e+00
1.936340659712504797e+00
1.985961477733666936e+00
2.004006935260778111e+00
2.059187269408087495e+00
2.099358782303654802e+00
2.114139841367554506e+00
2.209713127628645690e+00
2.274057215119526631e+00
2.328684789222171592e+00
2.395653737373613978e+00
2.437297885033321787e+00
2.472229097646660545e+00
2.563098309689376908e+00
2.572509129790949700e+00
2.781359214694702153e+00
2.792340972992326087e+00
2.861923152205957166e+00
2.874242884526327924e+00
2.881667959874759877e+00
3.068001790322900213e+00
3.131596493413626892e+00
3.202682655909125486e+00
3.336888352025674909e+00
3.443582528295841882e+00
3.455936428287950335e+00
3.688771803685297446e+00
3.975567785076278060e+00
3.979922225021932380e+00
4.139025167086314738e+00
4.188202567108745278e+00
4.367844723226510517e+00
4.485345306167230817e+00
4.771762293970576607e+00
4.919573769389576690e+00
5.215528246968740511e+00
5.316628912523182038e+00
5.328744553011883767e+00
7.857878709319617627e+00
8.070015597662887785e+00
8.116880177855582801e+00
8.507821423718610276e+00
8.697934125769460678e+00
8.809396762513111767e+00
9.758638457191970872e+00
9.784442714701116373e+00
1.014301387108618080e+01
1.026124678377985688e+01
1.267387777104233848e+01
1.273025023516573029e+01
1.301665155472205626e+01
1.310955942788848638e+01
1.326241006344147877e+01
1.340849285183291428e+01
1.348304856225808201e+01
1.363050999570525335e+01
1.390848415870807209e+01
1.404766363456471367e+01
1.692581911448878884e+01
1.719297450387606219e+01
2.296535255106231332e+01
2.298702065842438813e+01
2.476560067272425769e+01
2.480074215664026127e+01
2.601929768165353707e+01
2.604895665237980751e+01
2.607222725764194493e+01
2.607832112435798422e+01
2.621163108259049324e+01
2.624899721574914935e+01
2.632015435746547993e+01
2.672111376542112282e+01
2.672394888583264105e+01
2.691034218272158540e+01
