2.091489999999999849e+00 0.000000000000000000e+00 0.000000000000000000e+00 0.000000000000000000e+00 2.091489999999999849e+00 0.000000000000000000e+00 -0.000000000000000000e+00 0.000000000000000000e+00 2.137529999999999930e+00
2.091489999999999849e+00 0.000000000000000000e+00 0.000000000000000000e+00 0.000000000000000000e+00 2.091489999999999849e+00 0.000000000000000000e+00 -0.000000000000000000e+00 0.000000000000000000e+00 2.137529999999999930e+00
1.988059999999999938e+00 0.000000000000000000e+00 0.000000000000000000e+00 0.000000000000000000e+00 1.988059999999999938e+00 -0.000000000000000000e+00 0.000000000000000000e+00 0.000000000000000000e+00 1.814270000000000049e+00
1.988059999999999938e+00 0.000000000000000000e+00 0.000000000000000000e+00 0.000000000000000000e+00 1.988059999999999938e+00 -0.000000000000000000e+00 0.000000000000000000e+00 0.000000000000000000e+00 1.814270000000000049e+00
3.994240000000000013e+00 0.000000000000000000e+00 -0.000000000000000000e+00 0.000000000000000000e+00 3.994240000000000013e+00 0.000000000000000000e+00 -0.000000000000000000e+00 0.000000000000000000e+00 3.429180000000000117e+00
3.994240000000000013e+00 0.000000000000000000e+00 0.000000000000000000e+00 0.000000000000000000e+00 3.994240000000000013e+00 0.000000000000000000e+00 -0.000000000000000000e+00 0.000000000000000000e+00 3.429180000000000117e+00
-3.429199999999999804e+00 1.433829999999999938e+00 -4.579500000000000237e-01 1.433829999999999938e+00 -1.773560000000000025e+00 2.644000000000000239e-01 -4.003399999999999737e-01 2.311400000000000121e-01 -1.645019999999999927e+00
-9.457400000000000251e-01 -0.000000000000000000e+00 -0.000000000000000000e+00 -0.000000000000000000e+00 -4.257019999999999804e+00 -5.287899999999999823e-01 -0.000000000000000000e+00 -4.622700000000000142e-01 -1.645019999999999927e+00
-3.429199999999999804e+00 -1.433829999999999938e+00 4.579500000000000237e-01 -1.433829999999999938e+00 -1.773560000000000025e+00 2.644000000000000239e-01 4.003399999999999737e-01 2.311400000000000121e-01 -1.645019999999999927e+00
-3.429199999999999804e+00 -1.433829999999999938e+00 4.579500000000000237e-01 -1.433829999999999938e+00 -1.773560000000000025e+00 2.644000000000000239e-01 4.003399999999999737e-01 2.311400000000000121e-01 -1.645019999999999927e+00
-9.457400000000000251e-01 -0.000000000000000000e+00 -0.000000000000000000e+00 -0.000000000000000000e+00 -4.257019999999999804e+00 -5.287899999999999823e-01 -0.000000000000000000e+00 -4.622700000000000142e-01 -1.645019999999999927e+00
-3.429199999999999804e+00 1.433829999999999938e+00 -4.579500000000000237e-01 1.433829999999999938e+00 -1.773560000000000025e+00 2.644000000000000239e-01 -4.003399999999999737e-01 2.311400000000000121e-01 -1.645019999999999927e+00
-5.392900000000000471e-01 -0.000000000000000000e+00 0.000000000000000000e+00 -0.000000000000000000e+00 -5.392900000000000471e-01 -0.000000000000000000e+00 0.000000000000000000e+00 0.000000000000000000e+00 -4.891849999999999810e+00
