5.088350000000000151e+00 0.000000000000000000e+00 -1.040800000000000058e-01 0.000000000000000000e+00 4.294179999999999886e+00 0.000000000000000000e+00 7.749999999999999944e-03 0.000000000000000000e+00 4.569560000000000066e+00
5.088350000000000151e+00 0.000000000000000000e+00 -1.040800000000000058e-01 0.000000000000000000e+00 4.294179999999999886e+00 0.000000000000000000e+00 7.749999999999999944e-03 0.000000000000000000e+00 4.569560000000000066e+00
5.874880000000000102e+00 0.000000000000000000e+00 4.364399999999999946e-01 0.000000000000000000e+00 6.057349999999999568e+00 0.000000000000000000e+00 3.238699999999999912e-01 0.000000000000000000e+00 6.989309999999999690e+00
5.874880000000000102e+00 0.000000000000000000e+00 4.364399999999999946e-01 0.000000000000000000e+00 6.057349999999999568e+00 0.000000000000000000e+00 3.238699999999999912e-01 0.000000000000000000e+00 6.989309999999999690e+00
-2.527280000000000193e+00 8.098300000000000498e-01 9.212900000000000533e-01 7.931899999999999507e-01 -2.471179999999999932e+00 3.891000000000000014e-01 9.080799999999999983e-01 5.604799999999999782e-01 -3.209929999999999950e+00
-2.954330000000000123e+00 -1.387320000000000109e+00 -1.087469999999999937e+00 -1.392390000000000017e+00 -2.704579999999999984e+00 -3.620999999999999774e-01 -1.073890000000000011e+00 -2.244099999999999984e-01 -2.569510000000000183e+00
-2.527280000000000193e+00 -8.098300000000000498e-01 9.212900000000000533e-01 -7.931899999999999507e-01 -2.471179999999999932e+00 -3.891000000000000014e-01 9.080799999999999983e-01 -5.604799999999999782e-01 -3.209929999999999950e+00
-2.954330000000000123e+00 -1.387320000000000109e+00 -1.087469999999999937e+00 -1.392390000000000017e+00 -2.704579999999999984e+00 -3.620999999999999774e-01 -1.073890000000000011e+00 -2.244099999999999984e-01 -2.569510000000000183e+00
-2.954330000000000123e+00 1.387320000000000109e+00 -1.087469999999999937e+00 1.392390000000000017e+00 -2.704579999999999984e+00 3.620999999999999774e-01 -1.073890000000000011e+00 2.244099999999999984e-01 -2.569510000000000183e+00
-2.527280000000000193e+00 -8.098300000000000498e-01 9.212900000000000533e-01 -7.931899999999999507e-01 -2.471179999999999932e+00 -3.891000000000000014e-01 9.080799999999999983e-01 -5.604799999999999782e-01 -3.209929999999999950e+00
-2.954330000000000123e+00 1.387320000000000109e+00 -1.087469999999999937e+00 1.392390000000000017e+00 -2.704579999999999984e+00 3.620999999999999774e-01 -1.073890000000000011e+00 2.244099999999999984e-01 -2.569510000000000183e+00
-2.527280000000000193e+00 8.098300000000000498e-01 9.212900000000000533e-01 7.931899999999999507e-01 -2.471179999999999932e+00 3.891000000000000014e-01 9.080799999999999983e-01 5.604799999999999782e-01 -3.209929999999999950e+00
