1.152220000000000022e+00 9.821000000000000563e-02 -1.316999999999999942e-02 7.065000000000000446e-02 1.261279999999999957e+00 1.248900000000000010e-01 -2.401999999999999968e-02 1.204299999999999954e-01 1.346459999999999990e+00
1.141119999999999912e+00 -1.090900000000000064e-01 3.398999999999999938e-02 -8.572000000000000453e-02 1.256950000000000012e+00 1.471999999999999975e-01 4.465999999999999831e-02 1.169199999999999962e-01 1.225470000000000059e+00
1.351679999999999993e+00 -9.450000000000000067e-03 -9.799999999999999684e-04 -3.640000000000000006e-03 9.613500000000000378e-01 -1.732100000000000029e-01 6.190000000000000190e-03 -1.601700000000000068e-01 1.215859999999999941e+00
1.373250000000000082e+00 1.606499999999999873e-01 -4.626999999999999863e-02 1.138900000000000051e-01 1.118500000000000050e+00 1.061999999999999923e-02 -1.231999999999999935e-02 -3.871999999999999748e-02 8.901499999999999968e-01
1.373250000000000082e+00 1.606499999999999873e-01 -4.626999999999999863e-02 1.138900000000000051e-01 1.118500000000000050e+00 1.061999999999999923e-02 -1.231999999999999935e-02 -3.871999999999999748e-02 8.901499999999999968e-01
1.351679999999999993e+00 -9.450000000000000067e-03 -9.799999999999999684e-04 -3.640000000000000006e-03 9.613500000000000378e-01 -1.732100000000000029e-01 6.190000000000000190e-03 -1.601700000000000068e-01 1.215859999999999941e+00
1.141119999999999912e+00 -1.090900000000000064e-01 3.398999999999999938e-02 -8.572000000000000453e-02 1.256950000000000012e+00 1.471999999999999975e-01 4.465999999999999831e-02 1.169199999999999962e-01 1.225470000000000059e+00
1.152220000000000022e+00 9.821000000000000563e-02 -1.316999999999999942e-02 7.065000000000000446e-02 1.261279999999999957e+00 1.248900000000000010e-01 -2.401999999999999968e-02 1.204299999999999954e-01 1.346459999999999990e+00
1.514110000000000067e+00 -6.138799999999999812e-01 2.577999999999999736e-01 -6.772099999999999786e-01 1.073450000000000015e+00 -3.233800000000000008e-01 3.969300000000000050e-01 -1.176100000000000062e-01 1.874330000000000052e+00
1.440379999999999994e+00 -3.721300000000000163e-01 3.991199999999999748e-01 -3.446899999999999964e-01 2.070199999999999818e+00 -2.039600000000000024e-01 4.175200000000000022e-01 -3.420799999999999952e-01 9.899499999999999966e-01
1.440379999999999994e+00 -3.721300000000000163e-01 3.991199999999999748e-01 -3.446899999999999964e-01 2.070199999999999818e+00 -2.039600000000000024e-01 4.175200000000000022e-01 -3.420799999999999952e-01 9.899499999999999966e-01
1.514110000000000067e+00 -6.138799999999999812e-01 2.577999999999999736e-01 -6.772099999999999786e-01 1.073450000000000015e+00 -3.233800000000000008e-01 3.969300000000000050e-01 -1.176100000000000062e-01 1.874330000000000052e+00
-2.219510000000000094e+00 6.480299999999999949e-01 6.718499999999999472e-01 5.192700000000000093e-01 -1.576989999999999892e+00 -3.598899999999999877e-01 2.612200000000000077e-01 -2.642399999999999749e-01 -1.872109999999999941e+00
-1.795889999999999986e+00 -8.658000000000000418e-02 -9.149000000000000465e-01 5.840999999999999664e-02 -1.825760000000000050e+00 6.157599999999999740e-01 -5.887299999999999756e-01 3.270299999999999874e-01 -2.247349999999999959e+00
-1.595900000000000096e+00 7.829300000000000148e-01 3.049600000000000088e-01 3.906499999999999972e-01 -2.673810000000000020e+00 2.483700000000000074e-01 1.176900000000000029e-01 7.118700000000000028e-01 -1.696120000000000072e+00
-2.361460000000000115e+00 -4.986999999999999766e-01 -6.923899999999999499e-01 -4.163000000000000034e-02 -1.665180000000000105e+00 -8.640000000000000457e-02 -6.191400000000000237e-01 -3.534399999999999764e-01 -1.726630000000000109e+00
-2.361460000000000115e+00 -4.986999999999999766e-01 -6.923899999999999499e-01 -4.163000000000000034e-02 -1.665180000000000105e+00 -8.640000000000000457e-02 -6.191400000000000237e-01 -3.534399999999999764e-01 -1.726630000000000109e+00
-1.595900000000000096e+00 7.829300000000000148e-01 3.049600000000000088e-01 3.906499999999999972e-01 -2.673810000000000020e+00 2.483700000000000074e-01 1.176900000000000029e-01 7.118700000000000028e-01 -1.696120000000000072e+00
-1.795889999999999986e+00 -8.658000000000000418e-02 -9.149000000000000465e-01 5.840999999999999664e-02 -1.825760000000000050e+00 6.157599999999999740e-01 -5.887299999999999756e-01 3.270299999999999874e-01 -2.247349999999999959e+00
-2.219510000000000094e+00 6.480299999999999949e-01 6.718499999999999472e-01 5.192700000000000093e-01 -1.576989999999999892e+00 -3.598899999999999877e-01 2.612200000000000077e-01 -2.642399999999999749e-01 -1.872109999999999941e+00
