-6.349735615644620801e-02
-4.153921204371829878e-02
-1.636883370397271276e-02
1.397584053894899148e+00
1.837354968908265107e+00
2.234623896182180047e+00
2.275260194668943470e+00
2.960139777680771189e+00
3.461213398764166005e+00
3.710830148978445653e+00
3.845238794402040750e+00
4.402625381571865226e+00
4.607078107264897859e+00
5.078023516720932662e+00
5.127924082778474002e+00
5.850994739568746716e+00
6.058083588180878110e+00
6.281701459459386960e+00
6.591088422043225314e+00
6.663302364446026083e+00
6.679853635991228167e+00
6.816918507482962575e+00
7.235927130682558328e+00
7.908426337291655450e+00
9.327623061619130240e+00
9.375677401249053133e+00
9.386501890943559800e+00
1.006089456668535398e+01
1.133644963870294298e+01
1.163344645342803219e+01
1.194140428073864513e+01
1.215450924263066135e+01
1.280047047330634413e+01
1.281695847712621905e+01
1.379015445468784762e+01
1.389048426619747545e+01
1.447689755337089679e+01
1.487044516614294665e+01
1.574403984593487138e+01
2.073063319035874486e+01
2.115887109283294265e+01
2.159722362338304080e+01
2.245936433644301289e+01
2.250022503054452727e+01
2.256811234744577632e+01
2.568798418433419073e+01
2.723850956534020185e+01
2.853179930993641022e+01
