2.753659999999999997e+00 0.000000000000000000e+00 0.000000000000000000e+00 0.000000000000000000e+00 2.753659999999999997e+00 -0.000000000000000000e+00 0.000000000000000000e+00 -0.000000000000000000e+00 3.184079999999999799e+00
2.753659999999999997e+00 0.000000000000000000e+00 0.000000000000000000e+00 0.000000000000000000e+00 2.753659999999999997e+00 -0.000000000000000000e+00 0.000000000000000000e+00 -0.000000000000000000e+00 3.184079999999999799e+00
2.699819999999999887e+00 0.000000000000000000e+00 0.000000000000000000e+00 0.000000000000000000e+00 2.699819999999999887e+00 -0.000000000000000000e+00 0.000000000000000000e+00 -0.000000000000000000e+00 2.709550000000000125e+00
3.275389999999999802e+00 0.000000000000000000e+00 0.000000000000000000e+00 0.000000000000000000e+00 3.275389999999999802e+00 -0.000000000000000000e+00 0.000000000000000000e+00 -0.000000000000000000e+00 3.328069999999999862e+00
3.275389999999999802e+00 0.000000000000000000e+00 0.000000000000000000e+00 0.000000000000000000e+00 3.275389999999999802e+00 -0.000000000000000000e+00 0.000000000000000000e+00 -0.000000000000000000e+00 3.328069999999999862e+00
-1.367890000000000050e+00 -0.000000000000000000e+00 -0.000000000000000000e+00 -0.000000000000000000e+00 -1.367890000000000050e+00 0.000000000000000000e+00 -0.000000000000000000e+00 0.000000000000000000e+00 -2.759920000000000151e+00
-1.367890000000000050e+00 -0.000000000000000000e+00 -0.000000000000000000e+00 -0.000000000000000000e+00 -1.367890000000000050e+00 0.000000000000000000e+00 -0.000000000000000000e+00 0.000000000000000000e+00 -2.759920000000000151e+00
-1.641399999999999970e+00 -0.000000000000000000e+00 -0.000000000000000000e+00 -0.000000000000000000e+00 -2.365979999999999972e+00 2.972500000000000142e-01 -0.000000000000000000e+00 3.636599999999999833e-01 -1.702339999999999964e+00
-2.184829999999999828e+00 -3.137499999999999734e-01 -2.574299999999999922e-01 -3.137499999999999734e-01 -1.822540000000000049e+00 -1.486300000000000121e-01 -3.149399999999999977e-01 -1.818299999999999916e-01 -1.702339999999999964e+00
-2.184829999999999828e+00 3.137499999999999734e-01 2.574299999999999922e-01 3.137499999999999734e-01 -1.822540000000000049e+00 -1.486300000000000121e-01 3.149399999999999977e-01 -1.818299999999999916e-01 -1.702339999999999964e+00
-2.184829999999999828e+00 -3.137499999999999734e-01 -2.574299999999999922e-01 -3.137499999999999734e-01 -1.822540000000000049e+00 -1.486300000000000121e-01 -3.149399999999999977e-01 -1.818299999999999916e-01 -1.702339999999999964e+00
-1.641399999999999970e+00 -0.000000000000000000e+00 -0.000000000000000000e+00 -0.000000000000000000e+00 -2.365979999999999972e+00 2.972500000000000142e-01 -0.000000000000000000e+00 3.636599999999999833e-01 -1.702339999999999964e+00
-2.184829999999999828e+00 3.137499999999999734e-01 2.574299999999999922e-01 3.137499999999999734e-01 -1.822540000000000049e+00 -1.486300000000000121e-01 3.149399999999999977e-01 -1.818299999999999916e-01 -1.702339999999999964e+00
