-3.143262207155809312e-02
-1.370076146442286182e-02
-1.370076146402871356e-02
1.963144945845997968e+00
1.963144945846003964e+00
2.048259980029365490e+00
2.048259980029366378e+00
4.057713651314529102e+00
4.448205280224170721e+00
4.448205280224172498e+00
4.582665600455173127e+00
5.201107921480628171e+00
5.201107921480629059e+00
5.295126784014452248e+00
5.533920711662902114e+00
5.533920711662906555e+00
7.315488313901882478e+00
1.456846064478581226e+01
1.523355775304359305e+01
1.767366407250192850e+01
1.767366407250193916e+01
