4.561370000000000147e+00 0.000000000000000000e+00 -1.151999999999999968e-01 0.000000000000000000e+00 3.906950000000000145e+00 -0.000000000000000000e+00 4.270700000000000052e-01 -0.000000000000000000e+00 4.430460000000000065e+00
4.561370000000000147e+00 0.000000000000000000e+00 -1.151999999999999968e-01 0.000000000000000000e+00 3.906950000000000145e+00 -0.000000000000000000e+00 4.270700000000000052e-01 -0.000000000000000000e+00 4.430460000000000065e+00
5.703520000000000145e+00 0.000000000000000000e+00 -7.302400000000000002e-01 0.000000000000000000e+00 5.384079999999999977e+00 -0.000000000000000000e+00 -1.315669999999999895e+00 -0.000000000000000000e+00 5.513200000000000323e+00
5.703520000000000145e+00 0.000000000000000000e+00 -7.302400000000000002e-01 0.000000000000000000e+00 5.384079999999999977e+00 -0.000000000000000000e+00 -1.315669999999999895e+00 -0.000000000000000000e+00 5.513200000000000323e+00
-1.824459999999999971e+00 -1.865600000000000036e-01 4.746999999999999831e-02 -5.791999999999999926e-02 -2.111590000000000078e+00 6.412099999999999467e-01 1.468999999999999993e-02 6.781099999999999905e-01 -3.452840000000000131e+00
-1.824459999999999971e+00 1.865600000000000036e-01 4.746999999999999831e-02 5.791999999999999926e-02 -2.111590000000000078e+00 -6.412099999999999467e-01 1.468999999999999993e-02 -6.781099999999999905e-01 -3.452840000000000131e+00
-1.824459999999999971e+00 -1.865600000000000036e-01 4.746999999999999831e-02 -5.791999999999999926e-02 -2.111590000000000078e+00 6.412099999999999467e-01 1.468999999999999993e-02 6.781099999999999905e-01 -3.452840000000000131e+00
-1.824459999999999971e+00 1.865600000000000036e-01 4.746999999999999831e-02 5.791999999999999926e-02 -2.111590000000000078e+00 -6.412099999999999467e-01 1.468999999999999993e-02 -6.781099999999999905e-01 -3.452840000000000131e+00
-3.307990000000000208e+00 -9.982799999999999452e-01 3.752499999999999725e-01 -1.014590000000000103e+00 -2.533920000000000172e+00 5.697200000000000042e-01 4.296099999999999919e-01 4.356499999999999817e-01 -1.518999999999999906e+00
-3.307990000000000208e+00 9.982799999999999452e-01 3.752499999999999725e-01 1.014590000000000103e+00 -2.533920000000000172e+00 -5.697200000000000042e-01 4.296099999999999919e-01 -4.356499999999999817e-01 -1.518999999999999906e+00
-3.307990000000000208e+00 -9.982799999999999452e-01 3.752499999999999725e-01 -1.014590000000000103e+00 -2.533920000000000172e+00 5.697200000000000042e-01 4.296099999999999919e-01 4.356499999999999817e-01 -1.518999999999999906e+00
-3.307990000000000208e+00 9.982799999999999452e-01 3.752499999999999725e-01 1.014590000000000103e+00 -2.533920000000000172e+00 -5.697200000000000042e-01 4.296099999999999919e-01 -4.356499999999999817e-01 -1.518999999999999906e+00
