1.289770000000000083e+00 8.380999999999999561e-02 -6.257999999999999674e-02 1.479100000000000137e-01 1.109029999999999960e+00 -1.519399999999999917e-01 -1.263299999999999979e-01 -1.842499999999999971e-01 1.193200000000000038e+00
1.351679999999999993e+00 1.353800000000000003e-01 -4.000000000000000083e-02 1.342299999999999882e-01 1.131250000000000089e+00 9.533999999999999420e-02 5.023999999999999994e-02 8.822000000000000675e-02 1.145869999999999944e+00
1.121979999999999977e+00 6.801999999999999713e-02 3.089000000000000079e-02 8.283000000000000085e-02 1.405520000000000103e+00 -2.935000000000000109e-02 4.098999999999999866e-02 4.059999999999999720e-02 1.237200000000000077e+00
1.121979999999999977e+00 -6.801999999999999713e-02 3.089000000000000079e-02 -8.283000000000000085e-02 1.405520000000000103e+00 2.935000000000000109e-02 4.098999999999999866e-02 -4.059999999999999720e-02 1.237200000000000077e+00
1.289770000000000083e+00 -8.380999999999999561e-02 -6.257999999999999674e-02 -1.479100000000000137e-01 1.109029999999999960e+00 1.519399999999999917e-01 -1.263299999999999979e-01 1.842499999999999971e-01 1.193200000000000038e+00
1.351679999999999993e+00 -1.353800000000000003e-01 -4.000000000000000083e-02 -1.342299999999999882e-01 1.131250000000000089e+00 -9.533999999999999420e-02 5.023999999999999994e-02 -8.822000000000000675e-02 1.145869999999999944e+00
1.351679999999999993e+00 -1.353800000000000003e-01 -4.000000000000000083e-02 -1.342299999999999882e-01 1.131250000000000089e+00 -9.533999999999999420e-02 5.023999999999999994e-02 -8.822000000000000675e-02 1.145869999999999944e+00
1.289770000000000083e+00 -8.380999999999999561e-02 -6.257999999999999674e-02 -1.479100000000000137e-01 1.109029999999999960e+00 1.519399999999999917e-01 -1.263299999999999979e-01 1.842499999999999971e-01 1.193200000000000038e+00
1.121979999999999977e+00 -6.801999999999999713e-02 3.089000000000000079e-02 -8.283000000000000085e-02 1.405520000000000103e+00 2.935000000000000109e-02 4.098999999999999866e-02 -4.059999999999999720e-02 1.237200000000000077e+00
1.121979999999999977e+00 6.801999999999999713e-02 3.089000000000000079e-02 8.283000000000000085e-02 1.405520000000000103e+00 -2.935000000000000109e-02 4.098999999999999866e-02 4.059999999999999720e-02 1.237200000000000077e+00
1.351679999999999993e+00 1.353800000000000003e-01 -4.000000000000000083e-02 1.342299999999999882e-01 1.131250000000000089e+00 9.533999999999999420e-02 5.023999999999999994e-02 8.822000000000000675e-02 1.145869999999999944e+00
1.289770000000000083e+00 8.380999999999999561e-02 -6.257999999999999674e-02 1.479100000000000137e-01 1.109029999999999960e+00 -1.519399999999999917e-01 -1.263299999999999979e-01 -1.842499999999999971e-01 1.193200000000000038e+00
2.949219999999999953e+00 3.593999999999999972e-02 8.846999999999999309e-02 7.019000000000000239e-02 2.936580000000000190e+00 1.632800000000000085e-01 4.533000000000000224e-02 1.618999999999999884e-01 3.169550000000000090e+00
2.949219999999999953e+00 -3.593999999999999972e-02 8.846999999999999309e-02 -7.019000000000000239e-02 2.936580000000000190e+00 -1.632800000000000085e-01 4.533000000000000224e-02 -1.618999999999999884e-01 3.169550000000000090e+00
2.949219999999999953e+00 -3.593999999999999972e-02 8.846999999999999309e-02 -7.019000000000000239e-02 2.936580000000000190e+00 -1.632800000000000085e-01 4.533000000000000224e-02 -1.618999999999999884e-01 3.169550000000000090e+00
2.949219999999999953e+00 3.593999999999999972e-02 8.846999999999999309e-02 7.019000000000000239e-02 2.936580000000000190e+00 1.632800000000000085e-01 4.533000000000000224e-02 1.618999999999999884e-01 3.169550000000000090e+00
-9.852499999999999591e-01 -5.161400000000000432e-01 -5.744099999999999762e-01 -5.407699999999999729e-01 -2.797400000000000109e+00 -1.683140000000000081e+00 -6.188500000000000112e-01 -1.631690000000000085e+00 -2.493710000000000093e+00
-1.381860000000000088e+00 -1.119900000000000062e-01 5.336899999999999977e-01 -1.149799999999999989e-01 -1.434809999999999919e+00 3.831600000000000006e-01 5.945200000000000484e-01 4.298299999999999899e-01 -2.829250000000000043e+00
-1.756529999999999925e+00 6.474600000000000355e-01 -3.134600000000000164e-01 7.029100000000000348e-01 -2.429499999999999993e+00 5.057500000000000329e-01 -2.743700000000000028e-01 3.932200000000000140e-01 -1.420409999999999950e+00
-3.081640000000000157e+00 3.165999999999999925e-01 5.018999999999999850e-02 3.454300000000000148e-01 -1.319369999999999932e+00 1.023899999999999949e-01 -2.095999999999999946e-02 9.707999999999999963e-02 -1.249319999999999986e+00
-3.081640000000000157e+00 -3.165999999999999925e-01 5.018999999999999850e-02 -3.454300000000000148e-01 -1.319369999999999932e+00 -1.023899999999999949e-01 -2.095999999999999946e-02 -9.707999999999999963e-02 -1.249319999999999986e+00
-1.756529999999999925e+00 -6.474600000000000355e-01 -3.134600000000000164e-01 -7.029100000000000348e-01 -2.429499999999999993e+00 -5.057500000000000329e-01 -2.743700000000000028e-01 -3.932200000000000140e-01 -1.420409999999999950e+00
-1.381860000000000088e+00 1.119900000000000062e-01 5.336899999999999977e-01 1.149799999999999989e-01 -1.434809999999999919e+00 -3.831600000000000006e-01 5.945200000000000484e-01 -4.298299999999999899e-01 -2.829250000000000043e+00
-9.852499999999999591e-01 5.161400000000000432e-01 -5.744099999999999762e-01 5.407699999999999729e-01 -2.797400000000000109e+00 1.683140000000000081e+00 -6.188500000000000112e-01 1.631690000000000085e+00 -2.493710000000000093e+00
-1.381860000000000088e+00 1.119900000000000062e-01 5.336899999999999977e-01 1.149799999999999989e-01 -1.434809999999999919e+00 -3.831600000000000006e-01 5.945200000000000484e-01 -4.298299999999999899e-01 -2.829250000000000043e+00
-1.756529999999999925e+00 -6.474600000000000355e-01 -3.134600000000000164e-01 -7.029100000000000348e-01 -2.429499999999999993e+00 -5.057500000000000329e-01 -2.743700000000000028e-01 -3.932200000000000140e-01 -1.420409999999999950e+00
-3.081640000000000157e+00 -3.165999999999999925e-01 5.018999999999999850e-02 -3.454300000000000148e-01 -1.319369999999999932e+00 -1.023899999999999949e-01 -2.095999999999999946e-02 -9.707999999999999963e-02 -1.249319999999999986e+00
-3.081640000000000157e+00 3.165999999999999925e-01 5.018999999999999850e-02 3.454300000000000148e-01 -1.319369999999999932e+00 1.023899999999999949e-01 -2.095999999999999946e-02 9.707999999999999963e-02 -1.249319999999999986e+00
-1.756529999999999925e+00 6.474600000000000355e-01 -3.134600000000000164e-01 7.029100000000000348e-01 -2.429499999999999993e+00 5.057500000000000329e-01 -2.743700000000000028e-01 3.932200000000000140e-01 -1.420409999999999950e+00
-1.381860000000000088e+00 -1.119900000000000062e-01 5.336899999999999977e-01 -1.149799999999999989e-01 -1.434809999999999919e+00 3.831600000000000006e-01 5.945200000000000484e-01 4.298299999999999899e-01 -2.829250000000000043e+00
