1.186549999999999994e+00 -0.000000000000000000e+00 0.000000000000000000e+00 -0.000000000000000000e+00 1.186549999999999994e+00 -0.000000000000000000e+00 0.000000000000000000e+00 0.000000000000000000e+00 1.347339999999999982e+00
1.186549999999999994e+00 -0.000000000000000000e+00 0.000000000000000000e+00 -0.000000000000000000e+00 1.186549999999999994e+00 -0.000000000000000000e+00 0.000000000000000000e+00 0.000000000000000000e+00 1.347339999999999982e+00
1.297460000000000058e+00 -0.000000000000000000e+00 0.000000000000000000e+00 -0.000000000000000000e+00 1.297460000000000058e+00 0.000000000000000000e+00 0.000000000000000000e+00 0.000000000000000000e+00 1.314559999999999951e+00
5.360280000000000378e+00 -0.000000000000000000e+00 -0.000000000000000000e+00 -0.000000000000000000e+00 5.360280000000000378e+00 0.000000000000000000e+00 0.000000000000000000e+00 0.000000000000000000e+00 4.276760000000000339e+00
3.465800000000000214e+00 -0.000000000000000000e+00 0.000000000000000000e+00 -0.000000000000000000e+00 3.465800000000000214e+00 0.000000000000000000e+00 0.000000000000000000e+00 -0.000000000000000000e+00 3.197769999999999779e+00
3.465800000000000214e+00 -0.000000000000000000e+00 -0.000000000000000000e+00 -0.000000000000000000e+00 3.465800000000000214e+00 0.000000000000000000e+00 0.000000000000000000e+00 -0.000000000000000000e+00 3.197769999999999779e+00
-6.711399999999999588e-01 0.000000000000000000e+00 0.000000000000000000e+00 0.000000000000000000e+00 -6.711399999999999588e-01 0.000000000000000000e+00 -0.000000000000000000e+00 -0.000000000000000000e+00 -3.059719999999999995e+00
-6.711399999999999588e-01 0.000000000000000000e+00 0.000000000000000000e+00 0.000000000000000000e+00 -6.711399999999999588e-01 0.000000000000000000e+00 -0.000000000000000000e+00 -0.000000000000000000e+00 -3.059719999999999995e+00
-3.090619999999999923e+00 1.132630000000000026e+00 1.115920000000000023e+00 1.132630000000000026e+00 -1.782769999999999966e+00 -6.442799999999999638e-01 9.095600000000000351e-01 -5.251400000000000512e-01 -1.427009999999999890e+00
-3.090619999999999923e+00 1.132630000000000026e+00 1.115920000000000023e+00 1.132630000000000026e+00 -1.782769999999999966e+00 -6.442799999999999638e-01 9.095600000000000351e-01 -5.251400000000000512e-01 -1.427009999999999890e+00
-1.128849999999999909e+00 0.000000000000000000e+00 -0.000000000000000000e+00 0.000000000000000000e+00 -3.744540000000000202e+00 1.288550000000000084e+00 -0.000000000000000000e+00 1.050270000000000037e+00 -1.427009999999999890e+00
-1.128849999999999909e+00 0.000000000000000000e+00 -0.000000000000000000e+00 0.000000000000000000e+00 -3.744540000000000202e+00 1.288550000000000084e+00 -0.000000000000000000e+00 1.050270000000000037e+00 -1.427009999999999890e+00
-3.090619999999999923e+00 -1.132630000000000026e+00 -1.115920000000000023e+00 -1.132630000000000026e+00 -1.782769999999999966e+00 -6.442799999999999638e-01 -9.095600000000000351e-01 -5.251400000000000512e-01 -1.427009999999999890e+00
-3.090619999999999923e+00 -1.132630000000000026e+00 -1.115920000000000023e+00 -1.132630000000000026e+00 -1.782769999999999966e+00 -6.442799999999999638e-01 -9.095600000000000351e-01 -5.251400000000000512e-01 -1.427009999999999890e+00
