-5.927272511158904189e-02
-5.927262630662317316e-02
-2.567120752658917995e-02
1.563785638391867794e+00
1.563785638545518220e+00
1.781123085231482106e+00
1.895120241524140159e+00
1.895120242660330856e+00
1.973774802634285175e+00
1.973774803006053347e+00
2.252139945198413873e+00
2.333141635708041228e+00
2.333141642514155567e+00
2.356107244178968330e+00
2.384955935084675183e+00
3.207432202380732011e+00
3.207432203493740364e+00
3.876101907655047807e+00
3.876101908016480913e+00
4.317461535580670251e+00
4.396940781168312107e+00
4.520212099870578371e+00
4.572685672055427197e+00
4.572685673094476044e+00
4.926153170458555053e+00
4.926153171481293391e+00
5.165443935600753100e+00
5.480494107571099782e+00
5.480494108424169397e+00
5.781223731431152757e+00
5.781223732018205830e+00
6.456158434151347159e+00
6.456158436342087192e+00
6.932730388521153309e+00
7.486468547380850325e+00
7.596486287519091718e+00
8.031452695394941443e+00
8.031452696165811034e+00
8.762875399394427944e+00
8.762875399725876591e+00
8.853784396389370315e+00
9.588583754715363838e+00
9.827632480415081417e+00
9.827632480836291151e+00
1.007557978485428762e+01
1.015002843217439654e+01
1.015002843300318602e+01
1.016531056204852312e+01
1.016531056250393306e+01
1.048772695194030469e+01
1.062050845225566142e+01
1.062050845300988300e+01
1.211450735769705567e+01
1.211450735819662761e+01
1.254386604971872288e+01
1.254386605017273126e+01
1.274318169131432121e+01
1.345334045534684897e+01
1.471264870516385770e+01
1.471264870547317116e+01
1.507972240022933974e+01
1.507972240057402580e+01
1.583878261090089445e+01
1.598704783931511741e+01
1.604991152386397602e+01
1.683095005212279816e+01
1.815099240156382976e+01
1.838252746737397203e+01
2.091796238467934188e+01
2.091796238529130392e+01
2.094186382433532501e+01
2.094186382462908469e+01
2.720048627986449219e+01
2.720048628011753777e+01
2.737845836430257052e+01
2.737845836437255898e+01
2.754825713872189041e+01
2.756694176810094277e+01
2.865138693566855821e+01
2.902381905185750099e+01
2.902381905203928980e+01
2.911495938401487393e+01
2.911495938418930152e+01
2.945588091799368868e+01
2.945588091841336009e+01
2.953555005188652771e+01
2.953555005199803318e+01
2.959613210516604553e+01
3.118349465081350758e+01
3.390815975685458739e+01
