3.884809999999999874e+00 6.375000000000000111e-02 6.375000000000000111e-02 6.375000000000000111e-02 3.884809999999999874e+00 6.375000000000000111e-02 6.375000000000000111e-02 6.375000000000000111e-02 3.884809999999999874e+00
3.884809999999999874e+00 -6.375000000000000111e-02 -6.375000000000000111e-02 -6.375000000000000111e-02 3.884809999999999874e+00 6.375000000000000111e-02 -6.375000000000000111e-02 6.375000000000000111e-02 3.884809999999999874e+00
3.884809999999999874e+00 -6.375000000000000111e-02 6.375000000000000111e-02 -6.375000000000000111e-02 3.884809999999999874e+00 -6.375000000000000111e-02 6.375000000000000111e-02 -6.375000000000000111e-02 3.884809999999999874e+00
3.884809999999999874e+00 6.375000000000000111e-02 -6.375000000000000111e-02 6.375000000000000111e-02 3.884809999999999874e+00 -6.375000000000000111e-02 -6.375000000000000111e-02 -6.375000000000000111e-02 3.884809999999999874e+00
4.088440000000000296e+00 -2.365700000000000025e-01 -2.365700000000000025e-01 -2.365700000000000025e-01 4.088440000000000296e+00 -2.365700000000000025e-01 -2.365700000000000025e-01 -2.365700000000000025e-01 4.088440000000000296e+00
4.088440000000000296e+00 2.365700000000000025e-01 2.365700000000000025e-01 2.365700000000000025e-01 4.088440000000000296e+00 -2.365700000000000025e-01 2.365700000000000025e-01 -2.365700000000000025e-01 4.088440000000000296e+00
4.088440000000000296e+00 2.365700000000000025e-01 -2.365700000000000025e-01 2.365700000000000025e-01 4.088440000000000296e+00 2.365700000000000025e-01 -2.365700000000000025e-01 2.365700000000000025e-01 4.088440000000000296e+00
4.088440000000000296e+00 -2.365700000000000025e-01 2.365700000000000025e-01 -2.365700000000000025e-01 4.088440000000000296e+00 2.365700000000000025e-01 2.365700000000000025e-01 2.365700000000000025e-01 4.088440000000000296e+00
-2.620449999999999946e+00 -0.000000000000000000e+00 0.000000000000000000e+00 -0.000000000000000000e+00 -2.620449999999999946e+00 0.000000000000000000e+00 0.000000000000000000e+00 -0.000000000000000000e+00 -2.620449999999999946e+00
-2.620449999999999946e+00 -0.000000000000000000e+00 0.000000000000000000e+00 -0.000000000000000000e+00 -2.620449999999999946e+00 0.000000000000000000e+00 0.000000000000000000e+00 -0.000000000000000000e+00 -2.620449999999999946e+00
-2.253029999999999866e+00 -0.000000000000000000e+00 2.450499999999999901e-01 -0.000000000000000000e+00 -2.156979999999999897e+00 0.000000000000000000e+00 2.450499999999999901e-01 0.000000000000000000e+00 -2.253029999999999866e+00
-2.253029999999999866e+00 -0.000000000000000000e+00 -2.450499999999999901e-01 -0.000000000000000000e+00 -2.156979999999999897e+00 -0.000000000000000000e+00 -2.450499999999999901e-01 -0.000000000000000000e+00 -2.253029999999999866e+00
-2.253029999999999866e+00 2.450499999999999901e-01 0.000000000000000000e+00 2.450499999999999901e-01 -2.253029999999999866e+00 -0.000000000000000000e+00 0.000000000000000000e+00 -0.000000000000000000e+00 -2.156979999999999897e+00
-2.156979999999999897e+00 -0.000000000000000000e+00 0.000000000000000000e+00 -0.000000000000000000e+00 -2.253029999999999866e+00 2.450499999999999901e-01 0.000000000000000000e+00 2.450499999999999901e-01 -2.253029999999999866e+00
-2.156979999999999897e+00 -0.000000000000000000e+00 0.000000000000000000e+00 -0.000000000000000000e+00 -2.253029999999999866e+00 -2.450499999999999901e-01 0.000000000000000000e+00 -2.450499999999999901e-01 -2.253029999999999866e+00
-2.253029999999999866e+00 -2.450499999999999901e-01 0.000000000000000000e+00 -2.450499999999999901e-01 -2.253029999999999866e+00 0.000000000000000000e+00 0.000000000000000000e+00 0.000000000000000000e+00 -2.156979999999999897e+00
-2.253029999999999866e+00 -0.000000000000000000e+00 -2.450499999999999901e-01 -0.000000000000000000e+00 -2.156979999999999897e+00 -0.000000000000000000e+00 -2.450499999999999901e-01 -0.000000000000000000e+00 -2.253029999999999866e+00
-2.156979999999999897e+00 -0.000000000000000000e+00 0.000000000000000000e+00 -0.000000000000000000e+00 -2.253029999999999866e+00 -2.450499999999999901e-01 0.000000000000000000e+00 -2.450499999999999901e-01 -2.253029999999999866e+00
-2.156979999999999897e+00 -0.000000000000000000e+00 0.000000000000000000e+00 -0.000000000000000000e+00 -2.253029999999999866e+00 2.450499999999999901e-01 0.000000000000000000e+00 2.450499999999999901e-01 -2.253029999999999866e+00
-2.253029999999999866e+00 -0.000000000000000000e+00 2.450499999999999901e-01 -0.000000000000000000e+00 -2.156979999999999897e+00 0.000000000000000000e+00 2.450499999999999901e-01 0.000000000000000000e+00 -2.253029999999999866e+00
-2.253029999999999866e+00 -2.450499999999999901e-01 0.000000000000000000e+00 -2.450499999999999901e-01 -2.253029999999999866e+00 0.000000000000000000e+00 0.000000000000000000e+00 0.000000000000000000e+00 -2.156979999999999897e+00
-2.253029999999999866e+00 2.450499999999999901e-01 0.000000000000000000e+00 2.450499999999999901e-01 -2.253029999999999866e+00 -0.000000000000000000e+00 0.000000000000000000e+00 -0.000000000000000000e+00 -2.156979999999999897e+00
