3.341079999999999828e+00 0.000000000000000000e+00 0.000000000000000000e+00 0.000000000000000000e+00 3.799749999999999961e+00 -2.534100000000000241e-01 0.000000000000000000e+00 -2.891900000000000026e-01 3.538069999999999826e+00
3.341079999999999828e+00 0.000000000000000000e+00 0.000000000000000000e+00 0.000000000000000000e+00 3.799749999999999961e+00 2.534100000000000241e-01 0.000000000000000000e+00 2.891900000000000026e-01 3.538069999999999826e+00
2.387589999999999879e+00 -1.814099999999999879e-01 1.182000000000000065e-02 1.475100000000000022e-01 2.818550000000000111e+00 1.915600000000000080e-01 -1.265100000000000113e-01 1.051699999999999996e-01 2.653849999999999820e+00
3.114360000000000017e+00 -2.245499999999999996e-01 -3.599999999999999728e-02 -2.226100000000000023e-01 2.161010000000000097e+00 7.505000000000000560e-02 -1.390800000000000092e-01 1.269899999999999918e-01 2.427420000000000133e+00
3.114360000000000017e+00 -2.245499999999999996e-01 3.599999999999999728e-02 -2.226100000000000023e-01 2.161010000000000097e+00 -7.505000000000000560e-02 1.390800000000000092e-01 -1.269899999999999918e-01 2.427420000000000133e+00
2.387589999999999879e+00 -1.814099999999999879e-01 -1.182000000000000065e-02 1.475100000000000022e-01 2.818550000000000111e+00 -1.915600000000000080e-01 1.265100000000000113e-01 -1.051699999999999996e-01 2.653849999999999820e+00
2.387589999999999879e+00 1.814099999999999879e-01 1.182000000000000065e-02 -1.475100000000000022e-01 2.818550000000000111e+00 -1.915600000000000080e-01 -1.265100000000000113e-01 -1.051699999999999996e-01 2.653849999999999820e+00
2.387589999999999879e+00 1.814099999999999879e-01 -1.182000000000000065e-02 -1.475100000000000022e-01 2.818550000000000111e+00 1.915600000000000080e-01 1.265100000000000113e-01 1.051699999999999996e-01 2.653849999999999820e+00
3.114360000000000017e+00 2.245499999999999996e-01 3.599999999999999728e-02 2.226100000000000023e-01 2.161010000000000097e+00 7.505000000000000560e-02 1.390800000000000092e-01 1.269899999999999918e-01 2.427420000000000133e+00
3.114360000000000017e+00 2.245499999999999996e-01 -3.599999999999999728e-02 2.226100000000000023e-01 2.161010000000000097e+00 -7.505000000000000560e-02 -1.390800000000000092e-01 -1.269899999999999918e-01 2.427420000000000133e+00
-2.320479999999999876e+00 0.000000000000000000e+00 0.000000000000000000e+00 0.000000000000000000e+00 -1.924069999999999947e+00 -5.019900000000000473e-01 0.000000000000000000e+00 -5.025100000000000122e-01 -1.693500000000000005e+00
-2.320479999999999876e+00 0.000000000000000000e+00 0.000000000000000000e+00 0.000000000000000000e+00 -1.924069999999999947e+00 5.019900000000000473e-01 0.000000000000000000e+00 5.025100000000000122e-01 -1.693500000000000005e+00
-1.719510000000000094e+00 3.644299999999999762e-01 -3.265899999999999914e-01 3.603899999999999881e-01 -1.795420000000000016e+00 -1.479300000000000059e-01 -2.717100000000000071e-01 -1.121999999999999942e-01 -2.087450000000000028e+00
-1.719510000000000094e+00 3.644299999999999762e-01 3.265899999999999914e-01 3.603899999999999881e-01 -1.795420000000000016e+00 1.479300000000000059e-01 2.717100000000000071e-01 1.121999999999999942e-01 -2.087450000000000028e+00
-1.719510000000000094e+00 -3.644299999999999762e-01 -3.265899999999999914e-01 -3.603899999999999881e-01 -1.795420000000000016e+00 1.479300000000000059e-01 -2.717100000000000071e-01 1.121999999999999942e-01 -2.087450000000000028e+00
-1.719510000000000094e+00 -3.644299999999999762e-01 3.265899999999999914e-01 -3.603899999999999881e-01 -1.795420000000000016e+00 -1.479300000000000059e-01 2.717100000000000071e-01 -1.121999999999999942e-01 -2.087450000000000028e+00
-2.224779999999999980e+00 -2.853200000000000180e-01 4.474899999999999989e-01 -3.723400000000000043e-01 -2.367350000000000065e+00 -3.625099999999999989e-01 4.720599999999999796e-01 -2.835199999999999942e-01 -1.728969999999999896e+00
-2.224779999999999980e+00 -2.853200000000000180e-01 -4.474899999999999989e-01 -3.723400000000000043e-01 -2.367350000000000065e+00 3.625099999999999989e-01 -4.720599999999999796e-01 2.835199999999999942e-01 -1.728969999999999896e+00
-2.224779999999999980e+00 2.853200000000000180e-01 4.474899999999999989e-01 3.723400000000000043e-01 -2.367350000000000065e+00 3.625099999999999989e-01 4.720599999999999796e-01 2.835199999999999942e-01 -1.728969999999999896e+00
-2.224779999999999980e+00 2.853200000000000180e-01 -4.474899999999999989e-01 3.723400000000000043e-01 -2.367350000000000065e+00 -3.625099999999999989e-01 -4.720599999999999796e-01 -2.835199999999999942e-01 -1.728969999999999896e+00
-2.067959999999999798e+00 1.774999999999999842e-02 3.020800000000000152e-01 7.779999999999999589e-03 -1.754620000000000068e+00 -4.672000000000000042e-01 1.652099999999999957e-01 -4.455299999999999816e-01 -2.187129999999999797e+00
-2.067959999999999798e+00 1.774999999999999842e-02 -3.020800000000000152e-01 7.779999999999999589e-03 -1.754620000000000068e+00 4.672000000000000042e-01 -1.652099999999999957e-01 4.455299999999999816e-01 -2.187129999999999797e+00
-2.067959999999999798e+00 -1.774999999999999842e-02 3.020800000000000152e-01 -7.779999999999999589e-03 -1.754620000000000068e+00 4.672000000000000042e-01 1.652099999999999957e-01 4.455299999999999816e-01 -2.187129999999999797e+00
-2.067959999999999798e+00 -1.774999999999999842e-02 -3.020800000000000152e-01 -7.779999999999999589e-03 -1.754620000000000068e+00 -4.672000000000000042e-01 -1.652099999999999957e-01 -4.455299999999999816e-01 -2.187129999999999797e+00
