1.385690000000000088e+00 -2.867500000000000049e-01 0.000000000000000000e+00 -3.180000000000000188e-02 9.844100000000000072e-01 0.000000000000000000e+00 0.000000000000000000e+00 0.000000000000000000e+00 9.598499999999999810e-01
9.844100000000000072e-01 3.180000000000000188e-02 -0.000000000000000000e+00 2.867500000000000049e-01 1.385690000000000088e+00 -0.000000000000000000e+00 0.000000000000000000e+00 0.000000000000000000e+00 9.598499999999999810e-01
9.436799999999999633e-01 -3.201399999999999801e-01 0.000000000000000000e+00 -3.201399999999999801e-01 9.436799999999999633e-01 -0.000000000000000000e+00 0.000000000000000000e+00 0.000000000000000000e+00 1.073260000000000103e+00
9.436799999999999633e-01 3.201399999999999801e-01 0.000000000000000000e+00 3.201399999999999801e-01 9.436799999999999633e-01 0.000000000000000000e+00 0.000000000000000000e+00 0.000000000000000000e+00 1.073260000000000103e+00
9.844100000000000072e-01 -3.180000000000000188e-02 0.000000000000000000e+00 -2.867500000000000049e-01 1.385690000000000088e+00 0.000000000000000000e+00 0.000000000000000000e+00 0.000000000000000000e+00 9.598499999999999810e-01
1.385690000000000088e+00 2.867500000000000049e-01 0.000000000000000000e+00 3.180000000000000188e-02 9.844100000000000072e-01 0.000000000000000000e+00 0.000000000000000000e+00 0.000000000000000000e+00 9.598499999999999810e-01
1.385690000000000088e+00 2.867500000000000049e-01 -0.000000000000000000e+00 3.180000000000000188e-02 9.844100000000000072e-01 -0.000000000000000000e+00 0.000000000000000000e+00 0.000000000000000000e+00 9.598499999999999810e-01
9.844100000000000072e-01 -3.180000000000000188e-02 -0.000000000000000000e+00 -2.867500000000000049e-01 1.385690000000000088e+00 0.000000000000000000e+00 0.000000000000000000e+00 0.000000000000000000e+00 9.598499999999999810e-01
9.436799999999999633e-01 3.201399999999999801e-01 0.000000000000000000e+00 3.201399999999999801e-01 9.436799999999999633e-01 0.000000000000000000e+00 0.000000000000000000e+00 0.000000000000000000e+00 1.073260000000000103e+00
9.436799999999999633e-01 -3.201399999999999801e-01 0.000000000000000000e+00 -3.201399999999999801e-01 9.436799999999999633e-01 -0.000000000000000000e+00 0.000000000000000000e+00 0.000000000000000000e+00 1.073260000000000103e+00
9.844100000000000072e-01 3.180000000000000188e-02 0.000000000000000000e+00 2.867500000000000049e-01 1.385690000000000088e+00 0.000000000000000000e+00 0.000000000000000000e+00 0.000000000000000000e+00 9.598499999999999810e-01
1.385690000000000088e+00 -2.867500000000000049e-01 0.000000000000000000e+00 -3.180000000000000188e-02 9.844100000000000072e-01 0.000000000000000000e+00 0.000000000000000000e+00 0.000000000000000000e+00 9.598499999999999810e-01
2.097859999999999836e+00 6.338899999999999535e-01 -0.000000000000000000e+00 6.338899999999999535e-01 2.097859999999999836e+00 0.000000000000000000e+00 0.000000000000000000e+00 0.000000000000000000e+00 -6.808300000000000463e-01
2.097859999999999836e+00 -6.338899999999999535e-01 0.000000000000000000e+00 -6.338899999999999535e-01 2.097859999999999836e+00 -0.000000000000000000e+00 0.000000000000000000e+00 0.000000000000000000e+00 -6.808300000000000463e-01
2.097859999999999836e+00 -6.338899999999999535e-01 0.000000000000000000e+00 -6.338899999999999535e-01 2.097859999999999836e+00 -0.000000000000000000e+00 0.000000000000000000e+00 0.000000000000000000e+00 -6.808300000000000463e-01
2.097859999999999836e+00 6.338899999999999535e-01 -0.000000000000000000e+00 6.338899999999999535e-01 2.097859999999999836e+00 0.000000000000000000e+00 0.000000000000000000e+00 0.000000000000000000e+00 -6.808300000000000463e-01
-1.890300000000000091e+00 -2.210900000000000087e-01 -0.000000000000000000e+00 -2.210900000000000087e-01 -1.890300000000000091e+00 0.000000000000000000e+00 0.000000000000000000e+00 0.000000000000000000e+00 -4.510199999999999765e-01
-2.458070000000000199e+00 -6.309999999999999637e-03 -0.000000000000000000e+00 -3.960199999999999831e-01 -1.063269999999999937e+00 -0.000000000000000000e+00 0.000000000000000000e+00 0.000000000000000000e+00 -9.305600000000000538e-01
-1.063269999999999937e+00 3.960199999999999831e-01 0.000000000000000000e+00 6.309999999999999637e-03 -2.458070000000000199e+00 -0.000000000000000000e+00 0.000000000000000000e+00 0.000000000000000000e+00 -9.305600000000000538e-01
-1.063269999999999937e+00 -3.960199999999999831e-01 0.000000000000000000e+00 -6.309999999999999637e-03 -2.458070000000000199e+00 0.000000000000000000e+00 0.000000000000000000e+00 0.000000000000000000e+00 -9.305600000000000538e-01
-2.458070000000000199e+00 6.309999999999999637e-03 -0.000000000000000000e+00 3.960199999999999831e-01 -1.063269999999999937e+00 -0.000000000000000000e+00 0.000000000000000000e+00 0.000000000000000000e+00 -9.305600000000000538e-01
-1.890300000000000091e+00 2.210900000000000087e-01 0.000000000000000000e+00 2.210900000000000087e-01 -1.890300000000000091e+00 0.000000000000000000e+00 0.000000000000000000e+00 0.000000000000000000e+00 -4.510199999999999765e-01
-1.890300000000000091e+00 2.210900000000000087e-01 0.000000000000000000e+00 2.210900000000000087e-01 -1.890300000000000091e+00 0.000000000000000000e+00 0.000000000000000000e+00 0.000000000000000000e+00 -4.510199999999999765e-01
-2.458070000000000199e+00 6.309999999999999637e-03 -0.000000000000000000e+00 3.960199999999999831e-01 -1.063269999999999937e+00 -0.000000000000000000e+00 0.000000000000000000e+00 0.000000000000000000e+00 -9.305600000000000538e-01
-1.063269999999999937e+00 -3.960199999999999831e-01 0.000000000000000000e+00 -6.309999999999999637e-03 -2.458070000000000199e+00 0.000000000000000000e+00 0.000000000000000000e+00 0.000000000000000000e+00 -9.305600000000000538e-01
-1.063269999999999937e+00 3.960199999999999831e-01 0.000000000000000000e+00 6.309999999999999637e-03 -2.458070000000000199e+00 -0.000000000000000000e+00 0.000000000000000000e+00 0.000000000000000000e+00 -9.305600000000000538e-01
-2.458070000000000199e+00 -6.309999999999999637e-03 -0.000000000000000000e+00 -3.960199999999999831e-01 -1.063269999999999937e+00 -0.000000000000000000e+00 0.000000000000000000e+00 0.000000000000000000e+00 -9.305600000000000538e-01
-1.890300000000000091e+00 -2.210900000000000087e-01 0.000000000000000000e+00 -2.210900000000000087e-01 -1.890300000000000091e+00 0.000000000000000000e+00 0.000000000000000000e+00 0.000000000000000000e+00 -4.510199999999999765e-01
