-7.783182216307366064e-02
-6.357884715673439713e-02
-2.516915118173974550e-02
2.158386149454787795e+00
2.214172226066133842e+00
2.459963000063560390e+00
2.948069842474590363e+00
2.986887053330035791e+00
3.101572753079879341e+00
3.126574463226577727e+00
3.554556529952939137e+00
3.702250253699981730e+00
3.912842970386176678e+00
3.920954679218117800e+00
4.504128342561823040e+00
4.656842021457626934e+00
4.865220473113188504e+00
5.147732731154440522e+00
5.382917705902602101e+00
5.435100654192383196e+00
5.711752312449396740e+00
6.102829637237882743e+00
6.364189370293633630e+00
6.595529368979542895e+00
7.183167980563458954e+00
7.501306429526146680e+00
7.533965209470791180e+00
7.577966938002734132e+00
7.635548670996435305e+00
8.319333681646023493e+00
8.738666229080299885e+00
8.871209648488569854e+00
8.948033705028663576e+00
8.981509636871269464e+00
9.337166480644114586e+00
9.926652487446808948e+00
1.033676745327592350e+01
1.049233575476719693e+01
1.052493371389860677e+01
1.059413454595005177e+01
1.085539425462226149e+01
1.086326264433390776e+01
1.114779576458732357e+01
1.115039948185348884e+01
1.123025011246279092e+01
1.205568157580734656e+01
1.282765176753811964e+01
1.328276453876274843e+01
1.328402205382292323e+01
1.389297092369782760e+01
1.579028906631101670e+01
1.593169457775747766e+01
2.122620409051389601e+01
2.285803002402242612e+01
2.287318807897340278e+01
2.397025360843441177e+01
2.512662571467977202e+01
2.521278197320632586e+01
2.585830323536116282e+01
2.635823252861969124e+01
2.653601386897353720e+01
2.767032161038322258e+01
2.809682103785059937e+01
2.836870042871590059e+01
2.877045745263297860e+01
2.960423616149908810e+01
