-1.201964077983579543e-01
-3.823229570694478691e-02
-3.517936701891052897e-02
1.579036158341723839e+00
1.738630121323864852e+00
1.782501638729787174e+00
1.993929707496388870e+00
2.004159326288679654e+00
2.461402677095163583e+00
2.717093187708948587e+00
2.847727785331518824e+00
3.211822641172596082e+00
3.865503354679214354e+00
3.949717095908093167e+00
4.088224926912805479e+00
4.090214020161066166e+00
4.536998703404417910e+00
4.574962542901616303e+00
4.804718395164640832e+00
5.129979913515848367e+00
5.149713384689904139e+00
5.207194011089312902e+00
5.228134287595059604e+00
5.459654320022537810e+00
5.482109403641367784e+00
5.566100197812899886e+00
5.659206583031727966e+00
5.709264247173078566e+00
5.729518794317889352e+00
5.762529976066018911e+00
5.867718971519678028e+00
6.022488129002754320e+00
6.108267273591085456e+00
6.354747009482632158e+00
6.379088124485410738e+00
6.443945064012450707e+00
6.539748231427311431e+00
6.617109041356018295e+00
6.940481208966063242e+00
7.008868597392928557e+00
7.028945540184031948e+00
7.038554817020004961e+00
7.642115807026762297e+00
8.041669317704647213e+00
8.266819694825381148e+00
8.319402686180316309e+00
8.551203891008173130e+00
8.602714815928310443e+00
9.434723762405804237e+00
9.645024088525861572e+00
9.914506089326673433e+00
1.030124589702312221e+01
1.049840290545252586e+01
1.091820175272872717e+01
1.098501051728345601e+01
1.115447903417735098e+01
1.116146888934590820e+01
1.143904573461425223e+01
1.157610281683865594e+01
1.227136353204460661e+01
1.246039657862605665e+01
1.265588095438565297e+01
1.599597477869644813e+01
1.600893964713825568e+01
2.059348756021610427e+01
2.196899795914446685e+01
2.454669692689581240e+01
2.457474674551016491e+01
2.486758627049384174e+01
2.487164492068423627e+01
2.553755985829204889e+01
2.566658134251193957e+01
2.568800885423831559e+01
2.578653608614817472e+01
2.579611606629349652e+01
2.602554960565680986e+01
2.607577222276226081e+01
2.618224641987083245e+01
