-2.746041714905292364e-01
-1.061611708676953175e-01
-8.508956210957957511e-02
1.428580473757078861e+00
1.568476059747167417e+00
1.632728373000236655e+00
1.826330575224540231e+00
1.990436092920342848e+00
2.142098106996969342e+00
2.853322750759191617e+00
2.871207096327257347e+00
3.399125872926743952e+00
3.807173321507703712e+00
3.807761337058823692e+00
3.869419530110427274e+00
4.240442512285716781e+00
4.425195701887092881e+00
4.646718691722148797e+00
4.898590766740981373e+00
5.238712895358935029e+00
5.702188115101079369e+00
5.925220443156524297e+00
6.234960328662886297e+00
6.412775810832623158e+00
6.480272833762479756e+00
6.532533398307275085e+00
6.740855761696730397e+00
7.152561673973877987e+00
7.330431133296321455e+00
7.654223513851682981e+00
8.098175288297975172e+00
8.208211711450918102e+00
8.551733976217922972e+00
8.896774870704550864e+00
8.948255913863885525e+00
9.279972165906533732e+00
9.639744944758652068e+00
9.914365264604688477e+00
1.032392110585895573e+01
1.041091201576499792e+01
1.059330316756770607e+01
1.071490107280510529e+01
1.130283353854244766e+01
1.168952685098930822e+01
1.206877450282339126e+01
1.211763037891484807e+01
1.222031243463112204e+01
1.268597922905441244e+01
1.306945075357032771e+01
1.385297397673149433e+01
1.441519226371955043e+01
1.492999524447345472e+01
1.513241451322293152e+01
1.524896114494361221e+01
1.591872862385686815e+01
1.658198772765195272e+01
1.677034039606829197e+01
1.680362651334526802e+01
1.684320355514354262e+01
1.871669703767200588e+01
1.921897002963478229e+01
1.953241257499953676e+01
2.215128580918046808e+01
2.331036829395880616e+01
2.381755774633495193e+01
2.442829758701985199e+01
