-3.935606066351473448e-02
-2.710059261112703413e-02
-2.039043607488084942e-02
4.204934627140196390e+00
4.491066434877596159e+00
5.305471922351980396e+00
5.929163237298664235e+00
7.119634109669134681e+00
7.317938485742532251e+00
8.011140545700742521e+00
8.286843188936988014e+00
9.286167195862105928e+00
1.020998977193661439e+01
1.038228129578022774e+01
1.111799329706720130e+01
1.139072338227904702e+01
1.179403751775952713e+01
1.301866849553929306e+01
1.331728693319182177e+01
1.414682393713808217e+01
1.457534025796156385e+01
1.477948813427881092e+01
1.481351578068342079e+01
1.602106284313603979e+01
1.753773776254364236e+01
2.001514861666096934e+01
2.473906810189503247e+01
2.592240332227236621e+01
2.603938965889914670e+01
2.717505376183880728e+01
2.727071104783733446e+01
2.755401661132421509e+01
3.413849622852040255e+01
