2.931830000000000158e+00 -0.000000000000000000e+00 -0.000000000000000000e+00 -0.000000000000000000e+00 2.931830000000000158e+00 -0.000000000000000000e+00 -0.000000000000000000e+00 -0.000000000000000000e+00 3.137729999999999908e+00
2.931830000000000158e+00 -0.000000000000000000e+00 -0.000000000000000000e+00 -0.000000000000000000e+00 2.931830000000000158e+00 -0.000000000000000000e+00 -0.000000000000000000e+00 -0.000000000000000000e+00 3.137729999999999908e+00
1.015370000000000106e+00 -0.000000000000000000e+00 5.571700000000000541e-01 -0.000000000000000000e+00 -1.209999999999999964e-01 0.000000000000000000e+00 3.596900000000000097e-01 0.000000000000000000e+00 6.181200000000000028e-01
-1.209999999999999964e-01 -0.000000000000000000e+00 0.000000000000000000e+00 -0.000000000000000000e+00 1.015370000000000106e+00 -5.571700000000000541e-01 0.000000000000000000e+00 -3.596900000000000097e-01 6.181200000000000028e-01
1.015370000000000106e+00 -0.000000000000000000e+00 -5.571700000000000541e-01 -0.000000000000000000e+00 -1.209999999999999964e-01 0.000000000000000000e+00 -3.596900000000000097e-01 0.000000000000000000e+00 6.181200000000000028e-01
-1.209999999999999964e-01 -0.000000000000000000e+00 -0.000000000000000000e+00 -0.000000000000000000e+00 1.015370000000000106e+00 5.571700000000000541e-01 -0.000000000000000000e+00 3.596900000000000097e-01 6.181200000000000028e-01
-1.789039999999999964e+00 0.000000000000000000e+00 0.000000000000000000e+00 0.000000000000000000e+00 -2.037150000000000016e+00 0.000000000000000000e+00 0.000000000000000000e+00 0.000000000000000000e+00 -2.186980000000000146e+00
-2.037150000000000016e+00 0.000000000000000000e+00 0.000000000000000000e+00 0.000000000000000000e+00 -1.789039999999999964e+00 0.000000000000000000e+00 0.000000000000000000e+00 0.000000000000000000e+00 -2.186980000000000146e+00
-1.789039999999999964e+00 0.000000000000000000e+00 0.000000000000000000e+00 0.000000000000000000e+00 -2.037150000000000016e+00 0.000000000000000000e+00 0.000000000000000000e+00 0.000000000000000000e+00 -2.186980000000000146e+00
-2.037150000000000016e+00 0.000000000000000000e+00 0.000000000000000000e+00 0.000000000000000000e+00 -1.789039999999999964e+00 0.000000000000000000e+00 0.000000000000000000e+00 0.000000000000000000e+00 -2.186980000000000146e+00
