-4.332656197539833803e-02
-4.332656197512588930e-02
-1.438827797750921386e-02
1.784895052157860373e+00
1.784895052157877027e+00
1.892211537000202615e+00
2.353781476451483279e+00
2.663830869854189931e+00
2.915168376096210157e+00
3.066843960793445234e+00
3.376191821546747462e+00
3.376191821546756344e+00
4.734028923054997229e+00
5.140725178328397149e+00
5.140725178328398037e+00
5.142438360199583336e+00
5.166749370109720907e+00
5.166749370109725348e+00
5.916795170083505973e+00
6.235480778250313882e+00
6.235480778250315659e+00
6.294160413264319409e+00
6.314763622659180342e+00
6.920496116565571398e+00
1.018195946797154328e+01
1.029072207290350960e+01
1.029072207290351493e+01
1.045983984394121613e+01
1.361786393381914451e+01
1.361786393381914984e+01
1.442238945812647799e+01
1.444279408894616878e+01
1.500918701229046093e+01
1.514571963798239906e+01
1.514571963798240084e+01
1.557208451258962079e+01
