-2.736217001705647939e-02
-5.096872862104884563e-03
-5.096872861781942370e-03
2.465219702240401656e+00
2.465219702240402100e+00
2.949587900840497934e+00
2.949587900840513921e+00
4.555980961744353408e+00
4.723144878108539224e+00
4.989436168191977217e+00
4.989436168191982546e+00
6.287409902677763007e+00
6.287409902677763895e+00
6.441620658529723542e+00
6.441620658529729759e+00
7.267519932667810600e+00
9.542276971359880733e+00
1.260576865157780269e+01
1.542340556606357005e+01
1.542340556606357183e+01
1.591675163675019533e+01
