1.337539999999999951e+00 -4.662000000000000172e-02 2.154000000000000012e-02 2.154000000000000012e-02 1.337539999999999951e+00 -4.662000000000000172e-02 -4.662000000000000172e-02 2.154000000000000012e-02 1.337539999999999951e+00
1.143520000000000092e+00 9.084000000000000408e-02 -1.035500000000000032e-01 1.035500000000000032e-01 1.143520000000000092e+00 9.084000000000000408e-02 -9.084000000000000408e-02 1.035500000000000032e-01 1.143520000000000092e+00
1.170949999999999935e+00 4.349999999999999700e-03 -3.919000000000000261e-02 3.919000000000000261e-02 1.170949999999999935e+00 -4.349999999999999700e-03 -4.349999999999999700e-03 -3.919000000000000261e-02 1.170949999999999935e+00
1.170949999999999935e+00 4.349999999999999700e-03 3.919000000000000261e-02 3.919000000000000261e-02 1.170949999999999935e+00 4.349999999999999700e-03 4.349999999999999700e-03 3.919000000000000261e-02 1.170949999999999935e+00
1.143520000000000092e+00 9.084000000000000408e-02 1.035500000000000032e-01 1.035500000000000032e-01 1.143520000000000092e+00 -9.084000000000000408e-02 9.084000000000000408e-02 -1.035500000000000032e-01 1.143520000000000092e+00
1.337539999999999951e+00 -4.662000000000000172e-02 -2.154000000000000012e-02 2.154000000000000012e-02 1.337539999999999951e+00 4.662000000000000172e-02 4.662000000000000172e-02 -2.154000000000000012e-02 1.337539999999999951e+00
1.337539999999999951e+00 4.662000000000000172e-02 -2.154000000000000012e-02 -2.154000000000000012e-02 1.337539999999999951e+00 -4.662000000000000172e-02 4.662000000000000172e-02 2.154000000000000012e-02 1.337539999999999951e+00
1.143520000000000092e+00 -9.084000000000000408e-02 1.035500000000000032e-01 -1.035500000000000032e-01 1.143520000000000092e+00 9.084000000000000408e-02 9.084000000000000408e-02 1.035500000000000032e-01 1.143520000000000092e+00
1.170949999999999935e+00 -4.349999999999999700e-03 3.919000000000000261e-02 -3.919000000000000261e-02 1.170949999999999935e+00 -4.349999999999999700e-03 4.349999999999999700e-03 -3.919000000000000261e-02 1.170949999999999935e+00
1.170949999999999935e+00 -4.349999999999999700e-03 -3.919000000000000261e-02 -3.919000000000000261e-02 1.170949999999999935e+00 4.349999999999999700e-03 -4.349999999999999700e-03 3.919000000000000261e-02 1.170949999999999935e+00
1.143520000000000092e+00 -9.084000000000000408e-02 -1.035500000000000032e-01 -1.035500000000000032e-01 1.143520000000000092e+00 -9.084000000000000408e-02 -9.084000000000000408e-02 -1.035500000000000032e-01 1.143520000000000092e+00
1.337539999999999951e+00 4.662000000000000172e-02 2.154000000000000012e-02 -2.154000000000000012e-02 1.337539999999999951e+00 4.662000000000000172e-02 -4.662000000000000172e-02 -2.154000000000000012e-02 1.337539999999999951e+00
1.696299999999999919e+00 2.065500000000000114e-01 2.169200000000000017e-01 2.169200000000000017e-01 1.696299999999999919e+00 -2.065500000000000114e-01 2.065500000000000114e-01 -2.169200000000000017e-01 1.696299999999999919e+00
1.696299999999999919e+00 2.065500000000000114e-01 -2.169200000000000017e-01 2.169200000000000017e-01 1.696299999999999919e+00 2.065500000000000114e-01 -2.065500000000000114e-01 2.169200000000000017e-01 1.696299999999999919e+00
1.696299999999999919e+00 -2.065500000000000114e-01 -2.169200000000000017e-01 -2.169200000000000017e-01 1.696299999999999919e+00 -2.065500000000000114e-01 -2.065500000000000114e-01 -2.169200000000000017e-01 1.696299999999999919e+00
1.696299999999999919e+00 -2.065500000000000114e-01 2.169200000000000017e-01 -2.169200000000000017e-01 1.696299999999999919e+00 2.065500000000000114e-01 2.065500000000000114e-01 2.169200000000000017e-01 1.696299999999999919e+00
-1.347509999999999986e+00 -2.411399999999999932e-01 5.870999999999999830e-02 6.612999999999999434e-02 -2.658209999999999962e+00 1.165699999999999931e-01 1.051000000000000024e-02 4.489299999999999957e-01 -1.342589999999999950e+00
-1.342589999999999950e+00 1.051000000000000024e-02 -4.489299999999999957e-01 5.870999999999999830e-02 -1.347509999999999986e+00 2.411399999999999932e-01 -1.165699999999999931e-01 -6.612999999999999434e-02 -2.658209999999999962e+00
-2.658209999999999962e+00 1.165699999999999931e-01 6.612999999999999434e-02 4.489299999999999957e-01 -1.342589999999999950e+00 1.051000000000000024e-02 -2.411399999999999932e-01 5.870999999999999830e-02 -1.347509999999999986e+00
-2.658209999999999962e+00 1.165699999999999931e-01 -6.612999999999999434e-02 4.489299999999999957e-01 -1.342589999999999950e+00 -1.051000000000000024e-02 2.411399999999999932e-01 -5.870999999999999830e-02 -1.347509999999999986e+00
-1.342589999999999950e+00 1.051000000000000024e-02 4.489299999999999957e-01 5.870999999999999830e-02 -1.347509999999999986e+00 -2.411399999999999932e-01 1.165699999999999931e-01 6.612999999999999434e-02 -2.658209999999999962e+00
-1.347509999999999986e+00 -2.411399999999999932e-01 -5.870999999999999830e-02 6.612999999999999434e-02 -2.658209999999999962e+00 -1.165699999999999931e-01 -1.051000000000000024e-02 -4.489299999999999957e-01 -1.342589999999999950e+00
-1.347509999999999986e+00 2.411399999999999932e-01 -5.870999999999999830e-02 -6.612999999999999434e-02 -2.658209999999999962e+00 1.165699999999999931e-01 -1.051000000000000024e-02 4.489299999999999957e-01 -1.342589999999999950e+00
-1.342589999999999950e+00 -1.051000000000000024e-02 4.489299999999999957e-01 -5.870999999999999830e-02 -1.347509999999999986e+00 2.411399999999999932e-01 1.165699999999999931e-01 -6.612999999999999434e-02 -2.658209999999999962e+00
-2.658209999999999962e+00 -1.165699999999999931e-01 -6.612999999999999434e-02 -4.489299999999999957e-01 -1.342589999999999950e+00 1.051000000000000024e-02 2.411399999999999932e-01 5.870999999999999830e-02 -1.347509999999999986e+00
-2.658209999999999962e+00 -1.165699999999999931e-01 6.612999999999999434e-02 -4.489299999999999957e-01 -1.342589999999999950e+00 -1.051000000000000024e-02 -2.411399999999999932e-01 -5.870999999999999830e-02 -1.347509999999999986e+00
-1.342589999999999950e+00 -1.051000000000000024e-02 -4.489299999999999957e-01 -5.870999999999999830e-02 -1.347509999999999986e+00 -2.411399999999999932e-01 -1.165699999999999931e-01 6.612999999999999434e-02 -2.658209999999999962e+00
-1.347509999999999986e+00 2.411399999999999932e-01 5.870999999999999830e-02 -6.612999999999999434e-02 -2.658209999999999962e+00 -1.165699999999999931e-01 1.051000000000000024e-02 -4.489299999999999957e-01 -1.342589999999999950e+00
