1.169219999999999926e+00 0.000000000000000000e+00 -3.243000000000000049e-02 0.000000000000000000e+00 1.156239999999999934e+00 0.000000000000000000e+00 5.494000000000000272e-02 -0.000000000000000000e+00 1.316170000000000062e+00
1.169219999999999926e+00 0.000000000000000000e+00 3.243000000000000049e-02 0.000000000000000000e+00 1.156239999999999934e+00 0.000000000000000000e+00 -5.494000000000000272e-02 -0.000000000000000000e+00 1.316170000000000062e+00
1.169219999999999926e+00 0.000000000000000000e+00 3.243000000000000049e-02 0.000000000000000000e+00 1.156239999999999934e+00 0.000000000000000000e+00 -5.494000000000000272e-02 -0.000000000000000000e+00 1.316170000000000062e+00
1.169219999999999926e+00 0.000000000000000000e+00 -3.243000000000000049e-02 0.000000000000000000e+00 1.156239999999999934e+00 0.000000000000000000e+00 5.494000000000000272e-02 -0.000000000000000000e+00 1.316170000000000062e+00
9.203700000000000214e-01 5.965000000000000163e-02 8.726000000000000423e-02 -7.340000000000000170e-03 9.863399999999999945e-01 -1.889699999999999991e-01 5.997999999999999859e-02 -1.826899999999999913e-01 9.072200000000000264e-01
9.203700000000000214e-01 5.965000000000000163e-02 8.726000000000000423e-02 -7.340000000000000170e-03 9.863399999999999945e-01 -1.889699999999999991e-01 5.997999999999999859e-02 -1.826899999999999913e-01 9.072200000000000264e-01
9.203700000000000214e-01 -5.965000000000000163e-02 -8.726000000000000423e-02 7.340000000000000170e-03 9.863399999999999945e-01 -1.889699999999999991e-01 -5.997999999999999859e-02 -1.826899999999999913e-01 9.072200000000000264e-01
9.203700000000000214e-01 -5.965000000000000163e-02 8.726000000000000423e-02 7.340000000000000170e-03 9.863399999999999945e-01 1.889699999999999991e-01 5.997999999999999859e-02 1.826899999999999913e-01 9.072200000000000264e-01
9.203700000000000214e-01 -5.965000000000000163e-02 -8.726000000000000423e-02 7.340000000000000170e-03 9.863399999999999945e-01 -1.889699999999999991e-01 -5.997999999999999859e-02 -1.826899999999999913e-01 9.072200000000000264e-01
9.203700000000000214e-01 5.965000000000000163e-02 -8.726000000000000423e-02 -7.340000000000000170e-03 9.863399999999999945e-01 1.889699999999999991e-01 -5.997999999999999859e-02 1.826899999999999913e-01 9.072200000000000264e-01
9.203700000000000214e-01 -5.965000000000000163e-02 8.726000000000000423e-02 7.340000000000000170e-03 9.863399999999999945e-01 1.889699999999999991e-01 5.997999999999999859e-02 1.826899999999999913e-01 9.072200000000000264e-01
9.203700000000000214e-01 5.965000000000000163e-02 -8.726000000000000423e-02 -7.340000000000000170e-03 9.863399999999999945e-01 1.889699999999999991e-01 -5.997999999999999859e-02 1.826899999999999913e-01 9.072200000000000264e-01
1.165650000000000075e+00 -0.000000000000000000e+00 -1.052030000000000021e+00 0.000000000000000000e+00 2.503449999999999953e+00 0.000000000000000000e+00 -1.042610000000000037e+00 0.000000000000000000e+00 1.399029999999999996e+00
1.165650000000000075e+00 -0.000000000000000000e+00 -1.052030000000000021e+00 0.000000000000000000e+00 2.503449999999999953e+00 0.000000000000000000e+00 -1.042610000000000037e+00 0.000000000000000000e+00 1.399029999999999996e+00
1.165650000000000075e+00 -0.000000000000000000e+00 1.052030000000000021e+00 0.000000000000000000e+00 2.503449999999999953e+00 0.000000000000000000e+00 1.042610000000000037e+00 0.000000000000000000e+00 1.399029999999999996e+00
1.165650000000000075e+00 -0.000000000000000000e+00 1.052030000000000021e+00 0.000000000000000000e+00 2.503449999999999953e+00 0.000000000000000000e+00 1.042610000000000037e+00 0.000000000000000000e+00 1.399029999999999996e+00
-1.305530000000000079e+00 2.313000000000000056e-01 2.654900000000000038e-01 2.647300000000000209e-01 -2.081840000000000135e+00 -3.047699999999999854e-01 2.604299999999999948e-01 -2.989999999999999880e-01 -1.401880000000000015e+00
-1.305530000000000079e+00 2.313000000000000056e-01 -2.654900000000000038e-01 2.647300000000000209e-01 -2.081840000000000135e+00 3.047699999999999854e-01 -2.604299999999999948e-01 2.989999999999999880e-01 -1.401880000000000015e+00
-1.305530000000000079e+00 -2.313000000000000056e-01 -2.654900000000000038e-01 -2.647300000000000209e-01 -2.081840000000000135e+00 -3.047699999999999854e-01 -2.604299999999999948e-01 -2.989999999999999880e-01 -1.401880000000000015e+00
-1.564540000000000042e+00 -0.000000000000000000e+00 -5.834300000000000042e-01 0.000000000000000000e+00 -1.468669999999999920e+00 0.000000000000000000e+00 -5.580199999999999605e-01 0.000000000000000000e+00 -1.725870000000000015e+00
-1.564540000000000042e+00 -0.000000000000000000e+00 -5.834300000000000042e-01 0.000000000000000000e+00 -1.468669999999999920e+00 0.000000000000000000e+00 -5.580199999999999605e-01 0.000000000000000000e+00 -1.725870000000000015e+00
-1.305530000000000079e+00 -2.313000000000000056e-01 2.654900000000000038e-01 -2.647300000000000209e-01 -2.081840000000000135e+00 3.047699999999999854e-01 2.604299999999999948e-01 2.989999999999999880e-01 -1.401880000000000015e+00
-1.305530000000000079e+00 -2.313000000000000056e-01 2.654900000000000038e-01 -2.647300000000000209e-01 -2.081840000000000135e+00 3.047699999999999854e-01 2.604299999999999948e-01 2.989999999999999880e-01 -1.401880000000000015e+00
-1.305530000000000079e+00 2.313000000000000056e-01 2.654900000000000038e-01 2.647300000000000209e-01 -2.081840000000000135e+00 -3.047699999999999854e-01 2.604299999999999948e-01 -2.989999999999999880e-01 -1.401880000000000015e+00
-1.564540000000000042e+00 0.000000000000000000e+00 5.834300000000000042e-01 0.000000000000000000e+00 -1.468669999999999920e+00 0.000000000000000000e+00 5.580199999999999605e-01 0.000000000000000000e+00 -1.725870000000000015e+00
-1.305530000000000079e+00 -2.313000000000000056e-01 -2.654900000000000038e-01 -2.647300000000000209e-01 -2.081840000000000135e+00 -3.047699999999999854e-01 -2.604299999999999948e-01 -2.989999999999999880e-01 -1.401880000000000015e+00
-1.564540000000000042e+00 0.000000000000000000e+00 5.834300000000000042e-01 0.000000000000000000e+00 -1.468669999999999920e+00 0.000000000000000000e+00 5.580199999999999605e-01 -0.000000000000000000e+00 -1.725870000000000015e+00
-1.305530000000000079e+00 2.313000000000000056e-01 -2.654900000000000038e-01 2.647300000000000209e-01 -2.081840000000000135e+00 3.047699999999999854e-01 -2.604299999999999948e-01 2.989999999999999880e-01 -1.401880000000000015e+00
