3.007219999999999782e+00 3.019000000000000156e-02 0.000000000000000000e+00 -3.019000000000000156e-02 3.007219999999999782e+00 0.000000000000000000e+00 0.000000000000000000e+00 0.000000000000000000e+00 2.600340000000000096e+00
3.007219999999999782e+00 3.019000000000000156e-02 0.000000000000000000e+00 -3.019000000000000156e-02 3.007219999999999782e+00 0.000000000000000000e+00 0.000000000000000000e+00 0.000000000000000000e+00 2.600340000000000096e+00
2.508500000000000174e+00 -7.485000000000000542e-01 -3.357999999999999874e-01 -8.408700000000000063e-01 4.060599999999999765e-01 -7.227900000000000436e-01 4.978199999999999847e-01 -3.086499999999999799e-01 2.350220000000000198e+00
4.060599999999999765e-01 8.408700000000000063e-01 7.227900000000000436e-01 7.485000000000000542e-01 2.508500000000000174e+00 -3.357999999999999874e-01 3.086499999999999799e-01 4.978199999999999847e-01 2.350220000000000198e+00
2.508500000000000174e+00 -7.485000000000000542e-01 3.357999999999999874e-01 -8.408700000000000063e-01 4.060599999999999765e-01 7.227900000000000436e-01 -4.978199999999999847e-01 3.086499999999999799e-01 2.350220000000000198e+00
4.060599999999999765e-01 8.408700000000000063e-01 -7.227900000000000436e-01 7.485000000000000542e-01 2.508500000000000174e+00 3.357999999999999874e-01 -3.086499999999999799e-01 -4.978199999999999847e-01 2.350220000000000198e+00
-1.635599999999999943e+00 2.325200000000000045e-01 4.632600000000000051e-01 2.938000000000000056e-01 -1.325290000000000079e+00 -5.594900000000000428e-01 6.386100000000000110e-01 -5.119500000000000162e-01 -1.825190000000000090e+00
-1.325290000000000079e+00 -2.938000000000000056e-01 -5.594900000000000428e-01 -2.325200000000000045e-01 -1.635599999999999943e+00 -4.632600000000000051e-01 -5.119500000000000162e-01 -6.386100000000000110e-01 -1.825190000000000090e+00
-1.325290000000000079e+00 -2.938000000000000056e-01 5.594900000000000428e-01 -2.325200000000000045e-01 -1.635599999999999943e+00 4.632600000000000051e-01 5.119500000000000162e-01 6.386100000000000110e-01 -1.825190000000000090e+00
-1.635599999999999943e+00 2.325200000000000045e-01 -4.632600000000000051e-01 2.938000000000000056e-01 -1.325290000000000079e+00 5.594900000000000428e-01 -6.386100000000000110e-01 5.119500000000000162e-01 -1.825190000000000090e+00
-1.635599999999999943e+00 2.325200000000000045e-01 4.632600000000000051e-01 2.938000000000000056e-01 -1.325290000000000079e+00 -5.594900000000000428e-01 6.386100000000000110e-01 -5.119500000000000162e-01 -1.825190000000000090e+00
-1.325290000000000079e+00 -2.938000000000000056e-01 -5.594900000000000428e-01 -2.325200000000000045e-01 -1.635599999999999943e+00 -4.632600000000000051e-01 -5.119500000000000162e-01 -6.386100000000000110e-01 -1.825190000000000090e+00
-1.635599999999999943e+00 2.325200000000000045e-01 -4.632600000000000051e-01 2.938000000000000056e-01 -1.325290000000000079e+00 5.594900000000000428e-01 -6.386100000000000110e-01 5.119500000000000162e-01 -1.825190000000000090e+00
-1.325290000000000079e+00 -2.938000000000000056e-01 5.594900000000000428e-01 -2.325200000000000045e-01 -1.635599999999999943e+00 4.632600000000000051e-01 5.119500000000000162e-01 6.386100000000000110e-01 -1.825190000000000090e+00
