-7.756463285544513975e-02
-5.043396177180611145e-02
-2.767747152468953351e-02
1.484113674891515799e+00
1.666605079195428329e+00
1.859492266722289955e+00
2.521969159208732325e+00
2.547873478020445059e+00
2.662508045058268102e+00
3.316356027328791090e+00
3.562107957375800549e+00
3.665701488119292861e+00
3.728114054049312287e+00
4.051417727166627181e+00
4.130266613670356968e+00
4.286740020108520177e+00
4.344387977609734719e+00
4.482121517763657970e+00
4.627114835402293735e+00
4.806443550069011472e+00
4.967944605166205285e+00
5.348398573404939960e+00
5.410952254455771993e+00
5.867913283272001124e+00
6.068086741304873577e+00
6.202088849734417764e+00
6.424822542296401373e+00
6.497727356545517807e+00
6.707739589459328577e+00
7.073237688640189091e+00
7.262958371077174569e+00
7.366208257984564689e+00
7.521424153709189930e+00
7.553983876074927828e+00
7.638275924578791454e+00
7.873641152605317828e+00
7.974535604033629710e+00
8.053737771991338334e+00
8.324822124225837783e+00
8.365618727864664095e+00
8.512092997612279888e+00
8.729412523188488038e+00
8.875261669381922403e+00
8.972101565408184598e+00
9.280612355873937958e+00
9.425854009054033256e+00
9.726735752553372194e+00
9.947932468608740919e+00
1.002060606949499899e+01
1.024886257103684706e+01
1.032258514132966631e+01
1.052139006975789215e+01
1.078317374431108711e+01
1.087097309351835328e+01
1.118157037271599030e+01
1.124345858710743862e+01
1.132976191276762989e+01
1.150696102365867901e+01
1.159927562393445299e+01
1.174859889518745959e+01
1.192322150259735736e+01
1.216701997203916719e+01
1.224019374846656483e+01
1.237020197894925211e+01
1.253734270090755842e+01
1.270337238689002746e+01
1.281643772660718739e+01
1.310845582057627468e+01
1.324334206308966344e+01
1.331749788811697144e+01
1.354333629501977576e+01
1.361982125433369895e+01
1.379953357907433009e+01
1.401238434385811438e+01
1.405479868230064611e+01
1.417724356142617737e+01
1.436136591693143849e+01
1.462456385674458303e+01
1.467116948303713109e+01
1.475602612494298960e+01
1.493523826391798792e+01
1.509288991545356673e+01
1.536325089295882051e+01
1.542331514299049822e+01
1.555313466796966893e+01
1.568645160640225811e+01
1.603879319026216521e+01
1.620019836298309102e+01
1.639137242576105891e+01
1.659037687938402428e+01
1.675798928869451032e+01
1.689306197822052624e+01
1.716407635149645827e+01
1.723459483132690195e+01
1.744802590552868082e+01
1.763805284037895049e+01
1.778250533530075828e+01
1.821215926242684802e+01
1.895550711534777122e+01
1.963642783196577213e+01
2.059424392882632660e+01
2.079750049885802810e+01
2.109190785585789740e+01
2.148556380456421877e+01
2.157647339117308150e+01
2.181283149891365980e+01
2.231008184655538074e+01
2.262566098481986998e+01
2.317150057721769585e+01
2.358639567632155121e+01
2.530550052854122001e+01
