-6.834190271721503340e-02
-2.929613127060257463e-02
-2.731859607662124462e-02
1.812502850649251984e+00
1.942437567744305094e+00
3.277244413959168323e+00
3.294272914152335030e+00
3.625041270854720388e+00
3.743698242220820926e+00
3.811281724181205810e+00
4.991261001148862952e+00
5.045483560501921261e+00
5.194101136697517163e+00
6.378033596767865632e+00
6.515308205005701403e+00
6.632786224649322548e+00
6.789501507159823923e+00
6.969921196793317897e+00
7.051749563507171636e+00
7.057211786218572591e+00
7.175220733392154493e+00
7.276572403650614085e+00
7.381020952278880110e+00
7.391215842074233322e+00
7.511677162480985714e+00
7.547945605621063869e+00
7.984347983068661669e+00
8.039256745678713401e+00
8.127078667972735815e+00
8.155822916926778632e+00
8.314315857027271051e+00
8.524060566445330167e+00
8.705750548731586491e+00
9.013932383059994891e+00
9.214111057355376389e+00
1.015403957917492406e+01
1.033944527188262263e+01
1.057056591678179203e+01
1.059377633733283197e+01
1.075189219133515195e+01
1.084286583674946769e+01
1.088826018485072034e+01
1.115800199974807327e+01
1.115987261247803985e+01
1.129927127926665165e+01
1.143085193995291959e+01
1.187900810275965746e+01
1.309414354237991773e+01
1.313269543115898230e+01
1.323266994596630930e+01
1.328224567203944595e+01
1.382795745851634095e+01
1.394890508494894732e+01
1.394919914571519293e+01
1.404949349543229431e+01
1.452571066749249873e+01
1.458891934631119902e+01
1.475028883913452837e+01
1.479607374869103609e+01
1.491934561975796747e+01
1.570745791577433970e+01
1.571992177107283872e+01
1.628827141189118777e+01
1.632322021461479622e+01
1.639730445590675600e+01
1.649192211769567962e+01
1.652955150027576892e+01
1.710950444763397016e+01
1.743514043183232332e+01
1.745496880463968381e+01
1.839328266190385364e+01
1.894685272366297824e+01
