-6.234572777550762696e-02
-2.614358702915535113e-02
-2.030708402562453677e-02
1.634147513325243217e+00
1.692164375638403051e+00
1.996169175287847652e+00
2.179972456094031674e+00
2.533496895483773770e+00
2.534007317070331666e+00
2.636588811908828767e+00
2.641929278650811064e+00
2.770426092478278424e+00
2.856003295332882885e+00
2.998647435419944163e+00
3.078056599382258618e+00
3.281793944933216522e+00
3.294009741832926164e+00
3.405030230858546503e+00
3.421187144577504391e+00
3.631237846697608074e+00
3.632548768673830697e+00
3.660944822596643888e+00
3.669888445115648157e+00
3.711488487347980758e+00
3.827613188787120979e+00
3.950433201867853406e+00
4.033540289336993823e+00
4.278021976866225984e+00
4.441082416412931444e+00
4.590025352941177417e+00
4.870674715515929343e+00
4.992042742233937069e+00
5.079834045982578594e+00
5.093423832058950218e+00
5.190019722246672629e+00
5.294144288234241102e+00
5.391210152708038272e+00
5.584587113120297097e+00
6.044736077008929342e+00
6.128380755540963065e+00
6.161278266594837127e+00
6.434854974310268538e+00
6.716633298277676190e+00
6.723024084938201916e+00
6.820696015087836628e+00
7.396867283991964470e+00
7.703594299660951883e+00
7.988106153711759916e+00
8.001056266629808178e+00
8.006759460957310282e+00
8.190465601879971302e+00
8.357456320567209218e+00
8.462367516842757453e+00
9.341224879011045701e+00
9.696572541618127872e+00
9.716321076752581831e+00
1.008622571207124352e+01
1.031793870167009430e+01
1.047966983332229418e+01
1.135520485946102021e+01
1.203180145130871637e+01
1.209020618445371653e+01
1.230392700873602330e+01
1.272406955631832304e+01
1.315411463781657631e+01
1.348544903709276888e+01
1.399453690887010637e+01
1.418835027934234638e+01
1.438847861486327417e+01
1.490732328560721776e+01
1.778979969157176910e+01
1.794138556304354992e+01
