1.582869999999999999e+00 0.000000000000000000e+00 -0.000000000000000000e+00 0.000000000000000000e+00 1.082349999999999923e+00 0.000000000000000000e+00 -0.000000000000000000e+00 0.000000000000000000e+00 1.536880000000000024e+00
1.082349999999999923e+00 0.000000000000000000e+00 -0.000000000000000000e+00 0.000000000000000000e+00 1.582869999999999999e+00 0.000000000000000000e+00 -0.000000000000000000e+00 0.000000000000000000e+00 1.536880000000000024e+00
1.582869999999999999e+00 0.000000000000000000e+00 -0.000000000000000000e+00 0.000000000000000000e+00 1.082349999999999923e+00 0.000000000000000000e+00 -0.000000000000000000e+00 0.000000000000000000e+00 1.536880000000000024e+00
1.082349999999999923e+00 0.000000000000000000e+00 -0.000000000000000000e+00 0.000000000000000000e+00 1.582869999999999999e+00 0.000000000000000000e+00 -0.000000000000000000e+00 0.000000000000000000e+00 1.536880000000000024e+00
6.970499999999999474e-01 9.486700000000000133e-01 -0.000000000000000000e+00 9.486700000000000133e-01 6.970499999999999474e-01 -0.000000000000000000e+00 -0.000000000000000000e+00 -0.000000000000000000e+00 -3.292700000000000071e-01
6.970499999999999474e-01 9.486700000000000133e-01 -0.000000000000000000e+00 9.486700000000000133e-01 6.970499999999999474e-01 -0.000000000000000000e+00 -0.000000000000000000e+00 -0.000000000000000000e+00 -3.292700000000000071e-01
6.970499999999999474e-01 -9.486700000000000133e-01 0.000000000000000000e+00 -9.486700000000000133e-01 6.970499999999999474e-01 -0.000000000000000000e+00 0.000000000000000000e+00 -0.000000000000000000e+00 -3.292700000000000071e-01
6.970499999999999474e-01 -9.486700000000000133e-01 0.000000000000000000e+00 -9.486700000000000133e-01 6.970499999999999474e-01 -0.000000000000000000e+00 0.000000000000000000e+00 -0.000000000000000000e+00 -3.292700000000000071e-01
-1.925780000000000047e+00 -0.000000000000000000e+00 0.000000000000000000e+00 -0.000000000000000000e+00 -2.133550000000000058e+00 -0.000000000000000000e+00 0.000000000000000000e+00 -0.000000000000000000e+00 -1.207610000000000072e+00
-2.133550000000000058e+00 -0.000000000000000000e+00 0.000000000000000000e+00 -0.000000000000000000e+00 -1.925780000000000047e+00 -0.000000000000000000e+00 0.000000000000000000e+00 -0.000000000000000000e+00 -1.207610000000000072e+00
-2.133550000000000058e+00 -0.000000000000000000e+00 0.000000000000000000e+00 -0.000000000000000000e+00 -1.925780000000000047e+00 -0.000000000000000000e+00 0.000000000000000000e+00 -0.000000000000000000e+00 -1.207610000000000072e+00
-1.925780000000000047e+00 -0.000000000000000000e+00 0.000000000000000000e+00 -0.000000000000000000e+00 -2.133550000000000058e+00 -0.000000000000000000e+00 0.000000000000000000e+00 -0.000000000000000000e+00 -1.207610000000000072e+00
