-9.121344999505280604e-02
-7.065542569399749229e-02
-4.425399213630336337e-02
1.041793645593982243e+00
1.316417376822411889e+00
1.590403810357608583e+00
1.798096977362455773e+00
2.045755977627830458e+00
2.274768454150883468e+00
2.316185890640041212e+00
2.472711048626587971e+00
2.542493557513961555e+00
3.295919583363647654e+00
3.418178901110941137e+00
3.473019709129218313e+00
3.516501926631065977e+00
3.756933749748589957e+00
3.783339820846126411e+00
4.140759543851828539e+00
4.707744937865687263e+00
4.808876282459343621e+00
4.873279091125399809e+00
4.961135847767121909e+00
5.008288050821358084e+00
5.531026134452810439e+00
5.549164621814710152e+00
5.633475694453647264e+00
5.779481118578034149e+00
5.909568850601539580e+00
5.957998749580265319e+00
6.597318584091570237e+00
6.908025716512642411e+00
7.279564361965625174e+00
7.342909879604951229e+00
7.526813024115850403e+00
7.562429602978133047e+00
7.641720447647898595e+00
7.704822593674691689e+00
7.802761088230242947e+00
7.950795991597319201e+00
8.494468199952249776e+00
8.587542197858477167e+00
8.636916648897337012e+00
8.654113675010282947e+00
8.672238972722096761e+00
8.706937521310234018e+00
8.921826141547480660e+00
9.170439008030095707e+00
9.243727592264930237e+00
9.349645987950559345e+00
9.465628072135519488e+00
9.599986942699453962e+00
9.763529192868734441e+00
9.853267067323406181e+00
1.002708043250875747e+01
1.003368491632062387e+01
1.036721857587656004e+01
1.048839034361326661e+01
1.061192216330293370e+01
1.085299788077008643e+01
1.092742778516518065e+01
1.107710575917734985e+01
1.137085484913073685e+01
1.202854945535828080e+01
1.587852575020741597e+01
1.592230925462760993e+01
1.833463108437145550e+01
1.859206510853487870e+01
1.967852766342035054e+01
1.971142270360006421e+01
2.036846965287279332e+01
2.082019154570869901e+01
2.095495375800194893e+01
2.099775180822937415e+01
2.123938384228695142e+01
2.128102419997684436e+01
2.137410547835862218e+01
2.804551242177614157e+01
2.881652796573521869e+01
2.891401876253109293e+01
2.977689229923095837e+01
2.979821400688302901e+01
3.018087530208492808e+01
3.027818191371470036e+01
