-1.201787275246603282e-01
-1.827487261798277016e-02
-1.827482219808907252e-02
1.747954225112764437e+00
1.937151498685106610e+00
1.937151500404620919e+00
1.965149639662408854e+00
2.233908550501674029e+00
2.233908550671754423e+00
2.698180371086453366e+00
2.698180372306937080e+00
2.882816596109015972e+00
2.882816599097440591e+00
3.135548566633506784e+00
3.135548566856753983e+00
3.164969367320685567e+00
3.227674112710617660e+00
3.227674112791780736e+00
3.522784379145951217e+00
3.634178699596777307e+00
4.269359597893926050e+00
4.269359598502573405e+00
4.325423466584547683e+00
4.325423467709319958e+00
4.433738223332421846e+00
4.474809936371777042e+00
4.474809937262863357e+00
5.537063438039121266e+00
5.577276919509127850e+00
5.577276919790026710e+00
6.013246339140407848e+00
6.013246339687830400e+00
6.093997306154506965e+00
6.447279956108328491e+00
7.058078489879523687e+00
7.234249293059458630e+00
7.308679029685506201e+00
7.308679029987077413e+00
7.496129401776431500e+00
7.496129402249433582e+00
7.883449856824427115e+00
8.803741143525057211e+00
8.972424674358070007e+00
8.972424674690831381e+00
9.354691627683143551e+00
9.354691627929151210e+00
1.086856826412193833e+01
1.112761400550206048e+01
1.154750117550035071e+01
1.154750117598964820e+01
1.227447153801328206e+01
1.227447153818343040e+01
1.256697681910173259e+01
1.256697681950835133e+01
1.277418451147049971e+01
1.294305717435568326e+01
1.294305717488985863e+01
1.338834626022037710e+01
1.365326686603621198e+01
1.449742560875695752e+01
1.491577617539520517e+01
1.494676504732179190e+01
1.622655423977843014e+01
1.622655423996817348e+01
1.633543874414523245e+01
1.633543874454697686e+01
2.152125594763731087e+01
2.282066713299378335e+01
2.282066713311155581e+01
2.298020738476321156e+01
2.298020738480486713e+01
2.354732135998675346e+01
2.354732136034963474e+01
2.355531089617361218e+01
2.355531089628098229e+01
2.437292595462356459e+01
2.442584858722703345e+01
2.648722712159639059e+01
2.695303699567581290e+01
2.695303699582427370e+01
2.700137328249651247e+01
2.700137328297765649e+01
2.878124981507089331e+01
2.918679055439615411e+01
