1.451600000000000001e+00 0.000000000000000000e+00 0.000000000000000000e+00 0.000000000000000000e+00 1.343599999999999905e+00 5.516000000000000070e-02 0.000000000000000000e+00 2.801999999999999977e-02 1.322200000000000042e+00
1.451600000000000001e+00 0.000000000000000000e+00 0.000000000000000000e+00 0.000000000000000000e+00 1.343599999999999905e+00 -5.516000000000000070e-02 0.000000000000000000e+00 -2.801999999999999977e-02 1.322200000000000042e+00
6.336330000000000240e+00 0.000000000000000000e+00 0.000000000000000000e+00 0.000000000000000000e+00 9.259389999999999787e+00 6.233999999999999958e-02 0.000000000000000000e+00 2.054999999999999882e-02 6.827189999999999870e+00
6.336330000000000240e+00 0.000000000000000000e+00 0.000000000000000000e+00 0.000000000000000000e+00 9.259389999999999787e+00 -6.233999999999999958e-02 0.000000000000000000e+00 -2.054999999999999882e-02 6.827189999999999870e+00
3.493090000000000028e+00 -1.911499999999999866e-01 8.340899999999999981e-01 -7.249999999999999500e-02 5.982199999999999740e-01 -2.042599999999999971e-01 7.319499999999999895e-01 -3.811200000000000143e-01 3.538689999999999891e+00
3.493090000000000028e+00 -1.911499999999999866e-01 -8.340899999999999981e-01 -7.249999999999999500e-02 5.982199999999999740e-01 2.042599999999999971e-01 -7.319499999999999895e-01 3.811200000000000143e-01 3.538689999999999891e+00
3.493090000000000028e+00 1.911499999999999866e-01 8.340899999999999981e-01 7.249999999999999500e-02 5.982199999999999740e-01 2.042599999999999971e-01 7.319499999999999895e-01 3.811200000000000143e-01 3.538689999999999891e+00
3.493090000000000028e+00 1.911499999999999866e-01 -8.340899999999999981e-01 7.249999999999999500e-02 5.982199999999999740e-01 -2.042599999999999971e-01 -7.319499999999999895e-01 -3.811200000000000143e-01 3.538689999999999891e+00
-3.291819999999999968e+00 2.136000000000000121e-01 -1.815029999999999921e+00 1.194299999999999945e-01 -1.057819999999999983e+00 7.621999999999999609e-02 -1.913659999999999917e+00 1.711799999999999988e-01 -2.717369999999999841e+00
-3.291819999999999968e+00 2.136000000000000121e-01 1.815029999999999921e+00 1.194299999999999945e-01 -1.057819999999999983e+00 -7.621999999999999609e-02 1.913659999999999917e+00 -1.711799999999999988e-01 -2.717369999999999841e+00
-3.291819999999999968e+00 -2.136000000000000121e-01 -1.815029999999999921e+00 -1.194299999999999945e-01 -1.057819999999999983e+00 -7.621999999999999609e-02 -1.913659999999999917e+00 -1.711799999999999988e-01 -2.717369999999999841e+00
-3.291819999999999968e+00 -2.136000000000000121e-01 1.815029999999999921e+00 -1.194299999999999945e-01 -1.057819999999999983e+00 7.621999999999999609e-02 1.913659999999999917e+00 1.711799999999999988e-01 -2.717369999999999841e+00
-2.029100000000000126e+00 -8.322000000000000230e-02 -1.120179999999999954e+00 -2.656999999999999987e-02 -1.047649999999999970e+00 -1.617399999999999949e-01 -9.964899999999999869e-01 -2.593900000000000095e-01 -3.431270000000000042e+00
-2.029100000000000126e+00 -8.322000000000000230e-02 1.120179999999999954e+00 -2.656999999999999987e-02 -1.047649999999999970e+00 1.617399999999999949e-01 9.964899999999999869e-01 2.593900000000000095e-01 -3.431270000000000042e+00
-2.029100000000000126e+00 8.322000000000000230e-02 -1.120179999999999954e+00 2.656999999999999987e-02 -1.047649999999999970e+00 1.617399999999999949e-01 -9.964899999999999869e-01 2.593900000000000095e-01 -3.431270000000000042e+00
-2.029100000000000126e+00 8.322000000000000230e-02 1.120179999999999954e+00 2.656999999999999987e-02 -1.047649999999999970e+00 -1.617399999999999949e-01 9.964899999999999869e-01 -2.593900000000000095e-01 -3.431270000000000042e+00
-1.156609999999999916e+00 0.000000000000000000e+00 0.000000000000000000e+00 0.000000000000000000e+00 -7.028380000000000294e+00 -3.264999999999999847e-02 0.000000000000000000e+00 2.540000000000000157e-03 -1.261120000000000019e+00
-1.156609999999999916e+00 0.000000000000000000e+00 0.000000000000000000e+00 0.000000000000000000e+00 -7.028380000000000294e+00 3.264999999999999847e-02 0.000000000000000000e+00 -2.540000000000000157e-03 -1.261120000000000019e+00
-2.975649999999999906e+00 0.000000000000000000e+00 0.000000000000000000e+00 0.000000000000000000e+00 -5.600899999999999768e-01 -6.144999999999999768e-02 0.000000000000000000e+00 -1.202000000000000013e-01 -1.668369999999999909e+00
-2.975649999999999906e+00 0.000000000000000000e+00 0.000000000000000000e+00 0.000000000000000000e+00 -5.600899999999999768e-01 6.144999999999999768e-02 0.000000000000000000e+00 1.202000000000000013e-01 -1.668369999999999909e+00
