-9.960767078895078896e-02
-6.394275729118975571e-02
-2.520565849169586689e-02
1.407840956926598164e+00
2.030857220485970061e+00
2.110064160161960523e+00
2.402132802323801553e+00
2.832449364066372599e+00
3.037495247732908243e+00
4.190396902442535598e+00
4.312157835701285968e+00
4.406293805456009238e+00
4.615120940993854504e+00
5.015171602248521765e+00
5.582715844461367816e+00
5.854247893623910848e+00
6.064579812320059382e+00
6.152093034081977940e+00
6.444058852928020720e+00
6.725415704623767255e+00
6.768589830976611488e+00
7.784531437408420018e+00
8.051110401677522788e+00
8.134652352743785286e+00
8.445906061518799746e+00
8.492829640349558673e+00
8.553839781057394731e+00
8.744593415362430733e+00
8.964259701726629004e+00
9.666891216932151920e+00
1.047722105331370734e+01
1.083913801923381648e+01
1.104227630518273173e+01
1.198806835983178765e+01
1.236782050322529614e+01
1.260914013721792237e+01
1.304571190085079202e+01
1.338148190597737930e+01
1.388401894265489744e+01
1.389145229988571018e+01
1.450584265046329513e+01
1.479712549787964804e+01
1.496651682924253457e+01
1.612095291848469003e+01
1.613584831981262724e+01
1.655913216325058457e+01
1.817276140271478013e+01
1.887188623323063652e+01
1.907130375721597204e+01
1.923265980045401946e+01
1.967009178931303381e+01
2.539647481443044796e+01
2.722847918999516992e+01
2.806604086792435382e+01
