1.325990000000000002e+00 -9.435000000000000331e-02 -7.421999999999999431e-02 -4.558999999999999858e-02 1.019589999999999996e+00 -1.053400000000000031e-01 2.185000000000000137e-02 -1.516800000000000093e-01 1.114689999999999959e+00
8.850799999999999779e-01 7.020000000000000198e-03 -3.241999999999999743e-02 -7.946000000000000285e-02 1.201349999999999918e+00 -1.234999999999999987e-02 -1.180900000000000005e-01 -1.021699999999999969e-01 1.153059999999999974e+00
8.850799999999999779e-01 -7.020000000000000198e-03 -3.241999999999999743e-02 7.946000000000000285e-02 1.201349999999999918e+00 1.234999999999999987e-02 -1.180900000000000005e-01 1.021699999999999969e-01 1.153059999999999974e+00
1.325990000000000002e+00 9.435000000000000331e-02 -7.421999999999999431e-02 4.558999999999999858e-02 1.019589999999999996e+00 1.053400000000000031e-01 2.185000000000000137e-02 1.516800000000000093e-01 1.114689999999999959e+00
1.325990000000000002e+00 9.435000000000000331e-02 -7.421999999999999431e-02 4.558999999999999858e-02 1.019589999999999996e+00 1.053400000000000031e-01 2.185000000000000137e-02 1.516800000000000093e-01 1.114689999999999959e+00
8.850799999999999779e-01 7.020000000000000198e-03 -3.241999999999999743e-02 -7.946000000000000285e-02 1.201349999999999918e+00 -1.234999999999999987e-02 -1.180900000000000005e-01 -1.021699999999999969e-01 1.153059999999999974e+00
1.325990000000000002e+00 -9.435000000000000331e-02 -7.421999999999999431e-02 -4.558999999999999858e-02 1.019589999999999996e+00 -1.053400000000000031e-01 2.185000000000000137e-02 -1.516800000000000093e-01 1.114689999999999959e+00
8.850799999999999779e-01 -7.020000000000000198e-03 -3.241999999999999743e-02 7.946000000000000285e-02 1.201349999999999918e+00 1.234999999999999987e-02 -1.180900000000000005e-01 1.021699999999999969e-01 1.153059999999999974e+00
1.079939999999999900e+00 -3.419999999999999863e-03 -2.468000000000000055e-02 -1.707100000000000006e-01 1.079609999999999959e+00 1.199000000000000066e-02 -1.001999999999999939e-02 -5.766000000000000292e-02 1.043360000000000065e+00
1.079939999999999900e+00 -3.419999999999999863e-03 -2.468000000000000055e-02 -1.707100000000000006e-01 1.079609999999999959e+00 1.199000000000000066e-02 -1.001999999999999939e-02 -5.766000000000000292e-02 1.043360000000000065e+00
1.079939999999999900e+00 3.419999999999999863e-03 -2.468000000000000055e-02 1.707100000000000006e-01 1.079609999999999959e+00 -1.199000000000000066e-02 -1.001999999999999939e-02 5.766000000000000292e-02 1.043360000000000065e+00
1.079939999999999900e+00 3.419999999999999863e-03 -2.468000000000000055e-02 1.707100000000000006e-01 1.079609999999999959e+00 -1.199000000000000066e-02 -1.001999999999999939e-02 5.766000000000000292e-02 1.043360000000000065e+00
2.102679999999999882e+00 -5.777299999999999658e-01 4.412499999999999756e-01 -4.379100000000000215e-01 2.427280000000000104e+00 9.962999999999999634e-02 4.397300000000000098e-01 3.817000000000000254e-02 2.555060000000000109e+00
2.102679999999999882e+00 5.777299999999999658e-01 4.412499999999999756e-01 4.379100000000000215e-01 2.427280000000000104e+00 -9.962999999999999634e-02 4.397300000000000098e-01 -3.817000000000000254e-02 2.555060000000000109e+00
2.102679999999999882e+00 5.777299999999999658e-01 4.412499999999999756e-01 4.379100000000000215e-01 2.427280000000000104e+00 -9.962999999999999634e-02 4.397300000000000098e-01 -3.817000000000000254e-02 2.555060000000000109e+00
2.102679999999999882e+00 -5.777299999999999658e-01 4.412499999999999756e-01 -4.379100000000000215e-01 2.427280000000000104e+00 9.962999999999999634e-02 4.397300000000000098e-01 3.817000000000000254e-02 2.555060000000000109e+00
-1.539609999999999923e+00 -2.040000000000000147e-02 -2.497099999999999875e-01 1.697999999999999857e-02 -1.615010000000000057e+00 -1.043800000000000006e-01 -1.905000000000000027e-01 -3.512799999999999812e-01 -2.459389999999999965e+00
-1.744459999999999900e+00 4.547100000000000031e-01 1.440099999999999991e-01 4.520799999999999819e-01 -2.317219999999999835e+00 -2.763499999999999845e-01 -3.330999999999999933e-02 -2.995000000000000093e-02 -1.606239999999999890e+00
-1.744459999999999900e+00 -4.547100000000000031e-01 1.440099999999999991e-01 -4.520799999999999819e-01 -2.317219999999999835e+00 2.763499999999999845e-01 -3.330999999999999933e-02 2.995000000000000093e-02 -1.606239999999999890e+00
-1.744459999999999900e+00 -4.547100000000000031e-01 1.440099999999999991e-01 -4.520799999999999819e-01 -2.317219999999999835e+00 2.763499999999999845e-01 -3.330999999999999933e-02 2.995000000000000093e-02 -1.606239999999999890e+00
-2.109620000000000051e+00 -1.614899999999999947e-01 -2.042299999999999949e-01 -2.173999999999999891e-02 -1.795590000000000019e+00 -3.292900000000000271e-01 -1.096700000000000036e-01 -3.708899999999999975e-01 -1.800540000000000029e+00
-2.109620000000000051e+00 -1.614899999999999947e-01 -2.042299999999999949e-01 -2.173999999999999891e-02 -1.795590000000000019e+00 -3.292900000000000271e-01 -1.096700000000000036e-01 -3.708899999999999975e-01 -1.800540000000000029e+00
-2.109620000000000051e+00 1.614899999999999947e-01 -2.042299999999999949e-01 2.173999999999999891e-02 -1.795590000000000019e+00 3.292900000000000271e-01 -1.096700000000000036e-01 3.708899999999999975e-01 -1.800540000000000029e+00
-1.539609999999999923e+00 2.040000000000000147e-02 -2.497099999999999875e-01 -1.697999999999999857e-02 -1.615010000000000057e+00 1.043800000000000006e-01 -1.905000000000000027e-01 3.512799999999999812e-01 -2.459389999999999965e+00
-1.539609999999999923e+00 -2.040000000000000147e-02 -2.497099999999999875e-01 1.697999999999999857e-02 -1.615010000000000057e+00 -1.043800000000000006e-01 -1.905000000000000027e-01 -3.512799999999999812e-01 -2.459389999999999965e+00
-1.539609999999999923e+00 2.040000000000000147e-02 -2.497099999999999875e-01 -1.697999999999999857e-02 -1.615010000000000057e+00 1.043800000000000006e-01 -1.905000000000000027e-01 3.512799999999999812e-01 -2.459389999999999965e+00
-1.744459999999999900e+00 4.547100000000000031e-01 1.440099999999999991e-01 4.520799999999999819e-01 -2.317219999999999835e+00 -2.763499999999999845e-01 -3.330999999999999933e-02 -2.995000000000000093e-02 -1.606239999999999890e+00
-2.109620000000000051e+00 1.614899999999999947e-01 -2.042299999999999949e-01 2.173999999999999891e-02 -1.795590000000000019e+00 3.292900000000000271e-01 -1.096700000000000036e-01 3.708899999999999975e-01 -1.800540000000000029e+00
