2.932850000000000179e+00 -0.000000000000000000e+00 2.974399999999999822e-01 -0.000000000000000000e+00 2.508529999999999927e+00 -0.000000000000000000e+00 1.548499999999999877e-01 -0.000000000000000000e+00 2.472189999999999888e+00
2.932850000000000179e+00 -0.000000000000000000e+00 2.974399999999999822e-01 -0.000000000000000000e+00 2.508529999999999927e+00 -0.000000000000000000e+00 1.548499999999999877e-01 -0.000000000000000000e+00 2.472189999999999888e+00
2.524900000000000144e+00 -0.000000000000000000e+00 5.909900000000000153e-01 -0.000000000000000000e+00 4.681230000000000224e+00 -0.000000000000000000e+00 7.100199999999999845e-01 -0.000000000000000000e+00 3.289299999999999891e+00
2.524900000000000144e+00 -0.000000000000000000e+00 5.909900000000000153e-01 -0.000000000000000000e+00 4.681230000000000224e+00 -0.000000000000000000e+00 7.100199999999999845e-01 -0.000000000000000000e+00 3.289299999999999891e+00
2.715759999999999952e+00 -0.000000000000000000e+00 -3.523800000000000265e-01 -0.000000000000000000e+00 4.766070000000000029e+00 0.000000000000000000e+00 -4.759700000000000042e-01 0.000000000000000000e+00 2.746220000000000105e+00
2.715759999999999952e+00 -0.000000000000000000e+00 -3.523800000000000265e-01 -0.000000000000000000e+00 4.766070000000000029e+00 0.000000000000000000e+00 -4.759700000000000042e-01 0.000000000000000000e+00 2.746220000000000105e+00
-1.288289999999999935e+00 0.000000000000000000e+00 4.060199999999999920e-01 0.000000000000000000e+00 -4.284799999999999720e+00 -0.000000000000000000e+00 1.451300000000000090e-01 -0.000000000000000000e+00 -2.282249999999999890e+00
-1.288289999999999935e+00 0.000000000000000000e+00 4.060199999999999920e-01 0.000000000000000000e+00 -4.284799999999999720e+00 -0.000000000000000000e+00 1.451300000000000090e-01 -0.000000000000000000e+00 -2.282249999999999890e+00
-2.884139999999999926e+00 0.000000000000000000e+00 -4.297900000000000054e-01 0.000000000000000000e+00 -1.576140000000000096e+00 0.000000000000000000e+00 1.909700000000000009e-01 -0.000000000000000000e+00 -1.589830000000000076e+00
-2.884139999999999926e+00 0.000000000000000000e+00 -4.297900000000000054e-01 0.000000000000000000e+00 -1.576140000000000096e+00 0.000000000000000000e+00 1.909700000000000009e-01 -0.000000000000000000e+00 -1.589830000000000076e+00
-2.838839999999999808e+00 0.000000000000000000e+00 -5.190599999999999659e-01 0.000000000000000000e+00 -1.778899999999999926e+00 0.000000000000000000e+00 -9.402700000000000502e-01 0.000000000000000000e+00 -2.091369999999999951e+00
-2.838839999999999808e+00 0.000000000000000000e+00 -5.190599999999999659e-01 0.000000000000000000e+00 -1.778899999999999926e+00 0.000000000000000000e+00 -9.402700000000000502e-01 0.000000000000000000e+00 -2.091369999999999951e+00
-1.162239999999999940e+00 0.000000000000000000e+00 6.779999999999999569e-03 0.000000000000000000e+00 -4.315990000000000215e+00 -0.000000000000000000e+00 2.152600000000000069e-01 -0.000000000000000000e+00 -2.544270000000000032e+00
-1.162239999999999940e+00 0.000000000000000000e+00 6.779999999999999569e-03 0.000000000000000000e+00 -4.315990000000000215e+00 -0.000000000000000000e+00 2.152600000000000069e-01 -0.000000000000000000e+00 -2.544270000000000032e+00
