-1.274665747741786717e-02
-1.274659728424146904e-02
-6.736230393889884420e-03
1.260920055011666152e+00
1.260920056189435368e+00
1.821887860878187659e+00
1.821887860884875865e+00
2.573092291047500701e+00
2.573092291273377352e+00
5.593897962196431095e+00
6.191070662766096966e+00
8.692742862285127714e+00
1.048188044274714414e+01
1.048188044308250433e+01
1.051992586910720640e+01
1.051992586958250975e+01
1.078878159793535652e+01
1.078878159827383421e+01
1.088236368965662848e+01
1.088236369011498006e+01
1.638855917066434387e+01
1.927468020229587253e+01
1.958338546694591287e+01
2.056513268930954297e+01
