1.204790000000000028e+00 -7.373000000000000387e-02 1.519500000000000017e-01 -1.241899999999999948e-01 1.104870000000000019e+00 -1.241899999999999948e-01 1.519500000000000017e-01 -7.373000000000000387e-02 1.204790000000000028e+00
1.204790000000000028e+00 7.373000000000000387e-02 -1.519500000000000017e-01 1.241899999999999948e-01 1.104870000000000019e+00 -1.241899999999999948e-01 -1.519500000000000017e-01 -7.373000000000000387e-02 1.204790000000000028e+00
1.104870000000000019e+00 1.241899999999999948e-01 -1.241899999999999948e-01 7.373000000000000387e-02 1.204790000000000028e+00 -1.519500000000000017e-01 -7.373000000000000387e-02 -1.519500000000000017e-01 1.204790000000000028e+00
1.204790000000000028e+00 1.519500000000000017e-01 7.373000000000000387e-02 1.519500000000000017e-01 1.204790000000000028e+00 7.373000000000000387e-02 1.241899999999999948e-01 1.241899999999999948e-01 1.104870000000000019e+00
1.104870000000000019e+00 -1.241899999999999948e-01 1.241899999999999948e-01 -7.373000000000000387e-02 1.204790000000000028e+00 -1.519500000000000017e-01 7.373000000000000387e-02 -1.519500000000000017e-01 1.204790000000000028e+00
1.204790000000000028e+00 -7.373000000000000387e-02 -1.519500000000000017e-01 -1.241899999999999948e-01 1.104870000000000019e+00 1.241899999999999948e-01 -1.519500000000000017e-01 7.373000000000000387e-02 1.204790000000000028e+00
1.204790000000000028e+00 7.373000000000000387e-02 1.519500000000000017e-01 1.241899999999999948e-01 1.104870000000000019e+00 1.241899999999999948e-01 1.519500000000000017e-01 7.373000000000000387e-02 1.204790000000000028e+00
1.204790000000000028e+00 -1.519500000000000017e-01 7.373000000000000387e-02 -1.519500000000000017e-01 1.204790000000000028e+00 -7.373000000000000387e-02 1.241899999999999948e-01 -1.241899999999999948e-01 1.104870000000000019e+00
1.204790000000000028e+00 -1.519500000000000017e-01 -7.373000000000000387e-02 -1.519500000000000017e-01 1.204790000000000028e+00 7.373000000000000387e-02 -1.241899999999999948e-01 1.241899999999999948e-01 1.104870000000000019e+00
1.204790000000000028e+00 1.519500000000000017e-01 -7.373000000000000387e-02 1.519500000000000017e-01 1.204790000000000028e+00 -7.373000000000000387e-02 -1.241899999999999948e-01 -1.241899999999999948e-01 1.104870000000000019e+00
1.104870000000000019e+00 -1.241899999999999948e-01 -1.241899999999999948e-01 -7.373000000000000387e-02 1.204790000000000028e+00 1.519500000000000017e-01 -7.373000000000000387e-02 1.519500000000000017e-01 1.204790000000000028e+00
1.104870000000000019e+00 1.241899999999999948e-01 1.241899999999999948e-01 7.373000000000000387e-02 1.204790000000000028e+00 1.519500000000000017e-01 7.373000000000000387e-02 1.519500000000000017e-01 1.204790000000000028e+00
1.829429999999999890e+00 -2.507699999999999929e-01 -2.507699999999999929e-01 -2.507699999999999929e-01 1.829429999999999890e+00 -2.507699999999999929e-01 -2.507699999999999929e-01 -2.507699999999999929e-01 1.829429999999999890e+00
1.829429999999999890e+00 2.507699999999999929e-01 -2.507699999999999929e-01 2.507699999999999929e-01 1.829429999999999890e+00 2.507699999999999929e-01 -2.507699999999999929e-01 2.507699999999999929e-01 1.829429999999999890e+00
1.829429999999999890e+00 2.507699999999999929e-01 2.507699999999999929e-01 2.507699999999999929e-01 1.829429999999999890e+00 -2.507699999999999929e-01 2.507699999999999929e-01 -2.507699999999999929e-01 1.829429999999999890e+00
1.829429999999999890e+00 -2.507699999999999929e-01 2.507699999999999929e-01 -2.507699999999999929e-01 1.829429999999999890e+00 2.507699999999999929e-01 2.507699999999999929e-01 2.507699999999999929e-01 1.829429999999999890e+00
-1.336019999999999985e+00 -1.599000000000000074e-02 2.485300000000000009e-01 -1.599000000000000074e-02 -1.336019999999999985e+00 2.485300000000000009e-01 6.503000000000000447e-02 6.503000000000000447e-02 -2.671839999999999993e+00
-2.671839999999999993e+00 6.503000000000000447e-02 -6.503000000000000447e-02 2.485300000000000009e-01 -1.336019999999999985e+00 1.599000000000000074e-02 -2.485300000000000009e-01 1.599000000000000074e-02 -1.336019999999999985e+00
-1.336019999999999985e+00 2.485300000000000009e-01 1.599000000000000074e-02 6.503000000000000447e-02 -2.671839999999999993e+00 -6.503000000000000447e-02 1.599000000000000074e-02 -2.485300000000000009e-01 -1.336019999999999985e+00
-1.336019999999999985e+00 -2.485300000000000009e-01 -1.599000000000000074e-02 -6.503000000000000447e-02 -2.671839999999999993e+00 -6.503000000000000447e-02 -1.599000000000000074e-02 -2.485300000000000009e-01 -1.336019999999999985e+00
-2.671839999999999993e+00 -6.503000000000000447e-02 6.503000000000000447e-02 -2.485300000000000009e-01 -1.336019999999999985e+00 1.599000000000000074e-02 2.485300000000000009e-01 1.599000000000000074e-02 -1.336019999999999985e+00
-1.336019999999999985e+00 -2.485300000000000009e-01 1.599000000000000074e-02 -6.503000000000000447e-02 -2.671839999999999993e+00 6.503000000000000447e-02 1.599000000000000074e-02 2.485300000000000009e-01 -1.336019999999999985e+00
-1.336019999999999985e+00 2.485300000000000009e-01 -1.599000000000000074e-02 6.503000000000000447e-02 -2.671839999999999993e+00 6.503000000000000447e-02 -1.599000000000000074e-02 2.485300000000000009e-01 -1.336019999999999985e+00
-1.336019999999999985e+00 1.599000000000000074e-02 2.485300000000000009e-01 1.599000000000000074e-02 -1.336019999999999985e+00 -2.485300000000000009e-01 6.503000000000000447e-02 -6.503000000000000447e-02 -2.671839999999999993e+00
-1.336019999999999985e+00 1.599000000000000074e-02 -2.485300000000000009e-01 1.599000000000000074e-02 -1.336019999999999985e+00 2.485300000000000009e-01 -6.503000000000000447e-02 6.503000000000000447e-02 -2.671839999999999993e+00
-1.336019999999999985e+00 -1.599000000000000074e-02 -2.485300000000000009e-01 -1.599000000000000074e-02 -1.336019999999999985e+00 -2.485300000000000009e-01 -6.503000000000000447e-02 -6.503000000000000447e-02 -2.671839999999999993e+00
-2.671839999999999993e+00 -6.503000000000000447e-02 -6.503000000000000447e-02 -2.485300000000000009e-01 -1.336019999999999985e+00 -1.599000000000000074e-02 -2.485300000000000009e-01 -1.599000000000000074e-02 -1.336019999999999985e+00
-2.671839999999999993e+00 6.503000000000000447e-02 6.503000000000000447e-02 2.485300000000000009e-01 -1.336019999999999985e+00 -1.599000000000000074e-02 2.485300000000000009e-01 -1.599000000000000074e-02 -1.336019999999999985e+00
