-1.613923791206626213e-01
-1.320871177595556445e-01
-4.839521166410857417e-02
2.799285331960478018e+00
3.156657152172475556e+00
3.500645611342899421e+00
3.820224803399649094e+00
4.227332408051273305e+00
4.313572097686286355e+00
4.613129154604606263e+00
4.949961686828853402e+00
5.515566438952872019e+00
5.644512974668674410e+00
5.807533700205485871e+00
5.907512343879739447e+00
6.029285221276571072e+00
6.449975189573489587e+00
6.561046821875408774e+00
6.678962494010988848e+00
6.922924763635848855e+00
7.272124250255626698e+00
7.311193362708157117e+00
7.363462068315539177e+00
7.393636611886227783e+00
7.683503927346158058e+00
7.874103948625812421e+00
8.042888476699161515e+00
8.111000656688688082e+00
8.123989427997376112e+00
8.357617564886494321e+00
1.060429305312975856e+01
1.098582592090515320e+01
1.113228607785947410e+01
1.117726695213250032e+01
1.122134703744028705e+01
1.162634090117963659e+01
1.179116119693518527e+01
1.187952561487114878e+01
1.205786088031078940e+01
1.225035471542487819e+01
2.420164425923108453e+01
2.452530806777143724e+01
2.460893263099268680e+01
2.477486857171779633e+01
2.509678459540871387e+01
2.525961898406486839e+01
2.532875013743133508e+01
2.552429430106966635e+01
