-1.377510389620161257e-01
-8.296476396503456308e-02
-8.296466907131648527e-02
1.538055276278293304e+00
2.138975186897982272e+00
2.262743521911093403e+00
2.262743522266716933e+00
2.395375584109438627e+00
2.395375585268753493e+00
2.411614525194700764e+00
2.708310064493787639e+00
2.708310065718323223e+00
2.861708000664732854e+00
3.354151761037785562e+00
3.354151762096003520e+00
4.275482845847239588e+00
4.403443359022417347e+00
4.866073280486202357e+00
4.866073281240281823e+00
5.266712423134502608e+00
5.573375318866404804e+00
5.573375319558659058e+00
5.974796204585226533e+00
5.974796205662829429e+00
7.202306149683414205e+00
7.202306149703161076e+00
7.227508680112437744e+00
8.223212905231816805e+00
8.606641632653682095e+00
8.688883100458077990e+00
8.688883101083213489e+00
8.925085404019863944e+00
9.267277002579113798e+00
9.267277003180426576e+00
1.021007733656281147e+01
1.021007733693150854e+01
1.048283021346340327e+01
1.062707522192583376e+01
1.142357602941118522e+01
1.142357602942414196e+01
1.198833760307591945e+01
1.198833760335358001e+01
1.344906138354584080e+01
1.344906138384892458e+01
1.444611710395534665e+01
1.549865702642129683e+01
1.747841471151400583e+01
1.747841471174701411e+01
1.793888247231573985e+01
2.049982972681021565e+01
2.049982972709801388e+01
2.124387007853918519e+01
2.198980488130453992e+01
2.198980488131761035e+01
2.336482723239213399e+01
2.400771996486674809e+01
2.400771996500895256e+01
2.492914736974384482e+01
2.492914736998003633e+01
2.502587743421879907e+01
2.593065094433177009e+01
2.674991190908952632e+01
2.675858132031758174e+01
2.675858132050111493e+01
2.689537187287915998e+01
2.689537187298618193e+01
2.842117615720460932e+01
2.846239634607587732e+01
2.846239634637958105e+01
2.930048213647620159e+01
3.312260830700486025e+01
3.312260830702965819e+01
