3.233960000000000168e+00 -1.671499999999999930e-01 0.000000000000000000e+00 -6.370400000000000507e-01 3.990390000000000104e+00 0.000000000000000000e+00 0.000000000000000000e+00 0.000000000000000000e+00 3.461530000000000218e+00
4.149499999999999744e+00 1.084500000000000047e-01 -0.000000000000000000e+00 -3.614499999999999935e-01 3.074840000000000018e+00 0.000000000000000000e+00 0.000000000000000000e+00 0.000000000000000000e+00 3.461530000000000218e+00
3.453059999999999796e+00 7.635399999999999965e-01 0.000000000000000000e+00 2.936400000000000121e-01 3.771290000000000031e+00 0.000000000000000000e+00 0.000000000000000000e+00 0.000000000000000000e+00 3.461530000000000218e+00
3.453059999999999796e+00 7.635399999999999965e-01 0.000000000000000000e+00 2.936400000000000121e-01 3.771290000000000031e+00 0.000000000000000000e+00 0.000000000000000000e+00 0.000000000000000000e+00 3.461530000000000218e+00
3.233960000000000168e+00 -1.671499999999999930e-01 -0.000000000000000000e+00 -6.370400000000000507e-01 3.990390000000000104e+00 0.000000000000000000e+00 0.000000000000000000e+00 0.000000000000000000e+00 3.461530000000000218e+00
4.149499999999999744e+00 1.084500000000000047e-01 -0.000000000000000000e+00 -3.614499999999999935e-01 3.074840000000000018e+00 0.000000000000000000e+00 0.000000000000000000e+00 0.000000000000000000e+00 3.461530000000000218e+00
4.034440000000000026e+00 -1.939800000000000135e-01 -0.000000000000000000e+00 1.939800000000000135e-01 4.034440000000000026e+00 0.000000000000000000e+00 0.000000000000000000e+00 -0.000000000000000000e+00 3.319929999999999826e+00
4.034440000000000026e+00 -1.939800000000000135e-01 0.000000000000000000e+00 1.939800000000000135e-01 4.034440000000000026e+00 0.000000000000000000e+00 -0.000000000000000000e+00 0.000000000000000000e+00 3.319929999999999826e+00
4.034440000000000026e+00 -1.939800000000000135e-01 -0.000000000000000000e+00 1.939800000000000135e-01 4.034440000000000026e+00 0.000000000000000000e+00 0.000000000000000000e+00 -0.000000000000000000e+00 3.319929999999999826e+00
4.034440000000000026e+00 -1.939800000000000135e-01 0.000000000000000000e+00 1.939800000000000135e-01 4.034440000000000026e+00 -0.000000000000000000e+00 -0.000000000000000000e+00 0.000000000000000000e+00 3.319929999999999826e+00
-1.710639999999999938e+00 -4.444299999999999917e-01 -1.284099999999999964e-01 -3.937899999999999734e-01 -2.231009999999999938e+00 -1.274990000000000068e+00 1.807100000000000095e-01 -8.546799999999999953e-01 -2.269270000000000120e+00
-1.737950000000000106e+00 4.095599999999999796e-01 1.039970000000000061e+00 4.601999999999999980e-01 -2.203689999999999927e+00 -7.487000000000000322e-01 8.305299999999999905e-01 -2.708400000000000252e-01 -2.269270000000000120e+00
-2.463870000000000005e+00 -4.109000000000000152e-02 -1.168379999999999974e+00 9.549999999999999462e-03 -1.477770000000000028e+00 -5.262900000000000356e-01 -6.498199999999999532e-01 -5.838400000000000256e-01 -2.269270000000000120e+00
-2.463870000000000005e+00 -4.109000000000000152e-02 1.168379999999999974e+00 9.549999999999999462e-03 -1.477770000000000028e+00 5.262900000000000356e-01 6.498199999999999532e-01 5.838400000000000256e-01 -2.269270000000000120e+00
-1.737950000000000106e+00 4.095599999999999796e-01 -1.039970000000000061e+00 4.601999999999999980e-01 -2.203689999999999927e+00 7.487000000000000322e-01 -8.305299999999999905e-01 2.708400000000000252e-01 -2.269270000000000120e+00
-1.710639999999999938e+00 -4.444299999999999917e-01 1.284099999999999964e-01 -3.937899999999999734e-01 -2.231009999999999938e+00 1.274990000000000068e+00 -1.807100000000000095e-01 8.546799999999999953e-01 -2.269270000000000120e+00
-1.710639999999999938e+00 -4.444299999999999917e-01 -1.284099999999999964e-01 -3.937899999999999734e-01 -2.231009999999999938e+00 -1.274990000000000068e+00 1.807100000000000095e-01 -8.546799999999999953e-01 -2.269270000000000120e+00
-1.737950000000000106e+00 4.095599999999999796e-01 1.039970000000000061e+00 4.601999999999999980e-01 -2.203689999999999927e+00 -7.487000000000000322e-01 8.305299999999999905e-01 -2.708400000000000252e-01 -2.269270000000000120e+00
-2.463870000000000005e+00 -4.109000000000000152e-02 -1.168379999999999974e+00 9.549999999999999462e-03 -1.477770000000000028e+00 -5.262900000000000356e-01 -6.498199999999999532e-01 -5.838400000000000256e-01 -2.269270000000000120e+00
-2.463870000000000005e+00 -4.109000000000000152e-02 1.168379999999999974e+00 9.549999999999999462e-03 -1.477770000000000028e+00 5.262900000000000356e-01 6.498199999999999532e-01 5.838400000000000256e-01 -2.269270000000000120e+00
-1.737950000000000106e+00 4.095599999999999796e-01 -1.039970000000000061e+00 4.601999999999999980e-01 -2.203689999999999927e+00 7.487000000000000322e-01 -8.305299999999999905e-01 2.708400000000000252e-01 -2.269270000000000120e+00
-1.710639999999999938e+00 -4.444299999999999917e-01 1.284099999999999964e-01 -3.937899999999999734e-01 -2.231009999999999938e+00 1.274990000000000068e+00 -1.807100000000000095e-01 8.546799999999999953e-01 -2.269270000000000120e+00
-1.511959999999999971e+00 -5.174900000000000055e-01 0.000000000000000000e+00 -4.075099999999999834e-01 -3.208359999999999879e+00 0.000000000000000000e+00 0.000000000000000000e+00 0.000000000000000000e+00 -1.136269999999999891e+00
-2.383729999999999905e+00 9.108199999999999630e-01 0.000000000000000000e+00 1.020799999999999930e+00 -2.336590000000000167e+00 -0.000000000000000000e+00 0.000000000000000000e+00 0.000000000000000000e+00 -1.136269999999999891e+00
-3.184790000000000010e+00 -5.583000000000000185e-01 -0.000000000000000000e+00 -4.483199999999999963e-01 -1.535530000000000062e+00 -0.000000000000000000e+00 0.000000000000000000e+00 0.000000000000000000e+00 -1.136269999999999891e+00
-3.184790000000000010e+00 -5.583000000000000185e-01 -0.000000000000000000e+00 -4.483199999999999963e-01 -1.535530000000000062e+00 -0.000000000000000000e+00 0.000000000000000000e+00 0.000000000000000000e+00 -1.136269999999999891e+00
-2.383729999999999905e+00 9.108199999999999630e-01 0.000000000000000000e+00 1.020799999999999930e+00 -2.336590000000000167e+00 0.000000000000000000e+00 0.000000000000000000e+00 0.000000000000000000e+00 -1.136269999999999891e+00
-1.511959999999999971e+00 -5.174900000000000055e-01 0.000000000000000000e+00 -4.075099999999999834e-01 -3.208359999999999879e+00 0.000000000000000000e+00 0.000000000000000000e+00 0.000000000000000000e+00 -1.136269999999999891e+00
