1.152279999999999971e+00 1.020000000000000073e-02 6.421000000000000318e-02 6.421000000000000318e-02 1.152279999999999971e+00 1.020000000000000073e-02 1.020000000000000073e-02 6.421000000000000318e-02 1.152279999999999971e+00
1.152279999999999971e+00 1.020000000000000073e-02 -6.421000000000000318e-02 6.421000000000000318e-02 1.152279999999999971e+00 -1.020000000000000073e-02 -1.020000000000000073e-02 -6.421000000000000318e-02 1.152279999999999971e+00
1.152279999999999971e+00 -1.020000000000000073e-02 -6.421000000000000318e-02 -6.421000000000000318e-02 1.152279999999999971e+00 1.020000000000000073e-02 -1.020000000000000073e-02 6.421000000000000318e-02 1.152279999999999971e+00
1.152279999999999971e+00 -1.020000000000000073e-02 6.421000000000000318e-02 -6.421000000000000318e-02 1.152279999999999971e+00 -1.020000000000000073e-02 1.020000000000000073e-02 -6.421000000000000318e-02 1.152279999999999971e+00
1.141639999999999988e+00 -9.646000000000000407e-02 1.270799999999999985e-01 -1.270799999999999985e-01 1.141639999999999988e+00 9.646000000000000407e-02 9.646000000000000407e-02 1.270799999999999985e-01 1.141639999999999988e+00
1.141639999999999988e+00 -9.646000000000000407e-02 -1.270799999999999985e-01 -1.270799999999999985e-01 1.141639999999999988e+00 -9.646000000000000407e-02 -9.646000000000000407e-02 -1.270799999999999985e-01 1.141639999999999988e+00
1.333590000000000053e+00 6.121999999999999664e-02 1.906000000000000055e-02 -1.906000000000000055e-02 1.333590000000000053e+00 6.121999999999999664e-02 -6.121999999999999664e-02 -1.906000000000000055e-02 1.333590000000000053e+00
1.333590000000000053e+00 6.121999999999999664e-02 -1.906000000000000055e-02 -1.906000000000000055e-02 1.333590000000000053e+00 -6.121999999999999664e-02 6.121999999999999664e-02 1.906000000000000055e-02 1.333590000000000053e+00
1.333590000000000053e+00 -6.121999999999999664e-02 -1.906000000000000055e-02 1.906000000000000055e-02 1.333590000000000053e+00 6.121999999999999664e-02 6.121999999999999664e-02 -1.906000000000000055e-02 1.333590000000000053e+00
1.333590000000000053e+00 -6.121999999999999664e-02 1.906000000000000055e-02 1.906000000000000055e-02 1.333590000000000053e+00 -6.121999999999999664e-02 -6.121999999999999664e-02 1.906000000000000055e-02 1.333590000000000053e+00
1.141639999999999988e+00 9.646000000000000407e-02 -1.270799999999999985e-01 1.270799999999999985e-01 1.141639999999999988e+00 9.646000000000000407e-02 -9.646000000000000407e-02 1.270799999999999985e-01 1.141639999999999988e+00
1.141639999999999988e+00 9.646000000000000407e-02 1.270799999999999985e-01 1.270799999999999985e-01 1.141639999999999988e+00 -9.646000000000000407e-02 9.646000000000000407e-02 -1.270799999999999985e-01 1.141639999999999988e+00
1.870200000000000085e+00 2.745400000000000063e-01 -3.322800000000000198e-01 3.322800000000000198e-01 1.870200000000000085e+00 2.745400000000000063e-01 -2.745400000000000063e-01 3.322800000000000198e-01 1.870200000000000085e+00
1.870200000000000085e+00 2.745400000000000063e-01 3.322800000000000198e-01 3.322800000000000198e-01 1.870200000000000085e+00 -2.745400000000000063e-01 2.745400000000000063e-01 -3.322800000000000198e-01 1.870200000000000085e+00
1.870200000000000085e+00 -2.745400000000000063e-01 3.322800000000000198e-01 -3.322800000000000198e-01 1.870200000000000085e+00 2.745400000000000063e-01 2.745400000000000063e-01 3.322800000000000198e-01 1.870200000000000085e+00
1.870200000000000085e+00 -2.745400000000000063e-01 -3.322800000000000198e-01 -3.322800000000000198e-01 1.870200000000000085e+00 -2.745400000000000063e-01 -2.745400000000000063e-01 -3.322800000000000198e-01 1.870200000000000085e+00
-1.420150000000000023e+00 -3.469999999999999994e-03 5.118800000000000017e-01 4.104000000000000009e-02 -1.391890000000000072e+00 -2.545600000000000085e-01 1.902899999999999869e-01 1.815999999999999906e-02 -2.685670000000000002e+00
-1.420150000000000023e+00 3.469999999999999994e-03 -5.118800000000000017e-01 -4.104000000000000009e-02 -1.391890000000000072e+00 -2.545600000000000085e-01 -1.902899999999999869e-01 1.815999999999999906e-02 -2.685670000000000002e+00
-1.420150000000000023e+00 3.469999999999999994e-03 5.118800000000000017e-01 -4.104000000000000009e-02 -1.391890000000000072e+00 2.545600000000000085e-01 1.902899999999999869e-01 -1.815999999999999906e-02 -2.685670000000000002e+00
-1.391890000000000072e+00 -2.545600000000000085e-01 -4.104000000000000009e-02 1.815999999999999906e-02 -2.685670000000000002e+00 -1.902899999999999869e-01 3.469999999999999994e-03 -5.118800000000000017e-01 -1.420150000000000023e+00
-1.391890000000000072e+00 -2.545600000000000085e-01 4.104000000000000009e-02 1.815999999999999906e-02 -2.685670000000000002e+00 1.902899999999999869e-01 -3.469999999999999994e-03 5.118800000000000017e-01 -1.420150000000000023e+00
-2.685670000000000002e+00 1.902899999999999869e-01 1.815999999999999906e-02 5.118800000000000017e-01 -1.420150000000000023e+00 -3.469999999999999994e-03 -2.545600000000000085e-01 4.104000000000000009e-02 -1.391890000000000072e+00
-1.391890000000000072e+00 2.545600000000000085e-01 -4.104000000000000009e-02 -1.815999999999999906e-02 -2.685670000000000002e+00 1.902899999999999869e-01 3.469999999999999994e-03 5.118800000000000017e-01 -1.420150000000000023e+00
-1.391890000000000072e+00 2.545600000000000085e-01 4.104000000000000009e-02 -1.815999999999999906e-02 -2.685670000000000002e+00 -1.902899999999999869e-01 -3.469999999999999994e-03 -5.118800000000000017e-01 -1.420150000000000023e+00
-2.685670000000000002e+00 -1.902899999999999869e-01 -1.815999999999999906e-02 -5.118800000000000017e-01 -1.420150000000000023e+00 -3.469999999999999994e-03 2.545600000000000085e-01 4.104000000000000009e-02 -1.391890000000000072e+00
-1.420150000000000023e+00 -3.469999999999999994e-03 -5.118800000000000017e-01 4.104000000000000009e-02 -1.391890000000000072e+00 2.545600000000000085e-01 -1.902899999999999869e-01 -1.815999999999999906e-02 -2.685670000000000002e+00
-2.685670000000000002e+00 1.902899999999999869e-01 -1.815999999999999906e-02 5.118800000000000017e-01 -1.420150000000000023e+00 3.469999999999999994e-03 2.545600000000000085e-01 -4.104000000000000009e-02 -1.391890000000000072e+00
-2.685670000000000002e+00 -1.902899999999999869e-01 1.815999999999999906e-02 -5.118800000000000017e-01 -1.420150000000000023e+00 3.469999999999999994e-03 -2.545600000000000085e-01 -4.104000000000000009e-02 -1.391890000000000072e+00
