-7.494247544624442481e-02
-7.494247544595561417e-02
-5.430594332333178037e-02
1.474405726371883052e+00
1.474405726371938785e+00
1.657725305219855061e+00
2.322945326839890967e+00
2.322945326839893632e+00
4.140127944665952242e+00
9.047666165946150585e+00
9.122845969070461081e+00
9.122845969070471739e+00
9.168969871142923722e+00
9.461859451383821451e+00
1.272762680782579459e+01
1.353242505619351022e+01
1.353242505619351910e+01
2.490146288129231422e+01
2.507547185756972397e+01
2.507547185756973107e+01
2.860931084103426869e+01
