2.854950000000000099e+00 1.555999999999999883e-01 -1.555999999999999883e-01 1.555999999999999883e-01 2.854950000000000099e+00 -1.555999999999999883e-01 -1.555999999999999883e-01 -1.555999999999999883e-01 2.854950000000000099e+00
2.854950000000000099e+00 -1.555999999999999883e-01 1.555999999999999883e-01 -1.555999999999999883e-01 2.854950000000000099e+00 -1.555999999999999883e-01 1.555999999999999883e-01 -1.555999999999999883e-01 2.854950000000000099e+00
2.854950000000000099e+00 -1.555999999999999883e-01 -1.555999999999999883e-01 -1.555999999999999883e-01 2.854950000000000099e+00 1.555999999999999883e-01 -1.555999999999999883e-01 1.555999999999999883e-01 2.854950000000000099e+00
2.854950000000000099e+00 1.555999999999999883e-01 1.555999999999999883e-01 1.555999999999999883e-01 2.854950000000000099e+00 1.555999999999999883e-01 1.555999999999999883e-01 1.555999999999999883e-01 2.854950000000000099e+00
2.066660000000000164e+00 0.000000000000000000e+00 -0.000000000000000000e+00 0.000000000000000000e+00 2.066660000000000164e+00 0.000000000000000000e+00 -0.000000000000000000e+00 -0.000000000000000000e+00 2.066660000000000164e+00
2.066660000000000164e+00 0.000000000000000000e+00 -0.000000000000000000e+00 0.000000000000000000e+00 2.066660000000000164e+00 0.000000000000000000e+00 -0.000000000000000000e+00 -0.000000000000000000e+00 2.066660000000000164e+00
-1.944139999999999979e+00 -1.189800000000000024e-01 -1.189800000000000024e-01 -1.189800000000000024e-01 -1.944139999999999979e+00 -1.189800000000000024e-01 -1.189800000000000024e-01 -1.189800000000000024e-01 -1.944139999999999979e+00
-1.944139999999999979e+00 1.189800000000000024e-01 1.189800000000000024e-01 1.189800000000000024e-01 -1.944139999999999979e+00 -1.189800000000000024e-01 1.189800000000000024e-01 -1.189800000000000024e-01 -1.944139999999999979e+00
-1.944139999999999979e+00 -1.189800000000000024e-01 1.189800000000000024e-01 -1.189800000000000024e-01 -1.944139999999999979e+00 1.189800000000000024e-01 1.189800000000000024e-01 1.189800000000000024e-01 -1.944139999999999979e+00
-1.944139999999999979e+00 1.189800000000000024e-01 -1.189800000000000024e-01 1.189800000000000024e-01 -1.944139999999999979e+00 1.189800000000000024e-01 -1.189800000000000024e-01 1.189800000000000024e-01 -1.944139999999999979e+00
-1.944139999999999979e+00 -1.189800000000000024e-01 1.189800000000000024e-01 -1.189800000000000024e-01 -1.944139999999999979e+00 1.189800000000000024e-01 1.189800000000000024e-01 1.189800000000000024e-01 -1.944139999999999979e+00
-1.944139999999999979e+00 1.189800000000000024e-01 -1.189800000000000024e-01 1.189800000000000024e-01 -1.944139999999999979e+00 1.189800000000000024e-01 -1.189800000000000024e-01 1.189800000000000024e-01 -1.944139999999999979e+00
-1.944139999999999979e+00 -1.189800000000000024e-01 -1.189800000000000024e-01 -1.189800000000000024e-01 -1.944139999999999979e+00 -1.189800000000000024e-01 -1.189800000000000024e-01 -1.189800000000000024e-01 -1.944139999999999979e+00
-1.944139999999999979e+00 1.189800000000000024e-01 1.189800000000000024e-01 1.189800000000000024e-01 -1.944139999999999979e+00 -1.189800000000000024e-01 1.189800000000000024e-01 -1.189800000000000024e-01 -1.944139999999999979e+00
