-4.961966349480034788e-02
-1.847235926296527872e-02
-1.400811982287012564e-02
1.790278640162928037e+00
1.831007973520712317e+00
2.239824098924831919e+00
2.669913302771258046e+00
2.986699221590333853e+00
4.061984844908709924e+00
4.143402162593214477e+00
4.288938569510746923e+00
4.330764022641081290e+00
4.743956559569101117e+00
5.715202924262698048e+00
6.121057015938365709e+00
6.174120169453449769e+00
6.754030871981500539e+00
7.475061774570258777e+00
7.668593901108720523e+00
8.189964119718631252e+00
8.898588261479586592e+00
9.533440707013923543e+00
1.044508804802885038e+01
1.055233878689522342e+01
1.438499287912620694e+01
1.457479139079889485e+01
1.538496623707171196e+01
1.545901028028446511e+01
1.814967348395412117e+01
2.005611946117295119e+01
2.035788595387587918e+01
2.080421400121541708e+01
2.490116973090664843e+01
2.529497010919081745e+01
2.623860563431693294e+01
2.674486736681002697e+01
