6.138169999999999682e+00 0.000000000000000000e+00 -5.943599999999999994e-01 0.000000000000000000e+00 5.539069999999999716e+00 0.000000000000000000e+00 -3.235299999999999843e-01 0.000000000000000000e+00 6.178740000000000343e+00
5.741819999999999702e+00 0.000000000000000000e+00 7.427000000000000268e-01 0.000000000000000000e+00 6.725229999999999819e+00 0.000000000000000000e+00 3.833799999999999986e-01 0.000000000000000000e+00 6.817590000000000039e+00
6.138169999999999682e+00 0.000000000000000000e+00 -5.943599999999999994e-01 0.000000000000000000e+00 5.539069999999999716e+00 0.000000000000000000e+00 -3.235299999999999843e-01 0.000000000000000000e+00 6.178740000000000343e+00
5.741819999999999702e+00 0.000000000000000000e+00 7.427000000000000268e-01 0.000000000000000000e+00 6.725229999999999819e+00 0.000000000000000000e+00 3.833799999999999986e-01 0.000000000000000000e+00 6.817590000000000039e+00
-5.934499999999999886e+00 -0.000000000000000000e+00 -6.839000000000000634e-02 -0.000000000000000000e+00 -9.868599999999999595e-01 -0.000000000000000000e+00 -4.850000000000000144e-03 -0.000000000000000000e+00 -2.996319999999999872e+00
-2.740489999999999871e+00 -0.000000000000000000e+00 -8.575000000000000677e-02 -0.000000000000000000e+00 -5.647859999999999658e+00 -0.000000000000000000e+00 -3.488000000000000128e-02 -0.000000000000000000e+00 -1.184479999999999977e+00
-8.669000000000000039e-01 -0.000000000000000000e+00 -7.951999999999999347e-02 -0.000000000000000000e+00 -9.706399999999999473e-01 -0.000000000000000000e+00 -1.379700000000000093e-01 -0.000000000000000000e+00 -6.710860000000000269e+00
-5.934499999999999886e+00 -0.000000000000000000e+00 -6.839000000000000634e-02 -0.000000000000000000e+00 -9.868599999999999595e-01 -0.000000000000000000e+00 -4.850000000000000144e-03 -0.000000000000000000e+00 -2.996319999999999872e+00
-2.338099999999999845e+00 -0.000000000000000000e+00 8.530999999999999694e-02 -0.000000000000000000e+00 -4.658940000000000303e+00 -0.000000000000000000e+00 1.178499999999999964e-01 -0.000000000000000000e+00 -2.104670000000000041e+00
-8.669000000000000039e-01 -0.000000000000000000e+00 -7.951999999999999347e-02 -0.000000000000000000e+00 -9.706399999999999473e-01 -0.000000000000000000e+00 -1.379700000000000093e-01 -0.000000000000000000e+00 -6.710860000000000269e+00
-2.338099999999999845e+00 -0.000000000000000000e+00 8.530999999999999694e-02 -0.000000000000000000e+00 -4.658940000000000303e+00 -0.000000000000000000e+00 1.178499999999999964e-01 -0.000000000000000000e+00 -2.104670000000000041e+00
-2.740489999999999871e+00 -0.000000000000000000e+00 -8.575000000000000677e-02 -0.000000000000000000e+00 -5.647859999999999658e+00 -0.000000000000000000e+00 -3.488000000000000128e-02 -0.000000000000000000e+00 -1.184479999999999977e+00
