-4.174303131743951900e-02
-2.235477734664404609e-02
-2.235462043254016901e-02
2.237532559746093330e+00
2.237532563640769467e+00
2.396763508039797763e+00
2.396763510864034163e+00
3.598816570538913240e+00
3.598816571731065839e+00
3.960940917927785687e+00
4.055234317574524461e+00
4.055234318199571142e+00
4.934240744370042897e+00
4.934240744503824772e+00
5.340337384842539059e+00
5.340337384981291180e+00
5.624397017209824767e+00
5.624397017523837583e+00
6.455878667388463832e+00
6.898116112248016130e+00
7.080419855201805390e+00
7.080419855457331657e+00
7.138230959933368425e+00
7.138230960672982128e+00
7.338648300667212965e+00
7.975884486626743985e+00
9.200878500536752824e+00
9.298878430260170802e+00
9.623541242902865278e+00
9.867878164475120784e+00
9.867878165211829256e+00
9.927113088531001495e+00
1.037755366091408149e+01
1.037755366107763422e+01
1.103131840554702769e+01
1.103131840612476999e+01
1.138211496029270009e+01
1.138211496047085802e+01
1.304170850316882735e+01
1.321883398243865138e+01
1.399656370282189322e+01
1.399656370309541487e+01
1.402230120178473705e+01
1.402230120245832623e+01
1.439431999450818189e+01
1.439431999502699000e+01
1.440838758197524250e+01
1.440838758222283467e+01
1.664840775013919938e+01
1.678772242658000025e+01
1.785359851799524478e+01
1.985938491403304695e+01
1.991839150925634527e+01
1.991839150944011649e+01
1.993912776306760648e+01
1.993912776308122758e+01
2.012205760549669620e+01
2.012205760580721048e+01
2.014182925744327335e+01
2.014182925748977837e+01
2.333694160414500018e+01
2.342922541033741979e+01
2.624012606647102785e+01
2.624012606676382475e+01
2.625683378446720084e+01
2.625683378467412510e+01
2.634199354627797973e+01
2.634199354650828795e+01
2.635820651305522233e+01
2.635820651311565754e+01
2.656589319707875418e+01
2.668665955632805264e+01
2.689428820218712346e+01
2.690316082139013787e+01
3.336288093141526900e+01
3.341553318988407284e+01
3.479688694614062427e+01
3.749998354610493578e+01
