-1.080214886029626925e-01
-9.588335356045907254e-02
-3.162402962938151707e-02
5.813725500915913891e-01
9.563745134621687294e-01
1.147152348208379857e+00
1.367951117547699491e+00
1.478703266379025827e+00
1.528181317776133641e+00
1.719052180708892763e+00
1.761932515733789506e+00
1.813613737817399763e+00
1.850018859363330881e+00
1.957404993863048226e+00
2.091897265641886161e+00
2.460607835474803995e+00
2.600077518075182503e+00
3.435616640430069868e+00
3.457474844449341500e+00
3.771243017892111471e+00
4.078764285908172305e+00
4.145999409068940267e+00
5.392440022846800574e+00
5.450352346408441129e+00
5.565528519377113348e+00
5.755569667721866622e+00
6.349212510225185291e+00
6.366823745008181490e+00
6.646710961069391743e+00
6.849215042616197735e+00
7.865464150321963110e+00
7.912965682978790660e+00
8.119856827555521406e+00
8.413574353388694860e+00
8.613372533450530000e+00
8.673411082152165719e+00
8.762133998062344276e+00
9.306201131503659241e+00
9.376451684939244302e+00
9.432863393477083136e+00
9.440034279598776834e+00
9.779720042005292768e+00
9.849263997883292987e+00
1.003541259739727920e+01
1.090471553961862838e+01
1.096794807609882838e+01
1.112860350628056061e+01
1.172389781599959235e+01
1.181526461828087982e+01
1.321542738620283863e+01
1.334093418767966277e+01
1.439940627248221006e+01
1.477984911966289339e+01
1.482692176414241381e+01
1.563488311436961098e+01
1.564112729313331762e+01
1.572510699486652186e+01
1.685866533863223893e+01
1.706711850313344669e+01
1.759550530675376834e+01
1.930311088918053031e+01
1.947130807110811546e+01
1.977736562335843473e+01
2.675982167354633390e+01
2.680653431534930675e+01
2.695548318988179304e+01
