1.052200000000000024e+00 1.178099999999999981e-01 -1.311000000000000013e-02 9.335999999999999854e-02 9.572500000000000453e-01 4.193000000000000199e-02 1.511000000000000017e-02 5.528999999999999887e-02 1.135380000000000056e+00
1.052200000000000024e+00 -1.178099999999999981e-01 -1.311000000000000013e-02 -9.335999999999999854e-02 9.572500000000000453e-01 -4.193000000000000199e-02 1.511000000000000017e-02 -5.528999999999999887e-02 1.135380000000000056e+00
1.052200000000000024e+00 -1.178099999999999981e-01 1.311000000000000013e-02 -9.335999999999999854e-02 9.572500000000000453e-01 4.193000000000000199e-02 -1.511000000000000017e-02 5.528999999999999887e-02 1.135380000000000056e+00
1.052200000000000024e+00 1.178099999999999981e-01 1.311000000000000013e-02 9.335999999999999854e-02 9.572500000000000453e-01 -4.193000000000000199e-02 -1.511000000000000017e-02 -5.528999999999999887e-02 1.135380000000000056e+00
3.860609999999999875e+00 0.000000000000000000e+00 1.652299999999999880e-01 0.000000000000000000e+00 3.897009999999999863e+00 0.000000000000000000e+00 2.282999999999999960e-02 -0.000000000000000000e+00 3.285439999999999916e+00
3.860609999999999875e+00 0.000000000000000000e+00 1.652299999999999880e-01 0.000000000000000000e+00 3.897009999999999863e+00 0.000000000000000000e+00 2.282999999999999960e-02 -0.000000000000000000e+00 3.285439999999999916e+00
3.860609999999999875e+00 -0.000000000000000000e+00 -1.652299999999999880e-01 0.000000000000000000e+00 3.897009999999999863e+00 0.000000000000000000e+00 -2.282999999999999960e-02 0.000000000000000000e+00 3.285439999999999916e+00
3.860609999999999875e+00 -0.000000000000000000e+00 -1.652299999999999880e-01 0.000000000000000000e+00 3.897009999999999863e+00 0.000000000000000000e+00 -2.282999999999999960e-02 0.000000000000000000e+00 3.285439999999999916e+00
3.289960000000000218e+00 0.000000000000000000e+00 -2.079799999999999982e-01 0.000000000000000000e+00 2.853359999999999896e+00 0.000000000000000000e+00 1.621599999999999986e-01 0.000000000000000000e+00 2.853139999999999787e+00
3.289960000000000218e+00 -0.000000000000000000e+00 2.079799999999999982e-01 0.000000000000000000e+00 2.853359999999999896e+00 0.000000000000000000e+00 -1.621599999999999986e-01 -0.000000000000000000e+00 2.853139999999999787e+00
3.289960000000000218e+00 0.000000000000000000e+00 -2.079799999999999982e-01 0.000000000000000000e+00 2.853359999999999896e+00 0.000000000000000000e+00 1.621599999999999986e-01 0.000000000000000000e+00 2.853139999999999787e+00
3.289960000000000218e+00 -0.000000000000000000e+00 2.079799999999999982e-01 0.000000000000000000e+00 2.853359999999999896e+00 0.000000000000000000e+00 -1.621599999999999986e-01 0.000000000000000000e+00 2.853139999999999787e+00
-1.829639999999999933e+00 -0.000000000000000000e+00 -5.403499999999999970e-01 0.000000000000000000e+00 -1.287269999999999914e+00 0.000000000000000000e+00 -5.405900000000000150e-01 -0.000000000000000000e+00 -2.385609999999999786e+00
-1.829639999999999933e+00 -0.000000000000000000e+00 -5.403499999999999970e-01 0.000000000000000000e+00 -1.287269999999999914e+00 0.000000000000000000e+00 -5.405900000000000150e-01 -0.000000000000000000e+00 -2.385609999999999786e+00
-1.829639999999999933e+00 0.000000000000000000e+00 5.403499999999999970e-01 0.000000000000000000e+00 -1.287269999999999914e+00 0.000000000000000000e+00 5.405900000000000150e-01 -0.000000000000000000e+00 -2.385609999999999786e+00
-1.829639999999999933e+00 0.000000000000000000e+00 5.403499999999999970e-01 0.000000000000000000e+00 -1.287269999999999914e+00 0.000000000000000000e+00 5.405900000000000150e-01 -0.000000000000000000e+00 -2.385609999999999786e+00
-3.088439999999999852e+00 0.000000000000000000e+00 4.750000000000000056e-02 0.000000000000000000e+00 -1.342670000000000030e+00 0.000000000000000000e+00 1.191099999999999937e-01 0.000000000000000000e+00 -1.348330000000000028e+00
-3.088439999999999852e+00 0.000000000000000000e+00 4.750000000000000056e-02 0.000000000000000000e+00 -1.342670000000000030e+00 0.000000000000000000e+00 1.191099999999999937e-01 0.000000000000000000e+00 -1.348330000000000028e+00
-3.088439999999999852e+00 0.000000000000000000e+00 -4.750000000000000056e-02 0.000000000000000000e+00 -1.342670000000000030e+00 0.000000000000000000e+00 -1.191099999999999937e-01 -0.000000000000000000e+00 -1.348330000000000028e+00
-3.088439999999999852e+00 0.000000000000000000e+00 -4.750000000000000056e-02 0.000000000000000000e+00 -1.342670000000000030e+00 0.000000000000000000e+00 -1.191099999999999937e-01 -0.000000000000000000e+00 -1.348330000000000028e+00
-1.642339999999999911e+00 2.885400000000000187e-01 -3.334199999999999942e-01 3.124199999999999755e-01 -2.538839999999999986e+00 -3.245199999999999751e-01 -3.998300000000000187e-01 -2.670899999999999941e-01 -1.770010000000000083e+00
-1.642339999999999911e+00 -2.885400000000000187e-01 -3.334199999999999942e-01 -3.124199999999999755e-01 -2.538839999999999986e+00 3.245199999999999751e-01 -3.998300000000000187e-01 2.670899999999999941e-01 -1.770010000000000083e+00
-1.642339999999999911e+00 2.885400000000000187e-01 3.334199999999999942e-01 3.124199999999999755e-01 -2.538839999999999986e+00 3.245199999999999751e-01 3.998300000000000187e-01 2.670899999999999941e-01 -1.770010000000000083e+00
-1.642339999999999911e+00 -2.885400000000000187e-01 3.334199999999999942e-01 -3.124199999999999755e-01 -2.538839999999999986e+00 -3.245199999999999751e-01 3.998300000000000187e-01 -2.670899999999999941e-01 -1.770010000000000083e+00
-1.642339999999999911e+00 2.885400000000000187e-01 3.334199999999999942e-01 3.124199999999999755e-01 -2.538839999999999986e+00 3.245199999999999751e-01 3.998300000000000187e-01 2.670899999999999941e-01 -1.770010000000000083e+00
-1.642339999999999911e+00 -2.885400000000000187e-01 3.334199999999999942e-01 -3.124199999999999755e-01 -2.538839999999999986e+00 -3.245199999999999751e-01 3.998300000000000187e-01 -2.670899999999999941e-01 -1.770010000000000083e+00
-1.642339999999999911e+00 2.885400000000000187e-01 -3.334199999999999942e-01 3.124199999999999755e-01 -2.538839999999999986e+00 -3.245199999999999751e-01 -3.998300000000000187e-01 -2.670899999999999941e-01 -1.770010000000000083e+00
-1.642339999999999911e+00 -2.885400000000000187e-01 -3.334199999999999942e-01 -3.124199999999999755e-01 -2.538839999999999986e+00 3.245199999999999751e-01 -3.998300000000000187e-01 2.670899999999999941e-01 -1.770010000000000083e+00
