-2.117843585979014842e-01
-4.540803780769975262e-02
-4.504646475566261021e-02
1.524286418965668410e+00
1.870861193828127433e+00
2.339938818268609833e+00
2.341667717708799668e+00
2.564241051592727416e+00
2.751104241922648797e+00
2.816492870034552176e+00
2.925802012068623004e+00
2.983715091737125125e+00
3.223158060915895629e+00
3.398520566702034618e+00
3.538657258184501053e+00
3.853282593607699535e+00
4.004870035169525444e+00
4.007241446857559453e+00
4.458798603023530482e+00
4.484269934555062953e+00
4.594676982278305566e+00
4.612155970780245973e+00
4.777607211783228003e+00
4.927148808672452418e+00
5.151610926676189806e+00
5.371745901763626208e+00
5.496137909293695500e+00
5.622097068982911061e+00
5.781697597085734053e+00
5.799978828688217014e+00
5.985672035884062936e+00
6.104773855832810625e+00
6.153220248484051247e+00
6.356632570789665593e+00
6.556888191358876128e+00
6.803343519647548909e+00
6.846078797978346842e+00
6.982148564533404489e+00
7.114047639697049341e+00
7.348843509548445674e+00
7.540658209623057218e+00
7.706625681880809431e+00
7.763185580714861089e+00
7.798356149002593440e+00
8.193222801324454352e+00
8.277318095434640810e+00
8.707106422708832838e+00
8.935155795161904280e+00
9.140508697504692748e+00
9.159797189479249369e+00
9.701295852531570674e+00
9.840919610588622746e+00
9.869394582211359790e+00
1.021897646034656404e+01
1.106748559816993271e+01
1.184760464042479811e+01
1.374298808152492768e+01
1.383908693848373694e+01
1.644662398931012248e+01
1.651160471177067279e+01
1.986352616487798173e+01
1.987200599135987389e+01
2.102537022165444469e+01
2.123293859822397067e+01
2.269781584684862352e+01
2.272449294043515877e+01
2.292052649256326902e+01
2.302119210589386711e+01
2.388756608097937573e+01
2.429768076686900713e+01
2.490000687773665078e+01
2.500774996372831183e+01
