1.090559999999999974e+00 -2.589799999999999880e-01 -4.600000000000000139e-04 -2.589799999999999880e-01 1.389599999999999946e+00 8.000000000000000383e-04 -1.059999999999999961e-03 1.830000000000000029e-03 1.215549999999999908e+00
1.539120000000000044e+00 0.000000000000000000e+00 9.200000000000000278e-04 0.000000000000000000e+00 9.410300000000000331e-01 0.000000000000000000e+00 2.119999999999999923e-03 0.000000000000000000e+00 1.215549999999999908e+00
1.090559999999999974e+00 2.589799999999999880e-01 -4.600000000000000139e-04 2.589799999999999880e-01 1.389599999999999946e+00 -8.000000000000000383e-04 -1.059999999999999961e-03 -1.830000000000000029e-03 1.215549999999999908e+00
8.210670000000000357e+00 0.000000000000000000e+00 3.073500000000000121e-01 0.000000000000000000e+00 6.701819999999999666e+00 0.000000000000000000e+00 1.198499999999999982e-01 0.000000000000000000e+00 8.749660000000000437e+00
7.079030000000000378e+00 6.533499999999999863e-01 -1.536700000000000010e-01 6.533499999999999863e-01 7.833459999999999646e+00 -2.661700000000000177e-01 -5.992999999999999716e-02 -1.038000000000000034e-01 8.749660000000000437e+00
7.079030000000000378e+00 -6.533499999999999863e-01 -1.536700000000000010e-01 -6.533499999999999863e-01 7.833459999999999646e+00 2.661700000000000177e-01 -5.992999999999999716e-02 1.038000000000000034e-01 8.749660000000000437e+00
4.597279999999999589e+00 -6.797900000000000054e-01 -0.000000000000000000e+00 6.797900000000000054e-01 4.597279999999999589e+00 -0.000000000000000000e+00 -0.000000000000000000e+00 0.000000000000000000e+00 3.724600000000000133e-01
4.597279999999999589e+00 6.797900000000000054e-01 -0.000000000000000000e+00 -6.797900000000000054e-01 4.597279999999999589e+00 0.000000000000000000e+00 -0.000000000000000000e+00 -0.000000000000000000e+00 3.724600000000000133e-01
-1.354579999999999895e+00 -0.000000000000000000e+00 -2.901000000000000245e-01 -0.000000000000000000e+00 -1.200490000000000057e+00 -0.000000000000000000e+00 -1.856399999999999995e-01 0.000000000000000000e+00 -6.784060000000000201e+00
-3.505389999999999784e+00 2.200889999999999791e+00 1.034700000000000064e-01 1.594649999999999901e+00 -3.487950000000000106e+00 -9.049999999999999711e-02 7.424000000000000044e-02 -3.910000000000000281e-02 -1.085269999999999957e+00
-1.848789999999999933e+00 -6.382100000000000550e-01 2.663000000000000089e-02 -1.244450000000000056e+00 -5.144549999999999734e+00 1.348600000000000076e-01 -3.259999999999999877e-03 8.383999999999999786e-02 -1.085269999999999957e+00
-1.461549999999999905e+00 0.000000000000000000e+00 -3.858000000000000318e-02 -0.000000000000000000e+00 -5.519059999999999633e+00 0.000000000000000000e+00 -1.074500000000000038e-01 0.000000000000000000e+00 -1.258909999999999973e+00
-5.135819999999999830e+00 6.533200000000000118e-01 -1.301100000000000034e-01 1.259560000000000013e+00 -1.857509999999999994e+00 4.435999999999999666e-02 -7.098000000000000143e-02 4.474000000000000199e-02 -1.085269999999999957e+00
-5.135819999999999830e+00 -6.533200000000000118e-01 -1.301100000000000034e-01 -1.259560000000000013e+00 -1.857509999999999994e+00 -4.435999999999999666e-02 -7.098000000000000143e-02 -4.474000000000000199e-02 -1.085269999999999957e+00
-4.504690000000000083e+00 -1.756960000000000077e+00 1.929000000000000159e-02 -1.756960000000000077e+00 -2.475929999999999964e+00 -3.341000000000000220e-02 5.371999999999999692e-02 -9.304999999999999383e-02 -1.258909999999999973e+00
-4.504690000000000083e+00 1.756960000000000077e+00 1.929000000000000159e-02 1.756960000000000077e+00 -2.475929999999999964e+00 3.341000000000000220e-02 5.371999999999999692e-02 9.304999999999999383e-02 -1.258909999999999973e+00
-1.848789999999999933e+00 6.382100000000000550e-01 2.663000000000000089e-02 1.244450000000000056e+00 -5.144549999999999734e+00 -1.348600000000000076e-01 -3.259999999999999877e-03 -8.383999999999999786e-02 -1.085269999999999957e+00
-1.239009999999999945e+00 -6.672000000000000153e-02 1.450500000000000123e-01 -6.672000000000000153e-02 -1.316049999999999942e+00 2.512300000000000089e-01 9.281999999999999973e-02 1.607699999999999962e-01 -6.784060000000000201e+00
-3.505389999999999784e+00 -2.200889999999999791e+00 1.034700000000000064e-01 -1.594649999999999901e+00 -3.487950000000000106e+00 9.049999999999999711e-02 7.424000000000000044e-02 3.910000000000000281e-02 -1.085269999999999957e+00
-1.239009999999999945e+00 6.672000000000000153e-02 1.450500000000000123e-01 6.672000000000000153e-02 -1.316049999999999942e+00 -2.512300000000000089e-01 9.281999999999999973e-02 -1.607699999999999962e-01 -6.784060000000000201e+00
