2.648709999999999898e+00 5.168999999999999984e-02 -3.104100000000000192e-01 5.168999999999999984e-02 2.589020000000000099e+00 -1.792199999999999904e-01 -3.014499999999999957e-01 -1.740400000000000003e-01 2.364170000000000105e+00
2.648709999999999898e+00 -5.168999999999999984e-02 3.104100000000000192e-01 -5.168999999999999984e-02 2.589020000000000099e+00 -1.792199999999999904e-01 3.014499999999999957e-01 -1.740400000000000003e-01 2.364170000000000105e+00
2.559180000000000010e+00 -0.000000000000000000e+00 -0.000000000000000000e+00 -0.000000000000000000e+00 2.678560000000000052e+00 3.584399999999999809e-01 -0.000000000000000000e+00 3.480800000000000005e-01 2.364170000000000105e+00
2.648709999999999898e+00 5.168999999999999984e-02 -3.104100000000000192e-01 5.168999999999999984e-02 2.589020000000000099e+00 -1.792199999999999904e-01 -3.014499999999999957e-01 -1.740400000000000003e-01 2.364170000000000105e+00
2.648709999999999898e+00 -5.168999999999999984e-02 3.104100000000000192e-01 -5.168999999999999984e-02 2.589020000000000099e+00 -1.792199999999999904e-01 3.014499999999999957e-01 -1.740400000000000003e-01 2.364170000000000105e+00
2.559180000000000010e+00 -0.000000000000000000e+00 -0.000000000000000000e+00 -0.000000000000000000e+00 2.678560000000000052e+00 3.584399999999999809e-01 -0.000000000000000000e+00 3.480800000000000005e-01 2.364170000000000105e+00
7.746699999999999697e-01 -0.000000000000000000e+00 -0.000000000000000000e+00 -0.000000000000000000e+00 7.746699999999999697e-01 0.000000000000000000e+00 -0.000000000000000000e+00 0.000000000000000000e+00 1.534980000000000011e+00
7.746699999999999697e-01 -0.000000000000000000e+00 -0.000000000000000000e+00 -0.000000000000000000e+00 7.746699999999999697e-01 0.000000000000000000e+00 -0.000000000000000000e+00 0.000000000000000000e+00 1.534980000000000011e+00
6.249679999999999680e+00 -7.578999999999999626e-02 -0.000000000000000000e+00 7.578999999999999626e-02 6.249679999999999680e+00 0.000000000000000000e+00 -0.000000000000000000e+00 0.000000000000000000e+00 5.927740000000000009e+00
6.249679999999999680e+00 7.578999999999999626e-02 -0.000000000000000000e+00 -7.578999999999999626e-02 6.249679999999999680e+00 0.000000000000000000e+00 -0.000000000000000000e+00 0.000000000000000000e+00 5.927740000000000009e+00
-2.071740000000000137e+00 5.225100000000000300e-01 -3.982499999999999929e-01 4.372400000000000175e-01 -2.888580000000000148e+00 8.773600000000000287e-01 -3.927499999999999880e-01 8.908399999999999652e-01 -2.425870000000000193e+00
-2.268780000000000019e+00 -5.510000000000000453e-01 -5.606900000000000217e-01 -6.362700000000000022e-01 -2.691530000000000200e+00 -7.835699999999999887e-01 -5.751100000000000101e-01 -7.855499999999999705e-01 -2.425870000000000193e+00
-3.099950000000000205e+00 1.564000000000000112e-01 9.589400000000000146e-01 7.112999999999999878e-02 -1.860370000000000079e+00 -9.378999999999999837e-02 9.678700000000000081e-01 -1.052899999999999947e-01 -2.425870000000000193e+00
-2.268780000000000019e+00 5.510000000000000453e-01 5.606900000000000217e-01 6.362700000000000022e-01 -2.691530000000000200e+00 -7.835699999999999887e-01 5.751100000000000101e-01 -7.855499999999999705e-01 -2.425870000000000193e+00
-2.071740000000000137e+00 -5.225100000000000300e-01 3.982499999999999929e-01 -4.372400000000000175e-01 -2.888580000000000148e+00 8.773600000000000287e-01 3.927499999999999880e-01 8.908399999999999652e-01 -2.425870000000000193e+00
-3.099950000000000205e+00 -1.564000000000000112e-01 -9.589400000000000146e-01 -7.112999999999999878e-02 -1.860370000000000079e+00 -9.378999999999999837e-02 -9.678700000000000081e-01 -1.052899999999999947e-01 -2.425870000000000193e+00
-2.071740000000000137e+00 5.225100000000000300e-01 -3.982499999999999929e-01 4.372400000000000175e-01 -2.888580000000000148e+00 8.773600000000000287e-01 -3.927499999999999880e-01 8.908399999999999652e-01 -2.425870000000000193e+00
-2.268780000000000019e+00 -5.510000000000000453e-01 -5.606900000000000217e-01 -6.362700000000000022e-01 -2.691530000000000200e+00 -7.835699999999999887e-01 -5.751100000000000101e-01 -7.855499999999999705e-01 -2.425870000000000193e+00
-3.099950000000000205e+00 1.564000000000000112e-01 9.589400000000000146e-01 7.112999999999999878e-02 -1.860370000000000079e+00 -9.378999999999999837e-02 9.678700000000000081e-01 -1.052899999999999947e-01 -2.425870000000000193e+00
-2.268780000000000019e+00 5.510000000000000453e-01 5.606900000000000217e-01 6.362700000000000022e-01 -2.691530000000000200e+00 -7.835699999999999887e-01 5.751100000000000101e-01 -7.855499999999999705e-01 -2.425870000000000193e+00
-2.071740000000000137e+00 -5.225100000000000300e-01 3.982499999999999929e-01 -4.372400000000000175e-01 -2.888580000000000148e+00 8.773600000000000287e-01 3.927499999999999880e-01 8.908399999999999652e-01 -2.425870000000000193e+00
-3.099950000000000205e+00 -1.564000000000000112e-01 -9.589400000000000146e-01 -7.112999999999999878e-02 -1.860370000000000079e+00 -9.378999999999999837e-02 -9.678700000000000081e-01 -1.052899999999999947e-01 -2.425870000000000193e+00
