9.390500000000000513e-01 -0.000000000000000000e+00 -0.000000000000000000e+00 -0.000000000000000000e+00 9.390500000000000513e-01 0.000000000000000000e+00 -0.000000000000000000e+00 0.000000000000000000e+00 1.931149999999999922e+00
9.390500000000000513e-01 -0.000000000000000000e+00 -0.000000000000000000e+00 -0.000000000000000000e+00 9.390500000000000513e-01 0.000000000000000000e+00 -0.000000000000000000e+00 0.000000000000000000e+00 1.931149999999999922e+00
1.140759999999999996e+00 1.173959999999999892e+00 6.704700000000000104e-01 1.173959999999999892e+00 2.496329999999999938e+00 -3.870999999999999996e-01 3.804100000000000259e-01 -2.196299999999999919e-01 1.619800000000000129e-01
1.140759999999999996e+00 -1.173959999999999892e+00 -6.704700000000000104e-01 -1.173959999999999892e+00 2.496329999999999938e+00 -3.870999999999999996e-01 -3.804100000000000259e-01 -2.196299999999999919e-01 1.619800000000000129e-01
3.174119999999999830e+00 -0.000000000000000000e+00 -0.000000000000000000e+00 -0.000000000000000000e+00 4.629699999999999926e-01 7.741900000000000448e-01 -0.000000000000000000e+00 4.392599999999999838e-01 1.619800000000000129e-01
4.618669999999999831e+00 -0.000000000000000000e+00 -0.000000000000000000e+00 -0.000000000000000000e+00 4.618669999999999831e+00 0.000000000000000000e+00 -0.000000000000000000e+00 0.000000000000000000e+00 7.022800000000000153e-01
-2.262280000000000069e+00 -4.680199999999999916e-01 -7.530000000000000582e-02 -4.680199999999999916e-01 -1.721859999999999946e+00 -4.347000000000000169e-02 -2.325999999999999943e-02 -1.342999999999999923e-02 -8.417499999999999982e-01
-1.451640000000000041e+00 0.000000000000000000e+00 0.000000000000000000e+00 0.000000000000000000e+00 -2.532490000000000130e+00 8.694999999999999951e-02 0.000000000000000000e+00 2.685999999999999846e-02 -8.417499999999999982e-01
-2.262280000000000069e+00 4.680199999999999916e-01 7.530000000000000582e-02 4.680199999999999916e-01 -1.721859999999999946e+00 -4.347000000000000169e-02 2.325999999999999943e-02 -1.342999999999999923e-02 -8.417499999999999982e-01
-2.262280000000000069e+00 -4.680199999999999916e-01 -7.530000000000000582e-02 -4.680199999999999916e-01 -1.721859999999999946e+00 -4.347000000000000169e-02 -2.325999999999999943e-02 -1.342999999999999923e-02 -8.417499999999999982e-01
-1.451640000000000041e+00 0.000000000000000000e+00 0.000000000000000000e+00 0.000000000000000000e+00 -2.532490000000000130e+00 8.694999999999999951e-02 0.000000000000000000e+00 2.685999999999999846e-02 -8.417499999999999982e-01
-2.262280000000000069e+00 4.680199999999999916e-01 7.530000000000000582e-02 4.680199999999999916e-01 -1.721859999999999946e+00 -4.347000000000000169e-02 2.325999999999999943e-02 -1.342999999999999923e-02 -8.417499999999999982e-01
