-1.803841207858558615e-02
-1.803841207780056133e-02
-1.549976762250562107e-02
1.382882011218566909e+00
1.382882011218571128e+00
3.053586461300703103e+00
3.053586461300707100e+00
3.080422325661598126e+00
3.080422325661608340e+00
3.152474973530312585e+00
3.403313627313306444e+00
3.696964033194477306e+00
5.816313237082308518e+00
5.816313237082317400e+00
6.193396272546468850e+00
6.209948782736519846e+00
6.209948782736520734e+00
6.468264076358202885e+00
7.842971178811100508e+00
7.915974136813526130e+00
7.915974136813526130e+00
1.120663997531124068e+01
1.123028372347602577e+01
1.123028372347602755e+01
1.592238672070642025e+01
1.592238672070642735e+01
1.606301247622652895e+01
1.714386957552589408e+01
1.721250285123974777e+01
2.441421718532908613e+01
