1.415399999999999991e+00 0.000000000000000000e+00 -0.000000000000000000e+00 0.000000000000000000e+00 1.415399999999999991e+00 0.000000000000000000e+00 0.000000000000000000e+00 0.000000000000000000e+00 1.055229999999999890e+00
1.415399999999999991e+00 0.000000000000000000e+00 0.000000000000000000e+00 0.000000000000000000e+00 1.415399999999999991e+00 0.000000000000000000e+00 0.000000000000000000e+00 0.000000000000000000e+00 1.055229999999999890e+00
5.846070000000000100e+00 0.000000000000000000e+00 0.000000000000000000e+00 0.000000000000000000e+00 5.846070000000000100e+00 0.000000000000000000e+00 0.000000000000000000e+00 0.000000000000000000e+00 8.153510000000000701e+00
5.846070000000000100e+00 0.000000000000000000e+00 -0.000000000000000000e+00 0.000000000000000000e+00 5.846070000000000100e+00 0.000000000000000000e+00 0.000000000000000000e+00 0.000000000000000000e+00 8.153510000000000701e+00
2.844419999999999948e+00 2.863999999999999879e-01 0.000000000000000000e+00 -4.203200000000000269e-01 4.427069999999999617e+00 0.000000000000000000e+00 -0.000000000000000000e+00 0.000000000000000000e+00 3.783529999999999838e+00
4.089400000000000368e+00 -2.984700000000000131e-01 0.000000000000000000e+00 -1.005190000000000028e+00 3.182090000000000085e+00 0.000000000000000000e+00 -0.000000000000000000e+00 -0.000000000000000000e+00 3.783529999999999838e+00
3.973419999999999952e+00 1.072149999999999936e+00 -0.000000000000000000e+00 3.654299999999999771e-01 3.298070000000000057e+00 0.000000000000000000e+00 -0.000000000000000000e+00 0.000000000000000000e+00 3.783529999999999838e+00
4.089400000000000368e+00 2.984700000000000131e-01 0.000000000000000000e+00 1.005190000000000028e+00 3.182090000000000085e+00 0.000000000000000000e+00 0.000000000000000000e+00 0.000000000000000000e+00 3.783529999999999838e+00
2.844419999999999948e+00 -2.863999999999999879e-01 0.000000000000000000e+00 4.203200000000000269e-01 4.427069999999999617e+00 0.000000000000000000e+00 0.000000000000000000e+00 0.000000000000000000e+00 3.783529999999999838e+00
3.973419999999999952e+00 -1.072149999999999936e+00 -0.000000000000000000e+00 -3.654299999999999771e-01 3.298070000000000057e+00 0.000000000000000000e+00 0.000000000000000000e+00 0.000000000000000000e+00 3.783529999999999838e+00
-1.992340000000000000e+00 8.192099999999999937e-01 0.000000000000000000e+00 1.136490000000000000e+00 -2.397920000000000051e+00 0.000000000000000000e+00 -0.000000000000000000e+00 0.000000000000000000e+00 -1.063120000000000065e+00
-3.143369999999999997e+00 -4.719400000000000261e-01 0.000000000000000000e+00 -1.546599999999999919e-01 -1.246899999999999897e+00 0.000000000000000000e+00 0.000000000000000000e+00 -0.000000000000000000e+00 -1.063120000000000065e+00
-1.449689999999999923e+00 -8.231899999999999773e-01 0.000000000000000000e+00 -5.059099999999999708e-01 -2.940580000000000194e+00 0.000000000000000000e+00 0.000000000000000000e+00 0.000000000000000000e+00 -1.063120000000000065e+00
-3.143369999999999997e+00 4.719400000000000261e-01 0.000000000000000000e+00 1.546599999999999919e-01 -1.246899999999999897e+00 0.000000000000000000e+00 0.000000000000000000e+00 0.000000000000000000e+00 -1.063120000000000065e+00
-1.992340000000000000e+00 -8.192099999999999937e-01 0.000000000000000000e+00 -1.136490000000000000e+00 -2.397920000000000051e+00 0.000000000000000000e+00 0.000000000000000000e+00 0.000000000000000000e+00 -1.063120000000000065e+00
-1.449689999999999923e+00 8.231899999999999773e-01 0.000000000000000000e+00 5.059099999999999708e-01 -2.940580000000000194e+00 0.000000000000000000e+00 0.000000000000000000e+00 -0.000000000000000000e+00 -1.063120000000000065e+00
-1.318079999999999918e+00 -4.469899999999999984e-01 2.408299999999999885e-01 -4.902299999999999991e-01 -2.543019999999999836e+00 1.309549999999999992e+00 4.610899999999999999e-01 1.613399999999999945e+00 -2.895000000000000018e+00
-1.830959999999999921e+00 7.863400000000000389e-01 -1.013689999999999980e+00 7.431100000000000483e-01 -2.030139999999999834e+00 8.633399999999999963e-01 -1.166709999999999914e+00 1.206010000000000026e+00 -2.895000000000000018e+00
-2.642609999999999904e+00 -2.745000000000000218e-01 1.254520000000000080e+00 -3.177300000000000124e-01 -1.218490000000000073e+00 4.462099999999999955e-01 1.627790000000000070e+00 4.073899999999999744e-01 -2.895000000000000018e+00
-2.642609999999999904e+00 -2.745000000000000218e-01 -1.254520000000000080e+00 -3.177300000000000124e-01 -1.218490000000000073e+00 -4.462099999999999955e-01 -1.627790000000000070e+00 -4.073899999999999744e-01 -2.895000000000000018e+00
-1.830959999999999921e+00 7.863400000000000389e-01 1.013689999999999980e+00 7.431100000000000483e-01 -2.030139999999999834e+00 -8.633399999999999963e-01 1.166709999999999914e+00 -1.206010000000000026e+00 -2.895000000000000018e+00
-1.830959999999999921e+00 -7.863400000000000389e-01 1.013689999999999980e+00 -7.431100000000000483e-01 -2.030139999999999834e+00 8.633399999999999963e-01 1.166709999999999914e+00 1.206010000000000026e+00 -2.895000000000000018e+00
-1.318079999999999918e+00 4.469899999999999984e-01 2.408299999999999885e-01 4.902299999999999991e-01 -2.543019999999999836e+00 -1.309549999999999992e+00 4.610899999999999999e-01 -1.613399999999999945e+00 -2.895000000000000018e+00
-2.642609999999999904e+00 2.745000000000000218e-01 -1.254520000000000080e+00 3.177300000000000124e-01 -1.218490000000000073e+00 4.462099999999999955e-01 -1.627790000000000070e+00 4.073899999999999744e-01 -2.895000000000000018e+00
-1.318079999999999918e+00 4.469899999999999984e-01 -2.408299999999999885e-01 4.902299999999999991e-01 -2.543019999999999836e+00 1.309549999999999992e+00 -4.610899999999999999e-01 1.613399999999999945e+00 -2.895000000000000018e+00
-2.642609999999999904e+00 2.745000000000000218e-01 1.254520000000000080e+00 3.177300000000000124e-01 -1.218490000000000073e+00 -4.462099999999999955e-01 1.627790000000000070e+00 -4.073899999999999744e-01 -2.895000000000000018e+00
-1.318079999999999918e+00 -4.469899999999999984e-01 -2.408299999999999885e-01 -4.902299999999999991e-01 -2.543019999999999836e+00 -1.309549999999999992e+00 -4.610899999999999999e-01 -1.613399999999999945e+00 -2.895000000000000018e+00
-1.830959999999999921e+00 -7.863400000000000389e-01 -1.013689999999999980e+00 -7.431100000000000483e-01 -2.030139999999999834e+00 -8.633399999999999963e-01 -1.166709999999999914e+00 -1.206010000000000026e+00 -2.895000000000000018e+00
