-1.530473651620485043e-01
-8.848626943909773668e-02
-8.274283967316795052e-02
1.530090433723219512e+00
1.568700154672187264e+00
1.589711080811047283e+00
1.821045394728283195e+00
1.975496944318501313e+00
2.124207578067345725e+00
2.144449873149475660e+00
2.492459146586346375e+00
2.775684847877998518e+00
2.818488603852138841e+00
3.023594103948800349e+00
3.100911969946094082e+00
3.325742120065503737e+00
3.693562586155017424e+00
4.251833194643795721e+00
4.980804869017912750e+00
5.152018340608546687e+00
5.428879547322178922e+00
5.643870060114267062e+00
5.872217267873783619e+00
6.374569309438040676e+00
8.224147163224882817e+00
8.433349749118898231e+00
8.455512940188055993e+00
8.546542576850262307e+00
9.012535243268755991e+00
9.073240642553546564e+00
9.627141609294364244e+00
9.902666945548178390e+00
1.024144394818839920e+01
1.053869281505967948e+01
1.080587912891566660e+01
1.153627272410921378e+01
1.181352368798901153e+01
1.210801096322979831e+01
1.255970806968543130e+01
1.335305025677853941e+01
1.342663810198740570e+01
1.405863523309987428e+01
1.444461660169251616e+01
1.607142868046694417e+01
1.622642653140788838e+01
1.724413835411245088e+01
1.863553082132501970e+01
1.918295157663538575e+01
2.009048552256273013e+01
2.052700455067390095e+01
2.104519814184638804e+01
2.121016395426982726e+01
2.200469006096342994e+01
2.234182994940774947e+01
