1.365310000000000024e+00 -0.000000000000000000e+00 1.110499999999999959e-01 -0.000000000000000000e+00 1.490450000000000053e+00 0.000000000000000000e+00 1.717500000000000138e-01 0.000000000000000000e+00 1.444930000000000048e+00
1.450700000000000101e+00 -0.000000000000000000e+00 -1.030500000000000027e-01 -0.000000000000000000e+00 1.287190000000000056e+00 0.000000000000000000e+00 -1.661199999999999899e-01 0.000000000000000000e+00 1.405040000000000067e+00
1.450700000000000101e+00 -0.000000000000000000e+00 -1.030500000000000027e-01 -0.000000000000000000e+00 1.287190000000000056e+00 0.000000000000000000e+00 -1.661199999999999899e-01 0.000000000000000000e+00 1.405040000000000067e+00
1.365310000000000024e+00 -0.000000000000000000e+00 1.110499999999999959e-01 -0.000000000000000000e+00 1.490450000000000053e+00 0.000000000000000000e+00 1.717500000000000138e-01 0.000000000000000000e+00 1.444930000000000048e+00
3.054359999999999964e+00 -0.000000000000000000e+00 4.261999999999999816e-02 -0.000000000000000000e+00 3.071039999999999992e+00 0.000000000000000000e+00 1.111999999999999968e-02 0.000000000000000000e+00 2.838109999999999911e+00
3.054359999999999964e+00 -0.000000000000000000e+00 4.261999999999999816e-02 -0.000000000000000000e+00 3.071039999999999992e+00 0.000000000000000000e+00 1.111999999999999968e-02 0.000000000000000000e+00 2.838109999999999911e+00
-2.188950000000000173e+00 0.000000000000000000e+00 8.237400000000000277e-01 0.000000000000000000e+00 -7.709300000000000042e-01 -0.000000000000000000e+00 7.909899999999999709e-01 -0.000000000000000000e+00 -1.395469999999999988e+00
-1.997540000000000093e+00 0.000000000000000000e+00 -8.982900000000000329e-01 0.000000000000000000e+00 -7.914200000000000124e-01 -0.000000000000000000e+00 -8.719900000000000428e-01 -0.000000000000000000e+00 -1.525840000000000085e+00
-8.419400000000000217e-01 3.812999999999999723e-02 1.196000000000000014e-02 7.213999999999999579e-02 -2.143170000000000019e+00 -8.174200000000000355e-01 3.212000000000000272e-02 -7.802799999999999736e-01 -1.383389999999999898e+00
-8.419400000000000217e-01 -3.812999999999999723e-02 1.196000000000000014e-02 -7.213999999999999579e-02 -2.143170000000000019e+00 8.174200000000000355e-01 3.212000000000000272e-02 7.802799999999999736e-01 -1.383389999999999898e+00
-8.419400000000000217e-01 3.812999999999999723e-02 1.196000000000000014e-02 7.213999999999999579e-02 -2.143170000000000019e+00 -8.174200000000000355e-01 3.212000000000000272e-02 -7.802799999999999736e-01 -1.383389999999999898e+00
-8.419400000000000217e-01 -3.812999999999999723e-02 1.196000000000000014e-02 -7.213999999999999579e-02 -2.143170000000000019e+00 8.174200000000000355e-01 3.212000000000000272e-02 7.802799999999999736e-01 -1.383389999999999898e+00
-1.997540000000000093e+00 0.000000000000000000e+00 -8.982900000000000329e-01 0.000000000000000000e+00 -7.914200000000000124e-01 -0.000000000000000000e+00 -8.719900000000000428e-01 -0.000000000000000000e+00 -1.525840000000000085e+00
-2.188950000000000173e+00 0.000000000000000000e+00 8.237400000000000277e-01 0.000000000000000000e+00 -7.709300000000000042e-01 -0.000000000000000000e+00 7.909899999999999709e-01 -0.000000000000000000e+00 -1.395469999999999988e+00
