-7.853552111646125433e-02
-3.472056468400682577e-02
-3.472043473644512851e-02
5.652777861839501483e+00
5.652777862196675329e+00
6.074749210059412263e+00
6.468180613443610838e+00
8.005263863261763646e+00
8.005263863730981200e+00
1.015259897230956199e+01
1.035290761311110153e+01
1.035290761343354404e+01
1.116116180301205674e+01
1.209448310774133617e+01
1.209448310778055458e+01
1.536355682540385281e+01
1.536355682560255609e+01
1.577736597710603661e+01
1.577736597746689817e+01
1.755771404808823277e+01
1.755771404847581252e+01
1.854510790601572623e+01
1.959807512285765441e+01
2.029352191423423335e+01
2.141653239973688372e+01
2.178808448766772088e+01
2.178808448776206319e+01
