1.140819999999999945e+00 -0.000000000000000000e+00 1.004000000000000031e-01 -0.000000000000000000e+00 1.392500000000000071e+00 0.000000000000000000e+00 8.050000000000000211e-02 0.000000000000000000e+00 1.188239999999999963e+00
1.140819999999999945e+00 -0.000000000000000000e+00 1.004000000000000031e-01 -0.000000000000000000e+00 1.392500000000000071e+00 0.000000000000000000e+00 8.050000000000000211e-02 0.000000000000000000e+00 1.188239999999999963e+00
4.952670000000000350e+00 -0.000000000000000000e+00 -3.572299999999999920e-01 -0.000000000000000000e+00 5.912169999999999703e+00 0.000000000000000000e+00 -1.689199999999999868e-01 0.000000000000000000e+00 4.847349999999999604e+00
4.952670000000000350e+00 -0.000000000000000000e+00 -3.572299999999999920e-01 -0.000000000000000000e+00 5.912169999999999703e+00 0.000000000000000000e+00 -1.689199999999999868e-01 0.000000000000000000e+00 4.847349999999999604e+00
7.431149999999999700e+00 -4.406900000000000261e-01 -8.076699999999999990e-01 6.051600000000000312e-01 5.192409999999999748e+00 -5.364299999999999624e-01 -9.528799999999999493e-01 -3.447000000000000064e-02 7.198730000000000295e+00
7.431149999999999700e+00 -4.406900000000000261e-01 -8.076699999999999990e-01 6.051600000000000312e-01 5.192409999999999748e+00 -5.364299999999999624e-01 -9.528799999999999493e-01 -3.447000000000000064e-02 7.198730000000000295e+00
7.431149999999999700e+00 4.406900000000000261e-01 -8.076699999999999990e-01 -6.051600000000000312e-01 5.192409999999999748e+00 5.364299999999999624e-01 -9.528799999999999493e-01 3.447000000000000064e-02 7.198730000000000295e+00
7.431149999999999700e+00 4.406900000000000261e-01 -8.076699999999999990e-01 -6.051600000000000312e-01 5.192409999999999748e+00 5.364299999999999624e-01 -9.528799999999999493e-01 3.447000000000000064e-02 7.198730000000000295e+00
-3.032179999999999875e+00 4.537300000000000222e-01 2.188009999999999788e+00 1.781500000000000028e-01 -1.127559999999999896e+00 -1.630199999999999982e-01 2.040719999999999867e+00 -4.160300000000000109e-01 -3.355199999999999960e+00
-3.032179999999999875e+00 4.537300000000000222e-01 2.188009999999999788e+00 1.781500000000000028e-01 -1.127559999999999896e+00 -1.630199999999999982e-01 2.040719999999999867e+00 -4.160300000000000109e-01 -3.355199999999999960e+00
-3.032179999999999875e+00 -4.537300000000000222e-01 2.188009999999999788e+00 -1.781500000000000028e-01 -1.127559999999999896e+00 1.630199999999999982e-01 2.040719999999999867e+00 4.160300000000000109e-01 -3.355199999999999960e+00
-3.032179999999999875e+00 -4.537300000000000222e-01 2.188009999999999788e+00 -1.781500000000000028e-01 -1.127559999999999896e+00 1.630199999999999982e-01 2.040719999999999867e+00 4.160300000000000109e-01 -3.355199999999999960e+00
-1.310370000000000035e+00 -6.170600000000000529e-01 -2.460299999999999987e-01 -2.986800000000000010e-01 -2.772769999999999957e+00 -1.338219999999999965e+00 -3.558000000000000052e-01 -1.779269999999999907e+00 -2.704579999999999984e+00
-1.310370000000000035e+00 -6.170600000000000529e-01 -2.460299999999999987e-01 -2.986800000000000010e-01 -2.772769999999999957e+00 -1.338219999999999965e+00 -3.558000000000000052e-01 -1.779269999999999907e+00 -2.704579999999999984e+00
-1.310370000000000035e+00 6.170600000000000529e-01 -2.460299999999999987e-01 2.986800000000000010e-01 -2.772769999999999957e+00 1.338219999999999965e+00 -3.558000000000000052e-01 1.779269999999999907e+00 -2.704579999999999984e+00
-1.310370000000000035e+00 6.170600000000000529e-01 -2.460299999999999987e-01 2.986800000000000010e-01 -2.772769999999999957e+00 1.338219999999999965e+00 -3.558000000000000052e-01 1.779269999999999907e+00 -2.704579999999999984e+00
-2.448719999999999786e+00 -4.961400000000000254e-01 -7.489500000000000046e-01 -6.236800000000000122e-01 -2.853969999999999896e+00 8.097600000000000353e-01 -5.912100000000000133e-01 7.410400000000000320e-01 -2.896150000000000002e+00
-2.448719999999999786e+00 -4.961400000000000254e-01 -7.489500000000000046e-01 -6.236800000000000122e-01 -2.853969999999999896e+00 8.097600000000000353e-01 -5.912100000000000133e-01 7.410400000000000320e-01 -2.896150000000000002e+00
-2.448719999999999786e+00 4.961400000000000254e-01 -7.489500000000000046e-01 6.236800000000000122e-01 -2.853969999999999896e+00 -8.097600000000000353e-01 -5.912100000000000133e-01 -7.410400000000000320e-01 -2.896150000000000002e+00
-2.448719999999999786e+00 4.961400000000000254e-01 -7.489500000000000046e-01 6.236800000000000122e-01 -2.853969999999999896e+00 -8.097600000000000353e-01 -5.912100000000000133e-01 -7.410400000000000320e-01 -2.896150000000000002e+00
-3.686630000000000074e+00 -1.902249999999999996e+00 -2.569400000000000017e-01 -1.673669999999999991e+00 -2.090450000000000141e+00 -2.962299999999999933e-01 -9.662999999999999368e-02 -4.228600000000000136e-01 -1.260590000000000099e+00
-3.686630000000000074e+00 -1.902249999999999996e+00 -2.569400000000000017e-01 -1.673669999999999991e+00 -2.090450000000000141e+00 -2.962299999999999933e-01 -9.662999999999999368e-02 -4.228600000000000136e-01 -1.260590000000000099e+00
-3.686630000000000074e+00 1.902249999999999996e+00 -2.569400000000000017e-01 1.673669999999999991e+00 -2.090450000000000141e+00 2.962299999999999933e-01 -9.662999999999999368e-02 4.228600000000000136e-01 -1.260590000000000099e+00
-3.686630000000000074e+00 1.902249999999999996e+00 -2.569400000000000017e-01 1.673669999999999991e+00 -2.090450000000000141e+00 2.962299999999999933e-01 -9.662999999999999368e-02 4.228600000000000136e-01 -1.260590000000000099e+00
