-6.853496362023525461e-03
-6.397514009972469010e-03
-6.397514009730830703e-03
1.481495959550805708e+00
1.481495959550808150e+00
1.510877322709228254e+00
1.510877322709228476e+00
1.610154969309123496e+00
1.621127072444557005e+00
1.632686128972467232e+00
1.664574366552454165e+00
1.717407604501625329e+00
1.830813800184983631e+00
1.899620237408637724e+00
1.899620237408642609e+00
1.976871717531655914e+00
1.985818609709128379e+00
2.114877343482814531e+00
2.114877343482818084e+00
2.324158446198935746e+00
2.329849900752851699e+00
2.468552049767816392e+00
2.468552049767817280e+00
2.504321895844120238e+00
2.526447080904684839e+00
2.526447080904685727e+00
2.600074283230123573e+00
2.600074283230124017e+00
2.646483370879297414e+00
2.706492332233219056e+00
2.706492332233220388e+00
2.914419868306623140e+00
2.914419868306623584e+00
3.010740572124336989e+00
3.010740572124339653e+00
3.139261926147903559e+00
3.157412910733357503e+00
3.204883019292993573e+00
3.263992919253610125e+00
3.552598456969962015e+00
3.895214909814674886e+00
3.970960975135994442e+00
3.970960975136004212e+00
4.033906986812662687e+00
4.140081584653932723e+00
4.140081584653937163e+00
4.878286019927861261e+00
4.921031387038395266e+00
8.291957654696425095e+00
8.291957654696426872e+00
8.409935480345852810e+00
8.409935480345858139e+00
8.965683783731487111e+00
9.203762315958117668e+00
