2.682449999999999779e+00 1.536299999999999888e-01 0.000000000000000000e+00 1.547999999999999932e-01 2.434379999999999988e+00 0.000000000000000000e+00 0.000000000000000000e+00 0.000000000000000000e+00 2.312479999999999869e+00
2.682449999999999779e+00 1.536299999999999888e-01 0.000000000000000000e+00 1.547999999999999932e-01 2.434379999999999988e+00 0.000000000000000000e+00 0.000000000000000000e+00 0.000000000000000000e+00 2.312479999999999869e+00
2.682449999999999779e+00 -1.536299999999999888e-01 0.000000000000000000e+00 -1.547999999999999932e-01 2.434379999999999988e+00 0.000000000000000000e+00 0.000000000000000000e+00 0.000000000000000000e+00 2.312479999999999869e+00
2.682449999999999779e+00 -1.536299999999999888e-01 0.000000000000000000e+00 -1.547999999999999932e-01 2.434379999999999988e+00 -0.000000000000000000e+00 0.000000000000000000e+00 0.000000000000000000e+00 2.312479999999999869e+00
3.386979999999999880e+00 -3.377200000000000202e-01 0.000000000000000000e+00 -2.955900000000000194e-01 3.771220000000000017e+00 0.000000000000000000e+00 0.000000000000000000e+00 0.000000000000000000e+00 4.455770000000000231e+00
3.386979999999999880e+00 3.377200000000000202e-01 0.000000000000000000e+00 2.955900000000000194e-01 3.771220000000000017e+00 0.000000000000000000e+00 0.000000000000000000e+00 0.000000000000000000e+00 4.455770000000000231e+00
-2.028779999999999806e+00 3.273000000000000215e-02 -0.000000000000000000e+00 6.797000000000000264e-02 -2.262880000000000003e+00 0.000000000000000000e+00 0.000000000000000000e+00 0.000000000000000000e+00 -2.268720000000000070e+00
-2.028779999999999806e+00 3.273000000000000215e-02 -0.000000000000000000e+00 6.797000000000000264e-02 -2.262880000000000003e+00 0.000000000000000000e+00 0.000000000000000000e+00 0.000000000000000000e+00 -2.268720000000000070e+00
-2.028779999999999806e+00 -3.273000000000000215e-02 -0.000000000000000000e+00 -6.797000000000000264e-02 -2.262880000000000003e+00 0.000000000000000000e+00 0.000000000000000000e+00 0.000000000000000000e+00 -2.268720000000000070e+00
-2.028779999999999806e+00 -3.273000000000000215e-02 -0.000000000000000000e+00 -6.797000000000000264e-02 -2.262880000000000003e+00 0.000000000000000000e+00 0.000000000000000000e+00 0.000000000000000000e+00 -2.268720000000000070e+00
-2.347160000000000135e+00 1.464300000000000046e-01 0.000000000000000000e+00 2.331699999999999884e-01 -2.057110000000000216e+00 0.000000000000000000e+00 0.000000000000000000e+00 0.000000000000000000e+00 -2.271650000000000169e+00
-2.347160000000000135e+00 1.464300000000000046e-01 0.000000000000000000e+00 2.331699999999999884e-01 -2.057110000000000216e+00 0.000000000000000000e+00 0.000000000000000000e+00 0.000000000000000000e+00 -2.271650000000000169e+00
-2.347160000000000135e+00 -1.464300000000000046e-01 0.000000000000000000e+00 -2.331699999999999884e-01 -2.057110000000000216e+00 0.000000000000000000e+00 0.000000000000000000e+00 0.000000000000000000e+00 -2.271650000000000169e+00
-2.347160000000000135e+00 -1.464300000000000046e-01 0.000000000000000000e+00 -2.331699999999999884e-01 -2.057110000000000216e+00 0.000000000000000000e+00 0.000000000000000000e+00 0.000000000000000000e+00 -2.271650000000000169e+00
