-6.134973228819069757e-02
-6.134967990166922958e-02
-2.476004099248411972e-02
2.603484389805099219e+00
2.603484390067142940e+00
2.735294444115404566e+00
2.775830225294959153e+00
2.775830225889069691e+00
3.016114630906730376e+00
3.141745083746783518e+00
3.355195972274520599e+00
3.454640194823301425e+00
3.454640194997914637e+00
3.738991955913219201e+00
3.788206233978895554e+00
3.788206234393788563e+00
4.071527997803334742e+00
4.071527998518643443e+00
4.551999739833019198e+00
4.569171182091989358e+00
4.569171182592251412e+00
4.770215798796779261e+00
5.159946272075695006e+00
5.159946272755369101e+00
6.589436095757967848e+00
6.589436095788196113e+00
6.854142990159167503e+00
7.485603429937568443e+00
7.485603430370910694e+00
7.949824248732394238e+00
8.165977287609623048e+00
8.165977288707379600e+00
8.943902675582179995e+00
8.943902675921526324e+00
9.057933634018880298e+00
9.407428541913223086e+00
9.813197918387560392e+00
9.813197918650580220e+00
1.203423077037399125e+01
1.203423077043866840e+01
1.227773061050551817e+01
1.264975758173690856e+01
1.280214046645967763e+01
1.280214046649616044e+01
1.309596236429556271e+01
1.540629947127480648e+01
1.540629947161394497e+01
1.605547469314659992e+01
1.605547469351104439e+01
1.756969830316979753e+01
2.015765805168556568e+01
2.015765805170224567e+01
2.085289211412376176e+01
2.085289211437014600e+01
2.211165272864822029e+01
2.491633293211679856e+01
2.527519194212540654e+01
