1.150800000000000045e+00 -2.980000000000000010e-02 7.797999999999999376e-02 2.724000000000000032e-02 1.035940000000000083e+00 -3.160000000000000309e-02 4.839000000000000246e-02 -1.740000000000000010e-03 9.792899999999999938e-01
1.150800000000000045e+00 2.980000000000000010e-02 7.797999999999999376e-02 -2.724000000000000032e-02 1.035940000000000083e+00 3.160000000000000309e-02 4.839000000000000246e-02 1.740000000000000010e-03 9.792899999999999938e-01
1.150800000000000045e+00 -2.980000000000000010e-02 7.797999999999999376e-02 2.724000000000000032e-02 1.035940000000000083e+00 -3.160000000000000309e-02 4.839000000000000246e-02 -1.740000000000000010e-03 9.792899999999999938e-01
1.150800000000000045e+00 2.980000000000000010e-02 7.797999999999999376e-02 -2.724000000000000032e-02 1.035940000000000083e+00 3.160000000000000309e-02 4.839000000000000246e-02 1.740000000000000010e-03 9.792899999999999938e-01
2.594180000000000152e+00 -2.806400000000000006e-01 3.136800000000000144e-01 2.744300000000000073e-01 2.830020000000000202e+00 -5.720999999999999697e-02 2.923799999999999732e-01 -1.386799999999999977e-01 9.647000000000000020e-01
2.594180000000000152e+00 2.806400000000000006e-01 3.136800000000000144e-01 -2.744300000000000073e-01 2.830020000000000202e+00 5.720999999999999697e-02 2.923799999999999732e-01 1.386799999999999977e-01 9.647000000000000020e-01
2.594180000000000152e+00 -2.806400000000000006e-01 3.136800000000000144e-01 2.744300000000000073e-01 2.830020000000000202e+00 -5.720999999999999697e-02 2.923799999999999732e-01 -1.386799999999999977e-01 9.647000000000000020e-01
2.594180000000000152e+00 2.806400000000000006e-01 3.136800000000000144e-01 -2.744300000000000073e-01 2.830020000000000202e+00 5.720999999999999697e-02 2.923799999999999732e-01 1.386799999999999977e-01 9.647000000000000020e-01
-1.629210000000000047e+00 6.533700000000000063e-01 -1.824999999999999956e-01 7.420499999999999874e-01 -2.443470000000000031e+00 1.542100000000000137e-01 -1.810199999999999865e-01 1.347800000000000109e-01 -7.162199999999999678e-01
-1.629210000000000047e+00 -6.533700000000000063e-01 -1.824999999999999956e-01 -7.420499999999999874e-01 -2.443470000000000031e+00 -1.542100000000000137e-01 -1.810199999999999865e-01 -1.347800000000000109e-01 -7.162199999999999678e-01
-1.629210000000000047e+00 6.533700000000000063e-01 -1.824999999999999956e-01 7.420499999999999874e-01 -2.443470000000000031e+00 1.542100000000000137e-01 -1.810199999999999865e-01 1.347800000000000109e-01 -7.162199999999999678e-01
-1.629210000000000047e+00 -6.533700000000000063e-01 -1.824999999999999956e-01 -7.420499999999999874e-01 -2.443470000000000031e+00 -1.542100000000000137e-01 -1.810199999999999865e-01 -1.347800000000000109e-01 -7.162199999999999678e-01
-2.115769999999999929e+00 3.047599999999999754e-01 -2.091500000000000026e-01 1.948799999999999977e-01 -1.422490000000000032e+00 8.086999999999999744e-02 -1.597600000000000131e-01 7.739000000000000046e-02 -1.227770000000000028e+00
-2.115769999999999929e+00 -3.047599999999999754e-01 -2.091500000000000026e-01 -1.948799999999999977e-01 -1.422490000000000032e+00 -8.086999999999999744e-02 -1.597600000000000131e-01 -7.739000000000000046e-02 -1.227770000000000028e+00
-2.115769999999999929e+00 3.047599999999999754e-01 -2.091500000000000026e-01 1.948799999999999977e-01 -1.422490000000000032e+00 8.086999999999999744e-02 -1.597600000000000131e-01 7.739000000000000046e-02 -1.227770000000000028e+00
-2.115769999999999929e+00 -3.047599999999999754e-01 -2.091500000000000026e-01 -1.948799999999999977e-01 -1.422490000000000032e+00 -8.086999999999999744e-02 -1.597600000000000131e-01 -7.739000000000000046e-02 -1.227770000000000028e+00
