-4.644823290634745444e-02
-4.644823290604587623e-02
-1.716917267203293615e-02
2.213300974948768207e+00
2.313372189571655912e+00
2.313372189571659021e+00
2.445835830964569357e+00
2.480455054626767630e+00
2.497186513056035562e+00
2.497186513056046220e+00
2.815216397477385613e+00
2.815216397477393162e+00
3.118745022455097882e+00
3.490526635030930525e+00
3.490526635030949620e+00
3.821078160207127539e+00
3.821078160207129315e+00
3.950890727881028575e+00
4.091923289766472571e+00
4.476380814485085402e+00
4.786487532939658784e+00
5.149215223577821021e+00
5.149215223577824574e+00
5.234262658134703372e+00
5.391220151480808909e+00
5.391220151480815126e+00
5.998420291027445117e+00
6.445030741771527794e+00
6.445030741771528682e+00
6.474989024332106879e+00
6.474989024332115761e+00
6.933167594311087534e+00
7.213221519417977845e+00
7.433100290036926516e+00
7.924937836354701837e+00
8.590226430929437385e+00
8.590226430929442714e+00
9.390208796284730042e+00
9.532673162850553439e+00
9.532673162850553439e+00
9.601450806794757042e+00
9.710926021970267996e+00
9.761618399317182337e+00
1.023394262225926710e+01
1.148732213868759366e+01
1.148732213868759899e+01
1.717124337153297731e+01
1.732972897637728593e+01
1.881832162151279064e+01
1.881832162151279775e+01
1.931897082821558698e+01
1.931897082821560119e+01
2.051756707620547360e+01
2.078971763512558368e+01
