4.505950000000000344e+00 -3.753600000000000270e-01 1.025100000000000039e-01 -2.764499999999999735e-01 3.886410000000000142e+00 5.940000000000000141e-02 -6.432000000000000217e-02 1.399600000000000011e-01 4.400179999999999758e+00
4.505950000000000344e+00 3.753600000000000270e-01 1.025100000000000039e-01 2.764499999999999735e-01 3.886410000000000142e+00 -5.940000000000000141e-02 -6.432000000000000217e-02 -1.399600000000000011e-01 4.400179999999999758e+00
4.505950000000000344e+00 -3.753600000000000270e-01 1.025100000000000039e-01 -2.764499999999999735e-01 3.886410000000000142e+00 5.940000000000000141e-02 -6.432000000000000217e-02 1.399600000000000011e-01 4.400179999999999758e+00
4.505950000000000344e+00 3.753600000000000270e-01 1.025100000000000039e-01 2.764499999999999735e-01 3.886410000000000142e+00 -5.940000000000000141e-02 -6.432000000000000217e-02 -1.399600000000000011e-01 4.400179999999999758e+00
3.832489999999999952e+00 7.871999999999999831e-02 4.148000000000000298e-02 1.658999999999999919e-01 4.819749999999999979e+00 -3.041999999999999912e-02 2.161899999999999933e-01 1.039999999999999952e-02 4.827200000000000379e+00
3.832489999999999952e+00 -7.871999999999999831e-02 4.148000000000000298e-02 -1.658999999999999919e-01 4.819749999999999979e+00 3.041999999999999912e-02 2.161899999999999933e-01 -1.039999999999999952e-02 4.827200000000000379e+00
3.832489999999999952e+00 7.871999999999999831e-02 4.148000000000000298e-02 1.658999999999999919e-01 4.819749999999999979e+00 -3.041999999999999912e-02 2.161899999999999933e-01 1.039999999999999952e-02 4.827200000000000379e+00
3.832489999999999952e+00 -7.871999999999999831e-02 4.148000000000000298e-02 -1.658999999999999919e-01 4.819749999999999979e+00 3.041999999999999912e-02 2.161899999999999933e-01 -1.039999999999999952e-02 4.827200000000000379e+00
-2.116140000000000132e+00 2.499399999999999955e-01 -5.723099999999999854e-01 1.340999999999999970e-01 -2.160219999999999807e+00 -2.594600000000000239e-01 -6.084100000000000064e-01 -2.018500000000000016e-01 -2.264829999999999899e+00
-2.116140000000000132e+00 -2.499399999999999955e-01 -5.723099999999999854e-01 -1.340999999999999970e-01 -2.160219999999999807e+00 2.594600000000000239e-01 -6.084100000000000064e-01 2.018500000000000016e-01 -2.264829999999999899e+00
-2.116140000000000132e+00 2.499399999999999955e-01 -5.723099999999999854e-01 1.340999999999999970e-01 -2.160219999999999807e+00 -2.594600000000000239e-01 -6.084100000000000064e-01 -2.018500000000000016e-01 -2.264829999999999899e+00
-2.116140000000000132e+00 -2.499399999999999955e-01 -5.723099999999999854e-01 -1.340999999999999970e-01 -2.160219999999999807e+00 2.594600000000000239e-01 -6.084100000000000064e-01 2.018500000000000016e-01 -2.264829999999999899e+00
-2.276619999999999866e+00 -8.960900000000000531e-01 -6.207000000000000017e-02 -9.994399999999999951e-01 -2.021749999999999936e+00 -1.846899999999999931e-01 -5.686000000000000082e-02 -8.659000000000000030e-02 -2.420269999999999921e+00
-2.276619999999999866e+00 8.960900000000000531e-01 -6.207000000000000017e-02 9.994399999999999951e-01 -2.021749999999999936e+00 1.846899999999999931e-01 -5.686000000000000082e-02 8.659000000000000030e-02 -2.420269999999999921e+00
-2.276619999999999866e+00 -8.960900000000000531e-01 -6.207000000000000017e-02 -9.994399999999999951e-01 -2.021749999999999936e+00 -1.846899999999999931e-01 -5.686000000000000082e-02 -8.659000000000000030e-02 -2.420269999999999921e+00
-2.276619999999999866e+00 8.960900000000000531e-01 -6.207000000000000017e-02 9.994399999999999951e-01 -2.021749999999999936e+00 1.846899999999999931e-01 -5.686000000000000082e-02 8.659000000000000030e-02 -2.420269999999999921e+00
-1.903750000000000053e+00 4.959100000000000175e-01 5.610000000000000542e-01 5.233299999999999619e-01 -2.362369999999999859e+00 1.922699999999999965e-01 5.791300000000000336e-01 9.664000000000000368e-02 -2.166290000000000049e+00
-1.903750000000000053e+00 -4.959100000000000175e-01 5.610000000000000542e-01 -5.233299999999999619e-01 -2.362369999999999859e+00 -1.922699999999999965e-01 5.791300000000000336e-01 -9.664000000000000368e-02 -2.166290000000000049e+00
-1.903750000000000053e+00 4.959100000000000175e-01 5.610000000000000542e-01 5.233299999999999619e-01 -2.362369999999999859e+00 1.922699999999999965e-01 5.791300000000000336e-01 9.664000000000000368e-02 -2.166290000000000049e+00
-1.903750000000000053e+00 -4.959100000000000175e-01 5.610000000000000542e-01 -5.233299999999999619e-01 -2.362369999999999859e+00 -1.922699999999999965e-01 5.791300000000000336e-01 -9.664000000000000368e-02 -2.166290000000000049e+00
-2.041929999999999801e+00 -6.931699999999999529e-01 -7.061000000000000609e-02 -5.844300000000000050e-01 -2.161820000000000075e+00 -3.452999999999999819e-02 -6.572999999999999676e-02 -1.481599999999999862e-01 -2.375989999999999824e+00
-2.041929999999999801e+00 6.931699999999999529e-01 -7.061000000000000609e-02 5.844300000000000050e-01 -2.161820000000000075e+00 3.452999999999999819e-02 -6.572999999999999676e-02 1.481599999999999862e-01 -2.375989999999999824e+00
-2.041929999999999801e+00 -6.931699999999999529e-01 -7.061000000000000609e-02 -5.844300000000000050e-01 -2.161820000000000075e+00 -3.452999999999999819e-02 -6.572999999999999676e-02 -1.481599999999999862e-01 -2.375989999999999824e+00
-2.041929999999999801e+00 6.931699999999999529e-01 -7.061000000000000609e-02 5.844300000000000050e-01 -2.161820000000000075e+00 3.452999999999999819e-02 -6.572999999999999676e-02 1.481599999999999862e-01 -2.375989999999999824e+00
