-2.713080844065407504e-02
-1.964725245477199483e-02
-1.964692939425348797e-02
1.789293064166098901e+00
1.789293067908106716e+00
1.796589050562036327e+00
1.796589052047296242e+00
1.856738756718033789e+00
1.856738758147434165e+00
2.105863271371981149e+00
2.666060093766560612e+00
2.666060096569884852e+00
2.941081655160862063e+00
2.941081657307200725e+00
3.100276127910881474e+00
3.515158600434472369e+00
3.556721087268719383e+00
3.683596618616392426e+00
4.025958821660569953e+00
4.025958822768816781e+00
4.142558428580964680e+00
4.142558430681647863e+00
4.362143957474764910e+00
4.362143958285686907e+00
4.760346845194045606e+00
4.760346845832196472e+00
4.979752712698386041e+00
5.315788119213817886e+00
5.814361811604589647e+00
5.814361813360540587e+00
5.922071083124440527e+00
5.922071084138956110e+00
6.123752864656223593e+00
6.308969591690457790e+00
6.726498723441481253e+00
6.987495321566414397e+00
7.062031949415075616e+00
7.062031950881500819e+00
7.394247364334763262e+00
7.394247365109248626e+00
7.756066784876035847e+00
7.756066785477544911e+00
7.945322871152734834e+00
7.945322871691859135e+00
8.303874185111393302e+00
8.880343545650349668e+00
1.053516756623688799e+01
1.054441385643310625e+01
1.094653854331693488e+01
1.094653854381445157e+01
1.171144070850658636e+01
1.171144070881737598e+01
1.171394481147146216e+01
1.171394481187827985e+01
1.210978246768132038e+01
1.239694440408565157e+01
1.239694440434083944e+01
1.264703529724861752e+01
1.296729376113279386e+01
1.312608281466518179e+01
1.478998897380851929e+01
1.480112564863316216e+01
1.591329701705677557e+01
1.591329701743761760e+01
1.605046229945865477e+01
1.605046229977966377e+01
2.241258175609360848e+01
2.241258175625242544e+01
2.241936083246127609e+01
2.241936083291909299e+01
2.292656754140908149e+01
2.292656754160326926e+01
2.316805729038391348e+01
2.316805729056527241e+01
2.380914896561171545e+01
2.417931447920759780e+01
2.421154850242617584e+01
2.542464483300121714e+01
2.578049810579716450e+01
2.601975883732256278e+01
2.634069567866452033e+01
2.634069567894882269e+01
2.638152453495148464e+01
2.638152453498374683e+01
