-9.764714291775258848e-02
-9.121846633220709322e-02
-4.715446479390896645e-02
1.800853467109414741e+00
2.189027937236069032e+00
2.356768652201568948e+00
2.433954748963094161e+00
2.624923795084344924e+00
3.220180709214934822e+00
3.537552572047516719e+00
3.664438347141345975e+00
3.762983191564905017e+00
3.891392193033233582e+00
5.232511194445740976e+00
5.566980572985682940e+00
6.145928627961766644e+00
6.286855557430916619e+00
6.574334133583415785e+00
6.734363095349106487e+00
7.228336613633872254e+00
7.284846257814916903e+00
7.688688145581143552e+00
7.731289685427651825e+00
7.755629046054226983e+00
8.034262654407061888e+00
8.253448315704169147e+00
8.284207270463481265e+00
8.557273023574740733e+00
8.754870901389693927e+00
8.812953971285677923e+00
9.330583331174960193e+00
9.695031861732068990e+00
9.813357529408577307e+00
1.038583790553270703e+01
1.052393367519959178e+01
1.070891441743746419e+01
1.090788526709004280e+01
1.111150714349768087e+01
1.126570596988932493e+01
1.143502168778004524e+01
1.168631515919367914e+01
1.193367851921610878e+01
1.249112977276275060e+01
1.263062967551499405e+01
1.268732335837626479e+01
1.282433222433043518e+01
1.319276237184616285e+01
1.454674300316053603e+01
1.500186238438414676e+01
1.504372969047237341e+01
1.511964444026379795e+01
1.518424548668783913e+01
1.566371641724913211e+01
1.577953842797690953e+01
1.586666830182064380e+01
1.595349761024208668e+01
1.648473524203528129e+01
1.659356324000363614e+01
1.687484364372008017e+01
1.725211308796693288e+01
1.729288185930847277e+01
1.768602493495923866e+01
1.797095047569827386e+01
1.832121750867010590e+01
1.857051902882630756e+01
2.137468537780146960e+01
2.231659490155252357e+01
2.271351716489544614e+01
2.278852353707892320e+01
2.283685449005620072e+01
2.373922184908342814e+01
2.401606181287847974e+01
