9.584200000000000497e-01 -1.030599999999999988e-01 -5.170000000000000116e-03 -9.926000000000000101e-02 1.074680000000000080e+00 1.370000000000000037e-02 1.179999999999999973e-02 -1.986999999999999877e-02 1.613099999999999978e+00
9.584200000000000497e-01 1.030599999999999988e-01 -5.170000000000000116e-03 9.926000000000000101e-02 1.074680000000000080e+00 -1.370000000000000037e-02 1.179999999999999973e-02 1.986999999999999877e-02 1.613099999999999978e+00
9.584200000000000497e-01 -1.030599999999999988e-01 -5.170000000000000116e-03 -9.926000000000000101e-02 1.074680000000000080e+00 1.370000000000000037e-02 1.179999999999999973e-02 -1.986999999999999877e-02 1.613099999999999978e+00
9.584200000000000497e-01 1.030599999999999988e-01 -5.170000000000000116e-03 9.926000000000000101e-02 1.074680000000000080e+00 -1.370000000000000037e-02 1.179999999999999973e-02 1.986999999999999877e-02 1.613099999999999978e+00
1.128209999999999935e+00 -2.122199999999999920e-01 2.086999999999999966e-02 -2.052799999999999903e-01 8.883699999999999930e-01 3.009999999999999828e-02 -1.890000000000000013e-02 -3.472000000000000086e-02 1.610239999999999894e+00
1.128209999999999935e+00 2.122199999999999920e-01 2.086999999999999966e-02 2.052799999999999903e-01 8.883699999999999930e-01 -3.009999999999999828e-02 -1.890000000000000013e-02 3.472000000000000086e-02 1.610239999999999894e+00
1.206139999999999990e+00 0.000000000000000000e+00 7.599999999999999985e-03 0.000000000000000000e+00 1.194989999999999997e+00 -0.000000000000000000e+00 -4.060000000000000241e-03 -0.000000000000000000e+00 4.423400000000000110e-01
1.206139999999999990e+00 0.000000000000000000e+00 7.599999999999999985e-03 0.000000000000000000e+00 1.194989999999999997e+00 -0.000000000000000000e+00 -4.060000000000000241e-03 -0.000000000000000000e+00 4.423400000000000110e-01
6.091719999999999580e+00 0.000000000000000000e+00 -9.278999999999999748e-02 0.000000000000000000e+00 6.205110000000000348e+00 -0.000000000000000000e+00 2.783000000000000057e-02 -0.000000000000000000e+00 2.818659999999999943e+00
6.134509999999999685e+00 0.000000000000000000e+00 1.048899999999999971e-01 0.000000000000000000e+00 6.155409999999999826e+00 -0.000000000000000000e+00 5.699999999999999772e-04 -0.000000000000000000e+00 2.815929999999999822e+00
6.134509999999999685e+00 0.000000000000000000e+00 1.048899999999999971e-01 0.000000000000000000e+00 6.155409999999999826e+00 -0.000000000000000000e+00 5.699999999999999772e-04 -0.000000000000000000e+00 2.815929999999999822e+00
6.091719999999999580e+00 0.000000000000000000e+00 -9.278999999999999748e-02 0.000000000000000000e+00 6.205110000000000348e+00 -0.000000000000000000e+00 2.783000000000000057e-02 -0.000000000000000000e+00 2.818659999999999943e+00
-3.206259999999999888e+00 8.078100000000000280e-01 -2.290200000000000014e-01 8.196700000000000097e-01 -2.279609999999999914e+00 -3.715300000000000269e-01 -2.017100000000000004e-01 -3.230799999999999783e-01 -1.849609999999999976e+00
-3.268440000000000012e+00 8.515899999999999581e-01 -2.127000000000000002e-01 9.062900000000000400e-01 -2.272209999999999841e+00 -3.692099999999999826e-01 -1.953000000000000014e-01 -3.283200000000000007e-01 -1.804669999999999996e+00
-3.206259999999999888e+00 -8.078100000000000280e-01 -2.290200000000000014e-01 -8.196700000000000097e-01 -2.279609999999999914e+00 3.715300000000000269e-01 -2.017100000000000004e-01 3.230799999999999783e-01 -1.849609999999999976e+00
-3.206259999999999888e+00 8.078100000000000280e-01 -2.290200000000000014e-01 8.196700000000000097e-01 -2.279609999999999914e+00 -3.715300000000000269e-01 -2.017100000000000004e-01 -3.230799999999999783e-01 -1.849609999999999976e+00
-1.764010000000000078e+00 2.249999999999999917e-02 4.265999999999999792e-01 -1.982000000000000081e-02 -3.744800000000000129e+00 -1.204999999999999995e-02 3.824799999999999867e-01 -8.139999999999999666e-03 -1.802400000000000002e+00
-3.268440000000000012e+00 -8.515899999999999581e-01 -2.127000000000000002e-01 -9.062900000000000400e-01 -2.272209999999999841e+00 3.692099999999999826e-01 -1.953000000000000014e-01 3.283200000000000007e-01 -1.804669999999999996e+00
-3.268440000000000012e+00 8.515899999999999581e-01 -2.127000000000000002e-01 9.062900000000000400e-01 -2.272209999999999841e+00 -3.692099999999999826e-01 -1.953000000000000014e-01 -3.283200000000000007e-01 -1.804669999999999996e+00
-3.268440000000000012e+00 -8.515899999999999581e-01 -2.127000000000000002e-01 -9.062900000000000400e-01 -2.272209999999999841e+00 3.692099999999999826e-01 -1.953000000000000014e-01 3.283200000000000007e-01 -1.804669999999999996e+00
-1.764010000000000078e+00 -2.249999999999999917e-02 4.265999999999999792e-01 1.982000000000000081e-02 -3.744800000000000129e+00 1.204999999999999995e-02 3.824799999999999867e-01 8.139999999999999666e-03 -1.802400000000000002e+00
-1.764010000000000078e+00 -2.249999999999999917e-02 4.265999999999999792e-01 1.982000000000000081e-02 -3.744800000000000129e+00 1.204999999999999995e-02 3.824799999999999867e-01 8.139999999999999666e-03 -1.802400000000000002e+00
-1.764010000000000078e+00 2.249999999999999917e-02 4.265999999999999792e-01 -1.982000000000000081e-02 -3.744800000000000129e+00 -1.204999999999999995e-02 3.824799999999999867e-01 -8.139999999999999666e-03 -1.802400000000000002e+00
-3.206259999999999888e+00 -8.078100000000000280e-01 -2.290200000000000014e-01 -8.196700000000000097e-01 -2.279609999999999914e+00 3.715300000000000269e-01 -2.017100000000000004e-01 3.230799999999999783e-01 -1.849609999999999976e+00
