-3.559687800437865562e-02
-2.886509292256767695e-02
-2.215546248322326772e-02
2.954817917244614289e+00
3.223900664280149542e+00
3.425258513083781153e+00
3.546011509382215099e+00
3.765297781755920337e+00
4.061195344434199939e+00
4.409955267177191551e+00
4.606839911095397255e+00
4.786073567855359201e+00
4.969297928209890358e+00
5.225163182236546078e+00
5.458067563500984321e+00
5.528406504867717786e+00
5.563419677702554189e+00
6.021376010055899286e+00
6.319224123029541396e+00
6.997035463947072209e+00
7.023586926316195189e+00
7.295272725621638088e+00
7.581494337137455020e+00
7.857277371533339938e+00
8.510299695477412385e+00
8.825438604247100471e+00
8.863594347471162038e+00
8.949325074072936204e+00
9.199946825618944501e+00
9.810811919635886724e+00
9.969480046617858804e+00
9.977674596768482118e+00
1.019840492241497643e+01
1.109612346380618675e+01
1.131780155233076535e+01
1.136365842497425582e+01
1.152707502633380265e+01
1.165279599003033972e+01
1.218673199849675370e+01
1.249663727739802255e+01
1.264291772725013629e+01
1.269142064013206017e+01
1.528844587953609491e+01
1.605830302515535379e+01
1.627833081415757377e+01
1.655380692052266056e+01
1.707775647143259334e+01
1.798808875193981649e+01
1.831912206026747825e+01
1.877126188369053850e+01
1.903230456123612768e+01
1.923325174070104282e+01
1.938400845254490079e+01
1.984135757705139724e+01
2.001931113863332001e+01
2.002245038980160885e+01
2.073023906799452476e+01
2.142904120370014098e+01
2.186532268577886029e+01
2.224396439269372650e+01
2.234603104712513399e+01
2.322111709049825379e+01
2.427130816907165212e+01
2.427353162824152477e+01
2.459556279856075989e+01
2.532944661233787542e+01
2.549733174925895796e+01
2.600438957883139324e+01
2.714813917309567515e+01
2.720699474722909272e+01
2.813789026807671334e+01
2.826679075039942646e+01
