6.636600000000000277e-01 0.000000000000000000e+00 -1.533100000000000018e-01 0.000000000000000000e+00 1.253009999999999957e+00 -0.000000000000000000e+00 -2.338800000000000046e-01 0.000000000000000000e+00 9.369499999999999496e-01
1.253069999999999906e+00 0.000000000000000000e+00 1.934299999999999908e-01 0.000000000000000000e+00 1.375979999999999981e+00 0.000000000000000000e+00 3.223199999999999954e-01 0.000000000000000000e+00 1.040219999999999922e+00
1.390949999999999909e+00 0.000000000000000000e+00 7.907999999999999752e-02 -0.000000000000000000e+00 6.541500000000000092e-01 -0.000000000000000000e+00 4.864999999999999880e-02 0.000000000000000000e+00 1.055569999999999897e+00
1.390949999999999909e+00 0.000000000000000000e+00 7.907999999999999752e-02 -0.000000000000000000e+00 6.541500000000000092e-01 -0.000000000000000000e+00 4.864999999999999880e-02 0.000000000000000000e+00 1.055569999999999897e+00
6.636600000000000277e-01 0.000000000000000000e+00 -1.533100000000000018e-01 0.000000000000000000e+00 1.253009999999999957e+00 -0.000000000000000000e+00 -2.338800000000000046e-01 0.000000000000000000e+00 9.369499999999999496e-01
1.253069999999999906e+00 0.000000000000000000e+00 1.934299999999999908e-01 0.000000000000000000e+00 1.375979999999999981e+00 0.000000000000000000e+00 3.223199999999999954e-01 0.000000000000000000e+00 1.040219999999999922e+00
2.932789999999999786e+00 0.000000000000000000e+00 -6.356000000000000538e-01 -0.000000000000000000e+00 3.671489999999999920e+00 0.000000000000000000e+00 -8.313399999999999679e-01 0.000000000000000000e+00 4.934569999999999901e+00
2.932789999999999786e+00 0.000000000000000000e+00 -6.356000000000000538e-01 -0.000000000000000000e+00 3.671489999999999920e+00 0.000000000000000000e+00 -8.313399999999999679e-01 0.000000000000000000e+00 4.934569999999999901e+00
-1.509849999999999914e+00 -3.678000000000000158e-01 -2.384199999999999930e-01 -2.860900000000000110e-01 -1.925380000000000091e+00 -3.635099999999999998e-01 -8.165999999999999648e-02 -2.157300000000000051e-01 -1.675650000000000084e+00
-1.509849999999999914e+00 3.678000000000000158e-01 -2.384199999999999930e-01 2.860900000000000110e-01 -1.925380000000000091e+00 3.635099999999999998e-01 -8.165999999999999648e-02 2.157300000000000051e-01 -1.675650000000000084e+00
-1.509849999999999914e+00 -3.678000000000000158e-01 -2.384199999999999930e-01 -2.860900000000000110e-01 -1.925380000000000091e+00 -3.635099999999999998e-01 -8.165999999999999648e-02 -2.157300000000000051e-01 -1.675650000000000084e+00
-1.509849999999999914e+00 3.678000000000000158e-01 -2.384199999999999930e-01 2.860900000000000110e-01 -1.925380000000000091e+00 3.635099999999999998e-01 -8.165999999999999648e-02 2.157300000000000051e-01 -1.675650000000000084e+00
-1.610379999999999923e+00 9.346000000000000141e-02 4.966200000000000059e-01 7.394000000000000572e-02 -1.551930000000000032e+00 -5.065699999999999648e-01 4.287799999999999945e-01 -6.380000000000000115e-01 -2.307999999999999829e+00
-1.610379999999999923e+00 -9.346000000000000141e-02 4.966200000000000059e-01 -7.394000000000000572e-02 -1.551930000000000032e+00 5.065699999999999648e-01 4.287799999999999945e-01 6.380000000000000115e-01 -2.307999999999999829e+00
-1.610379999999999923e+00 -9.346000000000000141e-02 4.966200000000000059e-01 -7.394000000000000572e-02 -1.551930000000000032e+00 5.065699999999999648e-01 4.287799999999999945e-01 6.380000000000000115e-01 -2.307999999999999829e+00
-1.610379999999999923e+00 9.346000000000000141e-02 4.966200000000000059e-01 7.394000000000000572e-02 -1.551930000000000032e+00 -5.065699999999999648e-01 4.287799999999999945e-01 -6.380000000000000115e-01 -2.307999999999999829e+00
