-6.972343592625226960e-02
-5.072628763629682958e-02
-4.386523412067275252e-02
2.748743406651742216e+00
3.598109602047333766e+00
4.255268613590841298e+00
4.281953030884540823e+00
4.790034262748844363e+00
5.026725068458754109e+00
5.297122612811715925e+00
5.804983434022897626e+00
5.847562561004619575e+00
7.110742538723402006e+00
7.737154255145154202e+00
8.070076707318323272e+00
8.077810589111406259e+00
8.475644994326305692e+00
9.421632218094387667e+00
9.460715202526451151e+00
9.993507117218758395e+00
1.005634879670700066e+01
1.069331942152816772e+01
1.202735655750195143e+01
1.291055005916498111e+01
1.376952719282855142e+01
1.519443672626242403e+01
1.532963118928461554e+01
1.614258049045625754e+01
1.637815764116213302e+01
1.957063426607982493e+01
1.957588865733476879e+01
2.091640275888930489e+01
2.215113499441928013e+01
2.328978870687877389e+01
2.534267413828800031e+01
2.656026738988239799e+01
