-3.692396490631693479e-02
-3.692396490332779807e-02
-2.620848367060022929e-02
1.964224101677827461e+00
2.243922085139334666e+00
2.481236629081808420e+00
2.481236629081838174e+00
3.344530424651598555e+00
3.344530424651620759e+00
3.792528312721163974e+00
3.792528312721179518e+00
4.277969886346577155e+00
4.311289539153452921e+00
5.622782641163622586e+00
5.622782641163625250e+00
6.101779098236010945e+00
6.308877282247600249e+00
6.308877282247622453e+00
7.218284460046272777e+00
8.050093040565210245e+00
8.050093040565217350e+00
9.160624577456461637e+00
1.018539578932697331e+01
1.018539578932697509e+01
1.074156986747943243e+01
1.186876051341559801e+01
1.200283285085926366e+01
1.263231998259552569e+01
2.296769364829865268e+01
2.296769364829866333e+01
2.334790105535743265e+01
2.334790105535743976e+01
2.395080428071617007e+01
2.472107590375934549e+01
2.557641616556345809e+01
2.598913859242659896e+01
