-1.665264241622284314e-01
-1.090972326097644496e-01
-3.145281988665105805e-02
1.205464479437787784e+00
1.408003204552129128e+00
1.416625238892171401e+00
1.447995384882732495e+00
1.706583012735316540e+00
2.032665690055246444e+00
2.105995708849402792e+00
2.151126447251128671e+00
2.208900585419124152e+00
2.321138946708540374e+00
2.567125941350571150e+00
2.604121532885253831e+00
2.960183646719536821e+00
3.022819480501786504e+00
3.062355152325524799e+00
3.149283481568017962e+00
3.254597413763096636e+00
3.518040960724368116e+00
3.530499832746341049e+00
3.671808274367185376e+00
4.142343274329427949e+00
4.628176441845215372e+00
4.638745313081567900e+00
4.775028067012002886e+00
6.028553102892646010e+00
6.044057320366647446e+00
6.687325210144080323e+00
6.840047691797023433e+00
6.905738163548237551e+00
6.916266626642930682e+00
7.003067637503185949e+00
9.034215227998240394e+00
9.323476737258379998e+00
9.368039035062952991e+00
9.779069715134269813e+00
9.838114860650758686e+00
1.002478221390695978e+01
1.035940269774717493e+01
1.044088245008135907e+01
1.096774407127865558e+01
1.102030833086303296e+01
1.446855206598573318e+01
1.448968068780793494e+01
1.589433133805370879e+01
1.600718950205669699e+01
2.102665410866442031e+01
2.103125733639117456e+01
2.630194612982865010e+01
2.733928630014834127e+01
2.780502761911454002e+01
2.787335669931889726e+01
2.835262228563608033e+01
2.846564661926423767e+01
2.858172488093874719e+01
2.916759675632755844e+01
2.946580622685747741e+01
2.972430588723043599e+01
