-2.516375967475546760e-02
-2.516375967402435451e-02
-2.516375967340677214e-02
2.066992200502296484e+00
2.066992200502325794e+00
2.066992200502328902e+00
3.186360602973557388e+00
3.186360602973566714e+00
3.186360602973575151e+00
3.343662225076103223e+00
3.343662225076106331e+00
3.343662225076111660e+00
3.529549126805574311e+00
3.529549126805578751e+00
3.529549126805583636e+00
5.336777354592648237e+00
5.336777354592649125e+00
6.359774031921150872e+00
6.359774031921156201e+00
6.359774031921162418e+00
6.859203862777363270e+00
6.859203862777365934e+00
6.859203862777370375e+00
7.395316947685294018e+00
7.395316947685294018e+00
7.395316947685296682e+00
7.717946919049677668e+00
9.488153706503181795e+00
9.488153706503183571e+00
9.488153706503188900e+00
1.058488253171393900e+01
1.058488253171394433e+01
1.110804584375059889e+01
1.110804584375060422e+01
1.110804584375060600e+01
1.192567290454846507e+01
1.192567290454846507e+01
1.192567290454846862e+01
1.236817298516882424e+01
1.236817298516882424e+01
1.236817298516882424e+01
1.359469596197775587e+01
1.359469596197775587e+01
1.461933342992118234e+01
1.461933342992118590e+01
1.461933342992118590e+01
1.627196968270621724e+01
1.627196968270622790e+01
1.627196968270623145e+01
1.657477373924510289e+01
1.841388337278218046e+01
