-3.379843586268840849e-02
-3.230924829185833486e-02
-1.355929385359450762e-02
2.535684693121750932e+00
3.164107420576922181e+00
3.640645198975849706e+00
4.082786933217103176e+00
4.431293037595839479e+00
4.747727810264060544e+00
4.837330979730816161e+00
4.955157000871616368e+00
5.000288756915078459e+00
5.254449615698994158e+00
5.359742039923571788e+00
5.516547613050543752e+00
5.705291756713034346e+00
5.732310699249998365e+00
5.946231544654529522e+00
6.383502701172898419e+00
6.384586848702507034e+00
6.437158332418556839e+00
6.561829934370339679e+00
6.705931728179065132e+00
6.863373051803155711e+00
6.933503395376432898e+00
6.950282255690654054e+00
7.044671285211380862e+00
7.129433723969410330e+00
7.409167049795334137e+00
7.535423291707713744e+00
7.565910539480960040e+00
7.780308922962316132e+00
7.812886645055884038e+00
8.279847069253213121e+00
8.809808073583042187e+00
8.988559859746020564e+00
1.059610078310652881e+01
1.073300620860727328e+01
1.091287580022858705e+01
1.091934942533200470e+01
1.092600360888556033e+01
1.126335301937780820e+01
1.187434170429648184e+01
1.187522155570056626e+01
1.253131908680766671e+01
1.262076340738282987e+01
1.307203927142462874e+01
1.335660068016912660e+01
1.434989492460311666e+01
1.452808809704958115e+01
1.466697234568648689e+01
1.487728968238122285e+01
1.511643392692974963e+01
1.522424649077913017e+01
1.532514305067633131e+01
1.536281942175058468e+01
1.538080844310185569e+01
1.538512766837441426e+01
1.539801227320408117e+01
1.549008972831990327e+01
1.566145033076949211e+01
1.593015072289938772e+01
1.597041535059625517e+01
1.600207631737127656e+01
1.601285777779440167e+01
1.608281998696432069e+01
1.621258660426262210e+01
1.632857039844889613e+01
1.640141426066568187e+01
1.687642803958247839e+01
1.715322366318099867e+01
1.736342693527231518e+01
