2.795770000000000088e+00 -0.000000000000000000e+00 0.000000000000000000e+00 -0.000000000000000000e+00 2.238750000000000018e+00 -0.000000000000000000e+00 0.000000000000000000e+00 0.000000000000000000e+00 3.018730000000000135e+00
2.795770000000000088e+00 -0.000000000000000000e+00 0.000000000000000000e+00 -0.000000000000000000e+00 2.238750000000000018e+00 -0.000000000000000000e+00 0.000000000000000000e+00 0.000000000000000000e+00 3.018730000000000135e+00
1.920930000000000026e+00 -0.000000000000000000e+00 -0.000000000000000000e+00 -0.000000000000000000e+00 2.171209999999999862e+00 7.475999999999999313e-02 0.000000000000000000e+00 -8.995000000000000218e-02 2.043159999999999865e+00
1.920930000000000026e+00 -0.000000000000000000e+00 -0.000000000000000000e+00 -0.000000000000000000e+00 2.171209999999999862e+00 7.475999999999999313e-02 0.000000000000000000e+00 -8.995000000000000218e-02 2.043159999999999865e+00
1.920930000000000026e+00 -0.000000000000000000e+00 0.000000000000000000e+00 -0.000000000000000000e+00 2.171209999999999862e+00 -7.475999999999999313e-02 -0.000000000000000000e+00 8.995000000000000218e-02 2.043159999999999865e+00
1.920930000000000026e+00 -0.000000000000000000e+00 0.000000000000000000e+00 -0.000000000000000000e+00 2.171209999999999862e+00 -7.475999999999999313e-02 -0.000000000000000000e+00 8.995000000000000218e-02 2.043159999999999865e+00
3.055769999999999875e+00 -4.859999999999999737e-03 0.000000000000000000e+00 9.397999999999999410e-02 2.782750000000000057e+00 0.000000000000000000e+00 0.000000000000000000e+00 0.000000000000000000e+00 2.990520000000000067e+00
3.055769999999999875e+00 4.859999999999999737e-03 0.000000000000000000e+00 -9.397999999999999410e-02 2.782750000000000057e+00 -0.000000000000000000e+00 0.000000000000000000e+00 0.000000000000000000e+00 2.990520000000000067e+00
3.055769999999999875e+00 4.859999999999999737e-03 0.000000000000000000e+00 -9.397999999999999410e-02 2.782750000000000057e+00 -0.000000000000000000e+00 0.000000000000000000e+00 0.000000000000000000e+00 2.990520000000000067e+00
3.055769999999999875e+00 -4.859999999999999737e-03 0.000000000000000000e+00 9.397999999999999410e-02 2.782750000000000057e+00 0.000000000000000000e+00 0.000000000000000000e+00 0.000000000000000000e+00 2.990520000000000067e+00
-1.772310000000000052e+00 5.242999999999999883e-01 0.000000000000000000e+00 4.853999999999999981e-01 -1.780780000000000030e+00 -0.000000000000000000e+00 0.000000000000000000e+00 0.000000000000000000e+00 -1.838470000000000049e+00
-1.580130000000000035e+00 3.614100000000000090e-01 3.851999999999999869e-02 3.326100000000000168e-01 -1.739919999999999911e+00 3.445300000000000029e-01 1.026399999999999951e-01 3.490599999999999814e-01 -2.039419999999999789e+00
-1.772310000000000052e+00 -5.242999999999999883e-01 -0.000000000000000000e+00 -4.853999999999999981e-01 -1.780780000000000030e+00 0.000000000000000000e+00 0.000000000000000000e+00 0.000000000000000000e+00 -1.838470000000000049e+00
-1.580130000000000035e+00 3.614100000000000090e-01 -3.851999999999999869e-02 3.326100000000000168e-01 -1.739919999999999911e+00 -3.445300000000000029e-01 -1.026399999999999951e-01 -3.490599999999999814e-01 -2.039419999999999789e+00
-1.772310000000000052e+00 5.242999999999999883e-01 0.000000000000000000e+00 4.853999999999999981e-01 -1.780780000000000030e+00 0.000000000000000000e+00 0.000000000000000000e+00 0.000000000000000000e+00 -1.838470000000000049e+00
-2.884040000000000159e+00 0.000000000000000000e+00 0.000000000000000000e+00 0.000000000000000000e+00 -1.625459999999999905e+00 0.000000000000000000e+00 -0.000000000000000000e+00 0.000000000000000000e+00 -1.251489999999999991e+00
-1.580130000000000035e+00 3.614100000000000090e-01 3.851999999999999869e-02 3.326100000000000168e-01 -1.739919999999999911e+00 3.445300000000000029e-01 1.026399999999999951e-01 3.490599999999999814e-01 -2.039419999999999789e+00
-1.580130000000000035e+00 -3.614100000000000090e-01 -3.851999999999999869e-02 -3.326100000000000168e-01 -1.739919999999999911e+00 3.445300000000000029e-01 -1.026399999999999951e-01 3.490599999999999814e-01 -2.039419999999999789e+00
-1.580130000000000035e+00 3.614100000000000090e-01 -3.851999999999999869e-02 3.326100000000000168e-01 -1.739919999999999911e+00 -3.445300000000000029e-01 -1.026399999999999951e-01 -3.490599999999999814e-01 -2.039419999999999789e+00
-1.580130000000000035e+00 -3.614100000000000090e-01 3.851999999999999869e-02 -3.326100000000000168e-01 -1.739919999999999911e+00 -3.445300000000000029e-01 1.026399999999999951e-01 -3.490599999999999814e-01 -2.039419999999999789e+00
-2.884040000000000159e+00 0.000000000000000000e+00 0.000000000000000000e+00 0.000000000000000000e+00 -1.625459999999999905e+00 0.000000000000000000e+00 -0.000000000000000000e+00 0.000000000000000000e+00 -1.251489999999999991e+00
-1.580130000000000035e+00 -3.614100000000000090e-01 3.851999999999999869e-02 -3.326100000000000168e-01 -1.739919999999999911e+00 -3.445300000000000029e-01 1.026399999999999951e-01 -3.490599999999999814e-01 -2.039419999999999789e+00
-1.580130000000000035e+00 -3.614100000000000090e-01 -3.851999999999999869e-02 -3.326100000000000168e-01 -1.739919999999999911e+00 3.445300000000000029e-01 -1.026399999999999951e-01 3.490599999999999814e-01 -2.039419999999999789e+00
-1.772310000000000052e+00 -5.242999999999999883e-01 -0.000000000000000000e+00 -4.853999999999999981e-01 -1.780780000000000030e+00 0.000000000000000000e+00 0.000000000000000000e+00 0.000000000000000000e+00 -1.838470000000000049e+00
