2.303700000000000081e+00 2.477199999999999958e-01 0.000000000000000000e+00 2.477199999999999958e-01 2.303700000000000081e+00 0.000000000000000000e+00 0.000000000000000000e+00 0.000000000000000000e+00 2.483890000000000153e+00
2.303700000000000081e+00 -2.477199999999999958e-01 0.000000000000000000e+00 -2.477199999999999958e-01 2.303700000000000081e+00 0.000000000000000000e+00 0.000000000000000000e+00 0.000000000000000000e+00 2.483890000000000153e+00
6.919010000000000105e+00 -7.983999999999999986e-01 0.000000000000000000e+00 -7.983999999999999986e-01 6.919010000000000105e+00 0.000000000000000000e+00 -0.000000000000000000e+00 -0.000000000000000000e+00 7.868299999999999628e+00
6.919010000000000105e+00 7.983999999999999986e-01 0.000000000000000000e+00 7.983999999999999986e-01 6.919010000000000105e+00 0.000000000000000000e+00 0.000000000000000000e+00 0.000000000000000000e+00 7.868299999999999628e+00
6.919010000000000105e+00 -7.983999999999999986e-01 0.000000000000000000e+00 -7.983999999999999986e-01 6.919010000000000105e+00 0.000000000000000000e+00 -0.000000000000000000e+00 -0.000000000000000000e+00 7.868299999999999628e+00
6.919010000000000105e+00 7.983999999999999986e-01 0.000000000000000000e+00 7.983999999999999986e-01 6.919010000000000105e+00 0.000000000000000000e+00 0.000000000000000000e+00 0.000000000000000000e+00 7.868299999999999628e+00
-3.120849999999999902e+00 -1.787449999999999983e+00 9.984800000000000342e-01 -1.787449999999999983e+00 -3.120849999999999902e+00 9.984800000000000342e-01 8.526500000000000190e-01 8.526500000000000190e-01 -2.462839999999999918e+00
-3.120849999999999902e+00 -1.787449999999999983e+00 -9.984800000000000342e-01 -1.787449999999999983e+00 -3.120849999999999902e+00 -9.984800000000000342e-01 -8.526500000000000190e-01 -8.526500000000000190e-01 -2.462839999999999918e+00
-3.120849999999999902e+00 -1.787449999999999983e+00 -9.984800000000000342e-01 -1.787449999999999983e+00 -3.120849999999999902e+00 -9.984800000000000342e-01 -8.526500000000000190e-01 -8.526500000000000190e-01 -2.462839999999999918e+00
-3.120849999999999902e+00 1.787449999999999983e+00 9.984800000000000342e-01 1.787449999999999983e+00 -3.120849999999999902e+00 -9.984800000000000342e-01 8.526500000000000190e-01 -8.526500000000000190e-01 -2.462839999999999918e+00
-3.120849999999999902e+00 1.787449999999999983e+00 -9.984800000000000342e-01 1.787449999999999983e+00 -3.120849999999999902e+00 9.984800000000000342e-01 -8.526500000000000190e-01 8.526500000000000190e-01 -2.462839999999999918e+00
-3.120849999999999902e+00 1.787449999999999983e+00 9.984800000000000342e-01 1.787449999999999983e+00 -3.120849999999999902e+00 -9.984800000000000342e-01 8.526500000000000190e-01 -8.526500000000000190e-01 -2.462839999999999918e+00
-1.829169999999999963e+00 -5.639699999999999713e-01 -0.000000000000000000e+00 -5.639699999999999713e-01 -1.829169999999999963e+00 0.000000000000000000e+00 0.000000000000000000e+00 0.000000000000000000e+00 -4.184580000000000410e+00
-1.829169999999999963e+00 5.639699999999999713e-01 0.000000000000000000e+00 5.639699999999999713e-01 -1.829169999999999963e+00 0.000000000000000000e+00 0.000000000000000000e+00 0.000000000000000000e+00 -4.184580000000000410e+00
-1.829169999999999963e+00 5.639699999999999713e-01 0.000000000000000000e+00 5.639699999999999713e-01 -1.829169999999999963e+00 0.000000000000000000e+00 0.000000000000000000e+00 0.000000000000000000e+00 -4.184580000000000410e+00
-1.829169999999999963e+00 -5.639699999999999713e-01 -0.000000000000000000e+00 -5.639699999999999713e-01 -1.829169999999999963e+00 0.000000000000000000e+00 0.000000000000000000e+00 0.000000000000000000e+00 -4.184580000000000410e+00
-3.120849999999999902e+00 -1.787449999999999983e+00 9.984800000000000342e-01 -1.787449999999999983e+00 -3.120849999999999902e+00 9.984800000000000342e-01 8.526500000000000190e-01 8.526500000000000190e-01 -2.462839999999999918e+00
-3.120849999999999902e+00 1.787449999999999983e+00 -9.984800000000000342e-01 1.787449999999999983e+00 -3.120849999999999902e+00 9.984800000000000342e-01 -8.526500000000000190e-01 8.526500000000000190e-01 -2.462839999999999918e+00
