-1.271340396057268618e-01
-1.268654436023560761e-01
-4.564324686644031376e-02
1.587456098364923296e+00
1.620134036323158888e+00
2.555178599733519906e+00
2.732810411621726665e+00
3.476872095372517180e+00
3.652315396795605906e+00
3.812792175878721324e+00
3.814699008188753737e+00
3.825063814162634745e+00
4.044673076410884249e+00
4.472936889038205521e+00
4.479069227384861129e+00
4.616758498880375150e+00
4.830607783973246860e+00
4.971048681346574405e+00
5.225791176209409805e+00
5.352833823970815530e+00
5.454291305628274245e+00
5.723298259928862208e+00
5.836902545340365123e+00
6.018609153612495710e+00
6.049804697031247791e+00
6.270753865855015263e+00
6.271337904499258542e+00
6.381671781584113745e+00
6.488451443787123907e+00
6.767465818926010179e+00
7.554912758399493278e+00
7.623627989140736361e+00
7.717412412167844238e+00
7.952447126103572295e+00
8.100966538957488083e+00
8.209537925786271728e+00
8.358636583384363661e+00
8.677995640633705321e+00
8.697449357309318785e+00
9.322266424913649985e+00
9.355498027261029748e+00
9.632521654217415019e+00
9.966332391673827118e+00
1.041033421726391595e+01
1.061014331093617358e+01
1.132986219361719193e+01
1.198137315310958861e+01
1.203004986098187601e+01
1.728707900789641272e+01
1.738148506233082102e+01
1.750313884770554296e+01
1.756511706013130691e+01
1.758111700935619837e+01
1.767270019962882799e+01
1.780644872232489107e+01
1.800160287631288725e+01
2.123806304476745055e+01
2.131761676887970580e+01
2.175256621741159435e+01
2.188829488122249955e+01
2.871251495007321708e+01
2.893159110534549328e+01
2.910273920277536064e+01
2.948123532885827558e+01
3.599143842160238904e+01
3.613244458679755411e+01
3.636761029662086031e+01
3.656329100149191902e+01
3.666848501843523422e+01
3.671882284333502611e+01
3.687127515570980307e+01
4.118903194407960200e+01
