1.170190000000000063e+00 -4.997000000000000053e-02 -3.781000000000000333e-02 -3.781000000000000333e-02 1.170190000000000063e+00 -4.997000000000000053e-02 -4.997000000000000053e-02 -3.781000000000000333e-02 1.170190000000000063e+00
1.170190000000000063e+00 4.997000000000000053e-02 3.781000000000000333e-02 3.781000000000000333e-02 1.170190000000000063e+00 -4.997000000000000053e-02 4.997000000000000053e-02 -3.781000000000000333e-02 1.170190000000000063e+00
1.170190000000000063e+00 4.997000000000000053e-02 -3.781000000000000333e-02 3.781000000000000333e-02 1.170190000000000063e+00 4.997000000000000053e-02 -4.997000000000000053e-02 3.781000000000000333e-02 1.170190000000000063e+00
1.170190000000000063e+00 -4.997000000000000053e-02 3.781000000000000333e-02 -3.781000000000000333e-02 1.170190000000000063e+00 4.997000000000000053e-02 4.997000000000000053e-02 3.781000000000000333e-02 1.170190000000000063e+00
2.324570000000000025e+00 -5.556499999999999773e-01 -2.054999999999999882e-01 -2.054999999999999882e-01 2.324570000000000025e+00 -5.556499999999999773e-01 -5.556499999999999773e-01 -2.054999999999999882e-01 2.324570000000000025e+00
2.324570000000000025e+00 5.556499999999999773e-01 2.054999999999999882e-01 2.054999999999999882e-01 2.324570000000000025e+00 -5.556499999999999773e-01 5.556499999999999773e-01 -2.054999999999999882e-01 2.324570000000000025e+00
2.324570000000000025e+00 5.556499999999999773e-01 -2.054999999999999882e-01 2.054999999999999882e-01 2.324570000000000025e+00 5.556499999999999773e-01 -5.556499999999999773e-01 2.054999999999999882e-01 2.324570000000000025e+00
2.324570000000000025e+00 -5.556499999999999773e-01 2.054999999999999882e-01 -2.054999999999999882e-01 2.324570000000000025e+00 5.556499999999999773e-01 5.556499999999999773e-01 2.054999999999999882e-01 2.324570000000000025e+00
-1.136139999999999928e+00 1.030799999999999939e+00 -0.000000000000000000e+00 -2.554999999999999979e-02 -4.533100000000000129e+00 -0.000000000000000000e+00 -0.000000000000000000e+00 -0.000000000000000000e+00 -1.320270000000000055e+00
-1.136139999999999928e+00 -1.030799999999999939e+00 -0.000000000000000000e+00 2.554999999999999979e-02 -4.533100000000000129e+00 -0.000000000000000000e+00 -0.000000000000000000e+00 -0.000000000000000000e+00 -1.320270000000000055e+00
-4.533100000000000129e+00 0.000000000000000000e+00 -2.554999999999999979e-02 0.000000000000000000e+00 -1.320270000000000055e+00 -0.000000000000000000e+00 1.030799999999999939e+00 -0.000000000000000000e+00 -1.136139999999999928e+00
-4.533100000000000129e+00 0.000000000000000000e+00 2.554999999999999979e-02 0.000000000000000000e+00 -1.320270000000000055e+00 -0.000000000000000000e+00 -1.030799999999999939e+00 0.000000000000000000e+00 -1.136139999999999928e+00
-1.320270000000000055e+00 0.000000000000000000e+00 -0.000000000000000000e+00 0.000000000000000000e+00 -1.136139999999999928e+00 1.030799999999999939e+00 -0.000000000000000000e+00 -2.554999999999999979e-02 -4.533100000000000129e+00
-1.320270000000000055e+00 0.000000000000000000e+00 -0.000000000000000000e+00 0.000000000000000000e+00 -1.136139999999999928e+00 -1.030799999999999939e+00 -0.000000000000000000e+00 2.554999999999999979e-02 -4.533100000000000129e+00
