-1.288749255636930935e-01
-5.457266404276550631e-02
-2.869369807063655228e-02
3.929556029886001056e-01
1.297218233536349352e+00
2.255994995071425979e+00
2.775204165122126643e+00
3.185998984302912174e+00
3.384017679634871989e+00
3.434151729497769256e+00
3.783537768021410397e+00
4.319972220981347810e+00
4.383513738679608807e+00
4.551715757872169199e+00
4.605820261114842218e+00
4.890135327302767898e+00
5.545986367456098520e+00
6.027984885797504688e+00
6.218372136361826286e+00
6.246321350826486096e+00
6.392022079380083710e+00
6.449826100009414809e+00
6.901435244398749447e+00
6.905744697553871880e+00
6.921757923812565494e+00
7.300109200556953226e+00
7.489177754496086692e+00
7.608702201175730373e+00
7.872386342118657510e+00
8.033889616403532941e+00
8.265186811621441976e+00
8.469839278755864953e+00
8.488226619043176768e+00
8.751173608596795717e+00
9.064493651632830051e+00
9.239266195754566979e+00
9.408144959323282208e+00
9.573264197700158462e+00
9.594259565737353057e+00
1.018273832866647943e+01
1.020388180198983186e+01
1.030774081463271763e+01
1.072490293637860503e+01
1.087401251717489359e+01
1.139763513893910840e+01
1.148684510395306368e+01
1.250192102204430000e+01
1.280555362933232111e+01
1.296688573226169794e+01
1.347233986451370136e+01
1.398260591403515996e+01
1.443017022223304302e+01
1.452652011884550021e+01
1.521816453620197329e+01
1.647959095673706287e+01
1.656909165101506431e+01
1.711468311025580746e+01
1.806697151212798858e+01
2.051970073314474519e+01
2.054967884085269247e+01
2.097402672383550026e+01
2.108311502222025524e+01
2.116785538979639725e+01
2.160032485357678311e+01
2.309545610538050653e+01
2.311099253302942103e+01
2.326808612497507767e+01
2.602348118215610384e+01
2.617294184836704929e+01
2.655200898653230013e+01
2.682838797563372069e+01
2.691852060063066787e+01
