1.320130000000000026e+00 0.000000000000000000e+00 -0.000000000000000000e+00 0.000000000000000000e+00 1.320130000000000026e+00 -0.000000000000000000e+00 0.000000000000000000e+00 0.000000000000000000e+00 1.377979999999999983e+00
5.319849999999999746e+00 0.000000000000000000e+00 0.000000000000000000e+00 0.000000000000000000e+00 5.319849999999999746e+00 0.000000000000000000e+00 -0.000000000000000000e+00 0.000000000000000000e+00 4.660070000000000157e+00
3.866410000000000124e+00 0.000000000000000000e+00 0.000000000000000000e+00 0.000000000000000000e+00 3.866410000000000124e+00 0.000000000000000000e+00 0.000000000000000000e+00 0.000000000000000000e+00 3.082450000000000134e+00
3.866410000000000124e+00 0.000000000000000000e+00 0.000000000000000000e+00 0.000000000000000000e+00 3.866410000000000124e+00 0.000000000000000000e+00 0.000000000000000000e+00 0.000000000000000000e+00 3.082450000000000134e+00
-2.977100000000000080e+00 1.337390000000000079e+00 1.177470000000000017e+00 1.337390000000000079e+00 -1.432809999999999917e+00 -6.798100000000000254e-01 8.726399999999999713e-01 -5.038200000000000456e-01 -1.288049999999999917e+00
-2.977100000000000080e+00 1.337390000000000079e+00 1.177470000000000017e+00 1.337390000000000079e+00 -1.432809999999999917e+00 -6.798100000000000254e-01 8.726399999999999713e-01 -5.038200000000000456e-01 -1.288049999999999917e+00
-6.606699999999999795e-01 -0.000000000000000000e+00 0.000000000000000000e+00 -0.000000000000000000e+00 -3.749249999999999972e+00 1.359629999999999894e+00 0.000000000000000000e+00 1.007640000000000091e+00 -1.288049999999999917e+00
-6.606699999999999795e-01 -0.000000000000000000e+00 0.000000000000000000e+00 -0.000000000000000000e+00 -3.749249999999999972e+00 1.359629999999999894e+00 0.000000000000000000e+00 1.007640000000000091e+00 -1.288049999999999917e+00
-2.977100000000000080e+00 -1.337390000000000079e+00 -1.177470000000000017e+00 -1.337390000000000079e+00 -1.432809999999999917e+00 -6.798100000000000254e-01 -8.726399999999999713e-01 -5.038200000000000456e-01 -1.288049999999999917e+00
-2.977100000000000080e+00 -1.337390000000000079e+00 -1.177470000000000017e+00 -1.337390000000000079e+00 -1.432809999999999917e+00 -6.798100000000000254e-01 -8.726399999999999713e-01 -5.038200000000000456e-01 -1.288049999999999917e+00
-5.715299999999999825e-01 -0.000000000000000000e+00 -0.000000000000000000e+00 -0.000000000000000000e+00 -5.715299999999999825e-01 0.000000000000000000e+00 0.000000000000000000e+00 0.000000000000000000e+00 -2.237309999999999910e+00
-5.715299999999999825e-01 -0.000000000000000000e+00 -0.000000000000000000e+00 -0.000000000000000000e+00 -5.715299999999999825e-01 0.000000000000000000e+00 0.000000000000000000e+00 0.000000000000000000e+00 -2.237309999999999910e+00
