-3.277437765737359343e-02
-3.277437765625381555e-02
-2.465584826346988931e-02
1.078840620179494669e+00
1.078840620179522425e+00
3.939299925716294393e+00
3.939299925716313044e+00
4.105708777347718552e+00
4.105708777347737204e+00
4.293440994555900225e+00
4.515309478992503678e+00
4.984303530415060912e+00
7.034413010015116541e+00
7.034413010015120093e+00
7.377776018943780656e+00
7.833721358246064526e+00
7.833721358246064526e+00
8.323081271564607420e+00
8.381687475202310722e+00
8.568237133005071726e+00
8.568237133005075279e+00
1.265440850272822182e+01
1.272149684156004668e+01
1.272149684156005556e+01
1.724555177087892588e+01
1.727110970983445881e+01
1.852672264981870853e+01
1.852672264981871919e+01
1.867195280778843980e+01
2.544641859790872829e+01
