2.656859999999999999e+00 -2.279700000000000060e-01 -1.309800000000000131e-01 -2.735500000000000154e-01 2.509430000000000049e+00 -9.744999999999999496e-02 -9.775000000000000355e-02 -3.553700000000000192e-01 2.431249999999999911e+00
2.329130000000000145e+00 8.433000000000000218e-02 1.498899999999999955e-01 3.874999999999999972e-02 2.837169999999999970e+00 -6.471000000000000363e-02 3.566400000000000126e-01 9.303000000000000158e-02 2.431249999999999911e+00
2.763459999999999805e+00 2.120100000000000040e-01 -1.890000000000000013e-02 1.664299999999999946e-01 2.402839999999999865e+00 1.621599999999999986e-01 -2.588799999999999990e-01 2.623400000000000176e-01 2.431249999999999911e+00
2.763459999999999805e+00 2.120100000000000040e-01 -1.890000000000000013e-02 1.664299999999999946e-01 2.402839999999999865e+00 1.621599999999999986e-01 -2.588799999999999990e-01 2.623400000000000176e-01 2.431249999999999911e+00
2.329130000000000145e+00 8.433000000000000218e-02 1.498899999999999955e-01 3.874999999999999972e-02 2.837169999999999970e+00 -6.471000000000000363e-02 3.566400000000000126e-01 9.303000000000000158e-02 2.431249999999999911e+00
2.656859999999999999e+00 -2.279700000000000060e-01 -1.309800000000000131e-01 -2.735500000000000154e-01 2.509430000000000049e+00 -9.744999999999999496e-02 -9.775000000000000355e-02 -3.553700000000000192e-01 2.431249999999999911e+00
6.562560000000000393e+00 -5.265999999999999848e-02 0.000000000000000000e+00 5.265999999999999848e-02 6.562560000000000393e+00 -0.000000000000000000e+00 0.000000000000000000e+00 -0.000000000000000000e+00 7.509470000000000312e+00
7.635970000000000368e+00 -2.031300000000000050e-01 0.000000000000000000e+00 2.031300000000000050e-01 7.635970000000000368e+00 -0.000000000000000000e+00 0.000000000000000000e+00 -0.000000000000000000e+00 5.757990000000000386e+00
-3.307980000000000143e+00 -3.262399999999999745e-01 -1.152700000000000058e+00 -3.415599999999999747e-01 -1.648209999999999953e+00 -2.016199999999999937e-01 -1.051809999999999912e+00 -2.313000000000000056e-01 -2.327059999999999906e+00
-2.352320000000000189e+00 8.933100000000000485e-01 7.509599999999999609e-01 8.779900000000000482e-01 -2.603870000000000129e+00 -8.974600000000000355e-01 7.262199999999999767e-01 -7.952500000000000124e-01 -2.327059999999999906e+00
-2.303630000000000067e+00 7.168499999999999872e-01 7.103300000000000169e-01 6.924799999999999844e-01 -2.639330000000000176e+00 -9.734800000000000120e-01 7.648200000000000554e-01 -1.019630000000000036e+00 -2.315430000000000099e+00
-1.773979999999999890e+00 -5.440899999999999626e-01 4.017399999999999860e-01 -5.594099999999999628e-01 -3.182199999999999918e+00 1.099080000000000057e+00 3.255899999999999905e-01 1.026550000000000074e+00 -2.327059999999999906e+00
-1.945149999999999935e+00 -4.855099999999999971e-01 4.878899999999999904e-01 -5.098799999999999999e-01 -2.997809999999999864e+00 1.101900000000000102e+00 5.006099999999999994e-01 1.172169999999999934e+00 -2.315430000000000099e+00
-3.165659999999999918e+00 -1.947800000000000087e-01 -1.198220000000000063e+00 -2.191500000000000115e-01 -1.777300000000000102e+00 -1.284299999999999886e-01 -1.265439999999999898e+00 -1.525400000000000089e-01 -2.315430000000000099e+00
-3.165659999999999918e+00 -1.947800000000000087e-01 -1.198220000000000063e+00 -2.191500000000000115e-01 -1.777300000000000102e+00 -1.284299999999999886e-01 -1.265439999999999898e+00 -1.525400000000000089e-01 -2.315430000000000099e+00
-1.945149999999999935e+00 -4.855099999999999971e-01 4.878899999999999904e-01 -5.098799999999999999e-01 -2.997809999999999864e+00 1.101900000000000102e+00 5.006099999999999994e-01 1.172169999999999934e+00 -2.315430000000000099e+00
-1.773979999999999890e+00 -5.440899999999999626e-01 4.017399999999999860e-01 -5.594099999999999628e-01 -3.182199999999999918e+00 1.099080000000000057e+00 3.255899999999999905e-01 1.026550000000000074e+00 -2.327059999999999906e+00
-2.303630000000000067e+00 7.168499999999999872e-01 7.103300000000000169e-01 6.924799999999999844e-01 -2.639330000000000176e+00 -9.734800000000000120e-01 7.648200000000000554e-01 -1.019630000000000036e+00 -2.315430000000000099e+00
-2.352320000000000189e+00 8.933100000000000485e-01 7.509599999999999609e-01 8.779900000000000482e-01 -2.603870000000000129e+00 -8.974600000000000355e-01 7.262199999999999767e-01 -7.952500000000000124e-01 -2.327059999999999906e+00
-3.307980000000000143e+00 -3.262399999999999745e-01 -1.152700000000000058e+00 -3.415599999999999747e-01 -1.648209999999999953e+00 -2.016199999999999937e-01 -1.051809999999999912e+00 -2.313000000000000056e-01 -2.327059999999999906e+00
