-1.997200869359474218e-01
-5.945843687773570696e-02
-2.825950590970492671e-02
1.104726440118906750e+00
1.561221278772973120e+00
1.765394375251883474e+00
2.089762511793493704e+00
2.484920472124254154e+00
2.526296962897158771e+00
2.572890307557468059e+00
2.576948301557342447e+00
2.713677998436534011e+00
3.010201707066936461e+00
3.124067002126948100e+00
3.276901067165757464e+00
3.378552647418327837e+00
3.566737442929151847e+00
3.575873743458076515e+00
3.871466720364177938e+00
4.102946801440118918e+00
4.313766423990684551e+00
4.499440138567466718e+00
4.589101511140702527e+00
4.763214897045402907e+00
4.766160703118780262e+00
4.832911151916706949e+00
5.186911870955753123e+00
5.220025262016876333e+00
5.579007450591758399e+00
6.301452314595231918e+00
6.344049251705137671e+00
6.502812429272658790e+00
6.580707482924178287e+00
6.951263794161742560e+00
7.474183122410081204e+00
7.775532064892309414e+00
7.942921143958831642e+00
7.978663801345725837e+00
8.723421576840298286e+00
8.903915937304148542e+00
8.998363727986131266e+00
9.104791296635898590e+00
1.153180220250493981e+01
1.176260516861219507e+01
1.219023114951390241e+01
1.261209155896004930e+01
1.276347118624704891e+01
1.302396241726931869e+01
1.345742772926732300e+01
1.415734310398457829e+01
1.622458506435820524e+01
1.637103141736692891e+01
1.666536203296931618e+01
1.672835819392382817e+01
2.054108062293936143e+01
2.215958854567272951e+01
2.232389218119220686e+01
2.233090540692377601e+01
2.250170782965813743e+01
2.274562156920053368e+01
2.283506126188701302e+01
2.287151094408315544e+01
2.357822615997296367e+01
2.381657519254244448e+01
2.465868519496382305e+01
2.513114985969870929e+01
