4.792779999999999596e+00 -0.000000000000000000e+00 9.470399999999999929e-01 -0.000000000000000000e+00 7.198809999999999931e+00 0.000000000000000000e+00 3.988700000000000023e-01 0.000000000000000000e+00 5.324209999999999887e+00
4.792779999999999596e+00 -0.000000000000000000e+00 9.470399999999999929e-01 -0.000000000000000000e+00 7.198809999999999931e+00 0.000000000000000000e+00 3.988700000000000023e-01 0.000000000000000000e+00 5.324209999999999887e+00
4.040989999999999860e+00 -0.000000000000000000e+00 -4.152600000000000180e-01 -0.000000000000000000e+00 3.208990000000000009e+00 0.000000000000000000e+00 7.215000000000000580e-02 0.000000000000000000e+00 4.056479999999999642e+00
4.040989999999999860e+00 -0.000000000000000000e+00 -4.152600000000000180e-01 -0.000000000000000000e+00 3.208990000000000009e+00 0.000000000000000000e+00 7.215000000000000580e-02 0.000000000000000000e+00 4.056479999999999642e+00
-9.259600000000000053e-01 0.000000000000000000e+00 -2.054400000000000115e-01 0.000000000000000000e+00 -1.123590000000000089e+00 -0.000000000000000000e+00 5.351000000000000201e-02 -0.000000000000000000e+00 -4.230610000000000426e+00
-9.259600000000000053e-01 0.000000000000000000e+00 -2.054400000000000115e-01 0.000000000000000000e+00 -1.123590000000000089e+00 -0.000000000000000000e+00 5.351000000000000201e-02 -0.000000000000000000e+00 -4.230610000000000426e+00
-3.699289999999999967e+00 0.000000000000000000e+00 -8.551100000000000367e-01 0.000000000000000000e+00 -1.045549999999999979e+00 0.000000000000000000e+00 -7.211199999999999832e-01 0.000000000000000000e+00 -2.251399999999999846e+00
-3.699289999999999967e+00 0.000000000000000000e+00 -8.551100000000000367e-01 0.000000000000000000e+00 -1.045549999999999979e+00 0.000000000000000000e+00 -7.211199999999999832e-01 0.000000000000000000e+00 -2.251399999999999846e+00
-2.521500000000000075e+00 0.000000000000000000e+00 4.641100000000000225e-01 0.000000000000000000e+00 -2.537630000000000052e+00 -0.000000000000000000e+00 1.868900000000000006e-01 -0.000000000000000000e+00 -1.953989999999999894e+00
-2.521500000000000075e+00 0.000000000000000000e+00 4.641100000000000225e-01 0.000000000000000000e+00 -2.537630000000000052e+00 -0.000000000000000000e+00 1.868900000000000006e-01 -0.000000000000000000e+00 -1.953989999999999894e+00
-1.687019999999999964e+00 0.000000000000000000e+00 6.467000000000000526e-02 0.000000000000000000e+00 -5.701030000000000264e+00 -0.000000000000000000e+00 9.690000000000000696e-03 -0.000000000000000000e+00 -9.446900000000000297e-01
-1.687019999999999964e+00 0.000000000000000000e+00 6.467000000000000526e-02 0.000000000000000000e+00 -5.701030000000000264e+00 -0.000000000000000000e+00 9.690000000000000696e-03 -0.000000000000000000e+00 -9.446900000000000297e-01
