-7.055460441078011125e-02
-2.375875939911359369e-02
-2.375875939834223155e-02
1.776756090011083256e+00
1.776756090011090139e+00
1.866670837540627348e+00
1.870805481841286033e+00
1.883721575850563212e+00
2.070951727240373241e+00
2.074769130736033418e+00
2.074769130736038303e+00
2.219506337192665768e+00
2.263037675864799869e+00
2.358847713433222193e+00
2.358847713433226634e+00
2.710103662533703162e+00
2.891362688274705661e+00
3.167954762706620020e+00
3.175167030019048209e+00
3.175167030019053094e+00
3.538341504215028799e+00
4.232777565494440175e+00
4.232777565494445504e+00
4.291452751612792049e+00
4.327761205659062860e+00
4.406063970298246701e+00
4.406063970298254695e+00
4.428723999385329790e+00
4.750229492949735288e+00
4.750229492949737065e+00
4.934444767657510944e+00
5.311599755138242784e+00
5.311599755138247225e+00
5.403161857820059311e+00
5.403161857820060199e+00
5.645380972607630277e+00
5.765776518070198087e+00
5.818151229231212973e+00
5.818151229231220967e+00
6.076317082296598393e+00
6.650540156743511844e+00
6.794173582766281250e+00
6.794410938134151756e+00
7.179891456644422298e+00
7.182518225327760852e+00
7.227852756558178271e+00
7.481005437357144849e+00
7.481005437357144849e+00
9.728351892930824363e+00
9.828612638142097069e+00
9.828612638142107727e+00
9.985096961200120802e+00
9.985096961200126131e+00
1.026051416389549686e+01
1.045454399874802220e+01
1.054498120251121485e+01
1.055025853308103301e+01
1.072951418670472989e+01
1.072951418670473167e+01
1.094631016752399333e+01
1.120581198919516375e+01
1.122031449605000830e+01
1.183607811907582175e+01
1.183607811907582885e+01
1.630773711186386521e+01
1.665999455611998314e+01
1.665999455612000091e+01
1.799471345344330331e+01
1.799471345344332107e+01
1.800835418259173792e+01
1.808642808546097314e+01
1.832435887050136714e+01
