1.402930000000000010e+00 0.000000000000000000e+00 5.600999999999999729e-02 0.000000000000000000e+00 1.175550000000000095e+00 0.000000000000000000e+00 -2.204000000000000056e-02 0.000000000000000000e+00 1.069579999999999975e+00
1.402930000000000010e+00 0.000000000000000000e+00 5.600999999999999729e-02 0.000000000000000000e+00 1.175550000000000095e+00 0.000000000000000000e+00 -2.204000000000000056e-02 0.000000000000000000e+00 1.069579999999999975e+00
1.402930000000000010e+00 -0.000000000000000000e+00 -5.600999999999999729e-02 0.000000000000000000e+00 1.175550000000000095e+00 0.000000000000000000e+00 2.204000000000000056e-02 0.000000000000000000e+00 1.069579999999999975e+00
1.402930000000000010e+00 -0.000000000000000000e+00 -5.600999999999999729e-02 0.000000000000000000e+00 1.175550000000000095e+00 0.000000000000000000e+00 2.204000000000000056e-02 -0.000000000000000000e+00 1.069579999999999975e+00
1.163219999999999921e+00 -0.000000000000000000e+00 -2.903000000000000025e-02 0.000000000000000000e+00 1.367180000000000062e+00 0.000000000000000000e+00 1.315000000000000023e-02 0.000000000000000000e+00 1.433799999999999963e+00
1.163219999999999921e+00 -0.000000000000000000e+00 -2.903000000000000025e-02 0.000000000000000000e+00 1.367180000000000062e+00 0.000000000000000000e+00 1.315000000000000023e-02 0.000000000000000000e+00 1.433799999999999963e+00
1.163219999999999921e+00 0.000000000000000000e+00 2.903000000000000025e-02 0.000000000000000000e+00 1.367180000000000062e+00 0.000000000000000000e+00 -1.315000000000000023e-02 -0.000000000000000000e+00 1.433799999999999963e+00
1.163219999999999921e+00 0.000000000000000000e+00 2.903000000000000025e-02 0.000000000000000000e+00 1.367180000000000062e+00 0.000000000000000000e+00 -1.315000000000000023e-02 0.000000000000000000e+00 1.433799999999999963e+00
2.552140000000000075e+00 0.000000000000000000e+00 -8.432000000000000606e-02 0.000000000000000000e+00 2.518400000000000194e+00 0.000000000000000000e+00 1.288000000000000082e-02 -0.000000000000000000e+00 2.315770000000000106e+00
2.552140000000000075e+00 0.000000000000000000e+00 -8.432000000000000606e-02 0.000000000000000000e+00 2.518400000000000194e+00 0.000000000000000000e+00 1.288000000000000082e-02 -0.000000000000000000e+00 2.315770000000000106e+00
2.552140000000000075e+00 -0.000000000000000000e+00 8.432000000000000606e-02 0.000000000000000000e+00 2.518400000000000194e+00 0.000000000000000000e+00 -1.288000000000000082e-02 0.000000000000000000e+00 2.315770000000000106e+00
2.552140000000000075e+00 -0.000000000000000000e+00 8.432000000000000606e-02 0.000000000000000000e+00 2.518400000000000194e+00 0.000000000000000000e+00 -1.288000000000000082e-02 0.000000000000000000e+00 2.315770000000000106e+00
-8.672199999999999909e-01 -4.667299999999999782e-01 -3.470500000000000251e-01 -5.046000000000000485e-01 -1.901799999999999935e+00 -6.901199999999999557e-01 -2.294599999999999973e-01 -6.581399999999999473e-01 -1.022110000000000074e+00
-8.672199999999999909e-01 4.667299999999999782e-01 -3.470500000000000251e-01 5.046000000000000485e-01 -1.901799999999999935e+00 6.901199999999999557e-01 -2.294599999999999973e-01 6.581399999999999473e-01 -1.022110000000000074e+00
-8.672199999999999909e-01 4.667299999999999782e-01 3.470500000000000251e-01 5.046000000000000485e-01 -1.901799999999999935e+00 -6.901199999999999557e-01 2.294599999999999973e-01 -6.581399999999999473e-01 -1.022110000000000074e+00
-8.672199999999999909e-01 -4.667299999999999782e-01 3.470500000000000251e-01 -5.046000000000000485e-01 -1.901799999999999935e+00 6.901199999999999557e-01 2.294599999999999973e-01 6.581399999999999473e-01 -1.022110000000000074e+00
-8.672199999999999909e-01 -4.667299999999999782e-01 -3.470500000000000251e-01 -5.046000000000000485e-01 -1.901799999999999935e+00 -6.901199999999999557e-01 -2.294599999999999973e-01 -6.581399999999999473e-01 -1.022110000000000074e+00
-8.672199999999999909e-01 4.667299999999999782e-01 -3.470500000000000251e-01 5.046000000000000485e-01 -1.901799999999999935e+00 6.901199999999999557e-01 -2.294599999999999973e-01 6.581399999999999473e-01 -1.022110000000000074e+00
-8.672199999999999909e-01 4.667299999999999782e-01 3.470500000000000251e-01 5.046000000000000485e-01 -1.901799999999999935e+00 -6.901199999999999557e-01 2.294599999999999973e-01 -6.581399999999999473e-01 -1.022110000000000074e+00
-8.672199999999999909e-01 -4.667299999999999782e-01 3.470500000000000251e-01 -5.046000000000000485e-01 -1.901799999999999935e+00 6.901199999999999557e-01 2.294599999999999973e-01 6.581399999999999473e-01 -1.022110000000000074e+00
-8.951700000000000212e-01 0.000000000000000000e+00 5.930299999999999461e-01 0.000000000000000000e+00 -7.083099999999999952e-01 0.000000000000000000e+00 5.102999999999999758e-01 -0.000000000000000000e+00 -2.183489999999999931e+00
-8.951700000000000212e-01 0.000000000000000000e+00 5.930299999999999461e-01 0.000000000000000000e+00 -7.083099999999999952e-01 0.000000000000000000e+00 5.102999999999999758e-01 -0.000000000000000000e+00 -2.183489999999999931e+00
-8.951700000000000212e-01 0.000000000000000000e+00 -5.930299999999999461e-01 0.000000000000000000e+00 -7.083099999999999952e-01 0.000000000000000000e+00 -5.102999999999999758e-01 -0.000000000000000000e+00 -2.183489999999999931e+00
-8.951700000000000212e-01 0.000000000000000000e+00 -5.930299999999999461e-01 0.000000000000000000e+00 -7.083099999999999952e-01 0.000000000000000000e+00 -5.102999999999999758e-01 -0.000000000000000000e+00 -2.183489999999999931e+00
-2.488690000000000069e+00 0.000000000000000000e+00 6.550999999999999879e-02 0.000000000000000000e+00 -5.492299999999999960e-01 0.000000000000000000e+00 -3.820000000000000045e-03 0.000000000000000000e+00 -5.914500000000000313e-01
-2.488690000000000069e+00 -0.000000000000000000e+00 6.550999999999999879e-02 0.000000000000000000e+00 -5.492299999999999960e-01 0.000000000000000000e+00 -3.820000000000000045e-03 -0.000000000000000000e+00 -5.914500000000000313e-01
-2.488690000000000069e+00 -0.000000000000000000e+00 -6.550999999999999879e-02 0.000000000000000000e+00 -5.492299999999999960e-01 0.000000000000000000e+00 3.820000000000000045e-03 0.000000000000000000e+00 -5.914500000000000313e-01
-2.488690000000000069e+00 -0.000000000000000000e+00 -6.550999999999999879e-02 0.000000000000000000e+00 -5.492299999999999960e-01 0.000000000000000000e+00 3.820000000000000045e-03 -0.000000000000000000e+00 -5.914500000000000313e-01
