-5.735218030796491312e-02
-5.735218030740923262e-02
-5.735218030683694040e-02
1.861377425265606345e+00
1.861377425265614116e+00
1.861377425265622998e+00
2.997655385295654007e+00
2.997655385295654007e+00
2.997655385295654895e+00
3.198118027407172548e+00
3.198118027407175212e+00
4.376415635974197471e+00
4.376415635974199247e+00
4.376415635974210794e+00
4.603094288526305533e+00
4.603094288526315303e+00
4.603094288526316191e+00
5.864246110848316818e+00
5.864246110848318594e+00
5.864246110848322147e+00
5.965023071298474200e+00
5.965023071298475976e+00
6.143395753651356372e+00
6.332592856995401753e+00
6.332592856995407971e+00
6.332592856995413300e+00
8.129126142042737868e+00
8.129126142042741421e+00
8.129126142042748526e+00
8.477849817974986379e+00
8.477849817974989932e+00
8.477849817974997038e+00
8.741475914737106834e+00
9.000999869886030069e+00
9.000999869886030069e+00
9.000999869886035398e+00
1.177540843343019539e+01
1.177540843343019894e+01
1.177540843343020249e+01
1.253473552392708257e+01
1.253473552392708790e+01
1.288938953763617157e+01
1.288938953763617690e+01
1.288938953763617690e+01
1.468214908711658140e+01
1.489453998059496165e+01
1.547012108661967389e+01
1.547012108661967389e+01
1.547012108661967922e+01
1.588061588615946640e+01
1.588061588615946995e+01
1.588061588615948061e+01
1.601196737675869741e+01
1.601196737675869741e+01
1.678718409213346519e+01
1.678718409213347229e+01
1.678718409213347229e+01
1.733745749545613180e+01
1.733745749545613535e+01
1.733745749545613535e+01
1.736685329607077222e+01
1.736685329607077577e+01
1.736685329607077577e+01
1.812832861871665457e+01
1.812832861871666879e+01
1.812832861871667234e+01
