1.447529999999999983e+00 0.000000000000000000e+00 0.000000000000000000e+00 0.000000000000000000e+00 1.326950000000000074e+00 -1.150999999999999940e-01 0.000000000000000000e+00 3.252000000000000030e-02 1.217019999999999991e+00
1.447529999999999983e+00 0.000000000000000000e+00 0.000000000000000000e+00 0.000000000000000000e+00 1.326950000000000074e+00 1.150999999999999940e-01 0.000000000000000000e+00 -3.252000000000000030e-02 1.217019999999999991e+00
6.033529999999999838e+00 -2.299580000000000179e+00 0.000000000000000000e+00 -2.219800000000000217e+00 6.716529999999999667e+00 0.000000000000000000e+00 0.000000000000000000e+00 0.000000000000000000e+00 5.725999999999999979e+00
6.033529999999999838e+00 2.299580000000000179e+00 0.000000000000000000e+00 2.219800000000000217e+00 6.716529999999999667e+00 0.000000000000000000e+00 0.000000000000000000e+00 0.000000000000000000e+00 5.725999999999999979e+00
6.210090000000000110e+00 0.000000000000000000e+00 0.000000000000000000e+00 0.000000000000000000e+00 6.437610000000000277e+00 1.547819999999999974e+00 0.000000000000000000e+00 2.057650000000000201e+00 6.694390000000000285e+00
6.210090000000000110e+00 0.000000000000000000e+00 0.000000000000000000e+00 0.000000000000000000e+00 6.437610000000000277e+00 -1.547819999999999974e+00 0.000000000000000000e+00 -2.057650000000000201e+00 6.694390000000000285e+00
-5.859900000000000109e-01 -0.000000000000000000e+00 -0.000000000000000000e+00 -0.000000000000000000e+00 -7.600799999999999779e-01 -2.555100000000000149e-01 -0.000000000000000000e+00 -4.360999999999999877e-01 -4.070170000000000066e+00
-3.065620000000000012e+00 -0.000000000000000000e+00 -0.000000000000000000e+00 -0.000000000000000000e+00 -2.158599999999999852e+00 -1.270000000000000078e-03 -0.000000000000000000e+00 -4.819999999999999632e-03 -1.442900000000000071e+00
-2.489040000000000141e+00 1.351839999999999931e+00 8.945499999999999563e-01 1.631620000000000070e+00 -2.680829999999999824e+00 -1.338389999999999969e+00 1.224960000000000049e+00 -1.316349999999999909e+00 -2.319869999999999877e+00
-2.530730000000000146e+00 -1.564969999999999972e+00 3.075600000000000001e-01 -1.709689999999999932e+00 -3.100369999999999848e+00 7.564100000000000268e-01 8.314099999999999824e-01 1.164549999999999974e+00 -1.742299999999999960e+00
-2.530730000000000146e+00 1.564969999999999972e+00 -3.075600000000000001e-01 1.709689999999999932e+00 -3.100369999999999848e+00 7.564100000000000268e-01 -8.314099999999999824e-01 1.164549999999999974e+00 -1.742299999999999960e+00
-2.489040000000000141e+00 -1.351839999999999931e+00 -8.945499999999999563e-01 -1.631620000000000070e+00 -2.680829999999999824e+00 -1.338389999999999969e+00 -1.224960000000000049e+00 -1.316349999999999909e+00 -2.319869999999999877e+00
-5.859900000000000109e-01 -0.000000000000000000e+00 -0.000000000000000000e+00 -0.000000000000000000e+00 -7.600799999999999779e-01 2.555100000000000149e-01 -0.000000000000000000e+00 4.360999999999999877e-01 -4.070170000000000066e+00
-3.065620000000000012e+00 -0.000000000000000000e+00 -0.000000000000000000e+00 -0.000000000000000000e+00 -2.158599999999999852e+00 1.270000000000000078e-03 -0.000000000000000000e+00 4.819999999999999632e-03 -1.442900000000000071e+00
-2.530730000000000146e+00 1.564969999999999972e+00 3.075600000000000001e-01 1.709689999999999932e+00 -3.100369999999999848e+00 -7.564100000000000268e-01 8.314099999999999824e-01 -1.164549999999999974e+00 -1.742299999999999960e+00
-2.489040000000000141e+00 -1.351839999999999931e+00 8.945499999999999563e-01 -1.631620000000000070e+00 -2.680829999999999824e+00 1.338389999999999969e+00 1.224960000000000049e+00 1.316349999999999909e+00 -2.319869999999999877e+00
-2.489040000000000141e+00 1.351839999999999931e+00 -8.945499999999999563e-01 1.631620000000000070e+00 -2.680829999999999824e+00 1.338389999999999969e+00 -1.224960000000000049e+00 1.316349999999999909e+00 -2.319869999999999877e+00
-2.530730000000000146e+00 -1.564969999999999972e+00 -3.075600000000000001e-01 -1.709689999999999932e+00 -3.100369999999999848e+00 -7.564100000000000268e-01 -8.314099999999999824e-01 -1.164549999999999974e+00 -1.742299999999999960e+00
