-4.100267852835959986e-02
-2.371353521486218099e-02
-9.970656935499318252e-03
1.264479303856025139e+00
1.348874436523186837e+00
2.441345660009998308e+00
2.779656147964500335e+00
2.949117820079741215e+00
3.325004668835960686e+00
4.199110785256244149e+00
4.337517934952708210e+00
4.539985046906724442e+00
6.098285484133996626e+00
6.449990673948996722e+00
8.212317637058244912e+00
8.291830507822583129e+00
8.485544223373480577e+00
8.558480975119380219e+00
1.023409435139063284e+01
1.037929769428479787e+01
1.067387645500435411e+01
1.103106555438842129e+01
1.148733578867243388e+01
1.195225919755973365e+01
1.260629437206466541e+01
1.267340961602677574e+01
1.385700390004640248e+01
1.409158953300408257e+01
1.624470326990407898e+01
1.683794463238143280e+01
1.828582577657087427e+01
1.837789954869251829e+01
1.904763187164953919e+01
1.996950833239457523e+01
2.277473986643137849e+01
2.359940658444383743e+01
2.370490459407853479e+01
2.373723455636288193e+01
2.421745450459129145e+01
2.583213928300041218e+01
2.593363459049723119e+01
2.599596002908456072e+01
