-6.089467187943935211e-02
-5.724382672238109010e-02
-5.091815439008316735e-02
2.708291870774769627e+00
2.754427106531133429e+00
2.854354738890723109e+00
3.085632684205926513e+00
3.257450075604038098e+00
3.258933332953173334e+00
3.599150963146075188e+00
3.771371253132245638e+00
3.841195262435495028e+00
3.996122132114469760e+00
4.054982512637450576e+00
4.121266726921719581e+00
4.265028482950939726e+00
4.274568961475889495e+00
4.364529077557943282e+00
4.421566546416242360e+00
4.654588381586831858e+00
5.206447218737860538e+00
5.606530549191981017e+00
5.876297596978576010e+00
5.937357341915157072e+00
6.113853880524282580e+00
6.148908720124765637e+00
6.179800218326064076e+00
6.926911296125156881e+00
7.219674109320900257e+00
7.296836943370700546e+00
7.590446446935093405e+00
7.602991345883410190e+00
8.023897398640125189e+00
8.382020574470992358e+00
8.595672545212687865e+00
9.338270850763620956e+00
9.492255202946234149e+00
9.498496905150094705e+00
9.603582649339511335e+00
9.649585914512300633e+00
9.720131872764380176e+00
1.074594608642093263e+01
1.122433561935426916e+01
1.133045168115150503e+01
1.163128795536468374e+01
1.191287036755907991e+01
1.271026232175135462e+01
1.347695721948184833e+01
1.388375700599665485e+01
1.402136464683466066e+01
1.442591252470460894e+01
1.454700157130200289e+01
1.473628793102348666e+01
1.498771543723898780e+01
1.601945811965975253e+01
1.610225324121418566e+01
1.626087482366836312e+01
2.121609887171762310e+01
2.239353918298475676e+01
2.317836235175893833e+01
