2.705540000000000056e+00 -2.539699999999999736e-01 0.000000000000000000e+00 -2.707899999999999752e-01 2.770540000000000003e+00 0.000000000000000000e+00 0.000000000000000000e+00 0.000000000000000000e+00 2.395080000000000098e+00
2.705540000000000056e+00 2.539699999999999736e-01 -0.000000000000000000e+00 2.707899999999999752e-01 2.770540000000000003e+00 0.000000000000000000e+00 0.000000000000000000e+00 0.000000000000000000e+00 2.395080000000000098e+00
2.705540000000000056e+00 2.539699999999999736e-01 0.000000000000000000e+00 2.707899999999999752e-01 2.770540000000000003e+00 0.000000000000000000e+00 0.000000000000000000e+00 0.000000000000000000e+00 2.395080000000000098e+00
2.705540000000000056e+00 -2.539699999999999736e-01 0.000000000000000000e+00 -2.707899999999999752e-01 2.770540000000000003e+00 0.000000000000000000e+00 0.000000000000000000e+00 0.000000000000000000e+00 2.395080000000000098e+00
3.585570000000000146e+00 -5.986399999999999499e-01 0.000000000000000000e+00 -8.228799999999999448e-01 3.660810000000000120e+00 0.000000000000000000e+00 0.000000000000000000e+00 0.000000000000000000e+00 4.173390000000000377e+00
3.585570000000000146e+00 5.986399999999999499e-01 0.000000000000000000e+00 8.228799999999999448e-01 3.660810000000000120e+00 -0.000000000000000000e+00 0.000000000000000000e+00 0.000000000000000000e+00 4.173390000000000377e+00
3.585570000000000146e+00 5.986399999999999499e-01 0.000000000000000000e+00 8.228799999999999448e-01 3.660810000000000120e+00 -0.000000000000000000e+00 0.000000000000000000e+00 0.000000000000000000e+00 4.173390000000000377e+00
3.585570000000000146e+00 -5.986399999999999499e-01 0.000000000000000000e+00 -8.228799999999999448e-01 3.660810000000000120e+00 -0.000000000000000000e+00 0.000000000000000000e+00 0.000000000000000000e+00 4.173390000000000377e+00
-2.469390000000000196e+00 -6.553400000000000336e-01 0.000000000000000000e+00 -9.544500000000000206e-01 -3.245179999999999954e+00 0.000000000000000000e+00 0.000000000000000000e+00 0.000000000000000000e+00 -2.133830000000000116e+00
-2.924080000000000013e+00 8.221000000000000529e-01 0.000000000000000000e+00 7.572699999999999987e-01 -2.662529999999999841e+00 -0.000000000000000000e+00 0.000000000000000000e+00 0.000000000000000000e+00 -1.892470000000000097e+00
-2.132340000000000124e+00 6.732000000000000484e-02 0.000000000000000000e+00 1.433300000000000129e-01 -2.146230000000000082e+00 -0.000000000000000000e+00 0.000000000000000000e+00 0.000000000000000000e+00 -3.609080000000000066e+00
-2.132340000000000124e+00 -6.732000000000000484e-02 0.000000000000000000e+00 -1.433300000000000129e-01 -2.146230000000000082e+00 0.000000000000000000e+00 0.000000000000000000e+00 0.000000000000000000e+00 -3.609080000000000066e+00
-2.924080000000000013e+00 -8.221000000000000529e-01 0.000000000000000000e+00 -7.572699999999999987e-01 -2.662529999999999841e+00 -0.000000000000000000e+00 0.000000000000000000e+00 0.000000000000000000e+00 -1.892470000000000097e+00
-2.469390000000000196e+00 6.553400000000000336e-01 0.000000000000000000e+00 9.544500000000000206e-01 -3.245179999999999954e+00 0.000000000000000000e+00 0.000000000000000000e+00 0.000000000000000000e+00 -2.133830000000000116e+00
-2.924080000000000013e+00 -8.221000000000000529e-01 0.000000000000000000e+00 -7.572699999999999987e-01 -2.662529999999999841e+00 0.000000000000000000e+00 0.000000000000000000e+00 0.000000000000000000e+00 -1.892470000000000097e+00
-2.132340000000000124e+00 -6.732000000000000484e-02 0.000000000000000000e+00 -1.433300000000000129e-01 -2.146230000000000082e+00 0.000000000000000000e+00 0.000000000000000000e+00 0.000000000000000000e+00 -3.609080000000000066e+00
-2.132340000000000124e+00 6.732000000000000484e-02 0.000000000000000000e+00 1.433300000000000129e-01 -2.146230000000000082e+00 0.000000000000000000e+00 0.000000000000000000e+00 0.000000000000000000e+00 -3.609080000000000066e+00
-2.924080000000000013e+00 8.221000000000000529e-01 0.000000000000000000e+00 7.572699999999999987e-01 -2.662529999999999841e+00 0.000000000000000000e+00 0.000000000000000000e+00 0.000000000000000000e+00 -1.892470000000000097e+00
