-7.426348152319266205e-02
-4.438844613128956063e-02
-3.659980627704219336e-02
2.652155137614101932e+00
2.765634053991919750e+00
3.253874832171197884e+00
3.946210489782080444e+00
4.304882934820166263e+00
4.403788003853581934e+00
4.464136252327152832e+00
4.464556122639033120e+00
4.603036135411297636e+00
4.635351502777445454e+00
4.974574048273048277e+00
5.122038346079549775e+00
5.242269081316006663e+00
5.275710143993109114e+00
5.283232857442018648e+00
5.304381669724017812e+00
5.335412389274218015e+00
5.470708077897782573e+00
5.647892255422737762e+00
5.816522145402682753e+00
6.043919424814463426e+00
6.406991487503561622e+00
6.485277831322546760e+00
6.514725447646243950e+00
6.639192465089509554e+00
6.782262760957062930e+00
6.803412915206351386e+00
6.872624052089371105e+00
7.329423009077909335e+00
7.674223872949703207e+00
7.921703749258614202e+00
7.925184869674060550e+00
7.958628573013273311e+00
8.249190995520129022e+00
8.440983346042441937e+00
8.573791427457564396e+00
8.607659745849080224e+00
9.000888340912021945e+00
9.244047124174135988e+00
9.273033608197646771e+00
9.333536631514245840e+00
9.521807216183857392e+00
9.653939649739765372e+00
9.755227124237254799e+00
9.940981243322678296e+00
1.152906619370682328e+01
1.181668583277148521e+01
1.189823648170706605e+01
1.206765809344768492e+01
1.212378834549691575e+01
1.245378415606296407e+01
1.304577603509546790e+01
1.331366500497120242e+01
1.342643890150073815e+01
1.343375082100409124e+01
1.494391701284050811e+01
1.495841178486080914e+01
1.499393661829778424e+01
1.533238127404559492e+01
1.539065087781514407e+01
1.599195482955471448e+01
1.650849539152970280e+01
1.658265192922501186e+01
1.756594053998112415e+01
1.818138033091807415e+01
2.351970276935963611e+01
2.366984963386586571e+01
2.378932109807930928e+01
2.395774957763701352e+01
2.430868304601666807e+01
2.436205540059296837e+01
2.447732984770821574e+01
2.485721133511825442e+01
2.634091126842304575e+01
2.643701475272194656e+01
2.694962663529996405e+01
2.754637716055382057e+01
2.798968300271141629e+01
2.840310555991112196e+01
2.876325890012968500e+01
3.040837468997017012e+01
