2.814900000000000180e+00 -0.000000000000000000e+00 0.000000000000000000e+00 -0.000000000000000000e+00 2.814900000000000180e+00 -0.000000000000000000e+00 0.000000000000000000e+00 0.000000000000000000e+00 2.814900000000000180e+00
2.814900000000000180e+00 -0.000000000000000000e+00 0.000000000000000000e+00 -0.000000000000000000e+00 2.814900000000000180e+00 -0.000000000000000000e+00 0.000000000000000000e+00 0.000000000000000000e+00 2.814900000000000180e+00
3.393740000000000201e+00 -0.000000000000000000e+00 0.000000000000000000e+00 -0.000000000000000000e+00 3.393740000000000201e+00 -0.000000000000000000e+00 0.000000000000000000e+00 0.000000000000000000e+00 3.393740000000000201e+00
7.118089999999999584e+00 -0.000000000000000000e+00 0.000000000000000000e+00 -0.000000000000000000e+00 7.118089999999999584e+00 -0.000000000000000000e+00 0.000000000000000000e+00 -0.000000000000000000e+00 7.118089999999999584e+00
-4.200689999999999813e+00 0.000000000000000000e+00 -0.000000000000000000e+00 0.000000000000000000e+00 -1.935060000000000002e+00 -0.000000000000000000e+00 -0.000000000000000000e+00 0.000000000000000000e+00 -1.935060000000000002e+00
-4.200689999999999813e+00 0.000000000000000000e+00 -0.000000000000000000e+00 0.000000000000000000e+00 -1.935060000000000002e+00 -0.000000000000000000e+00 -0.000000000000000000e+00 0.000000000000000000e+00 -1.935060000000000002e+00
-1.935060000000000002e+00 0.000000000000000000e+00 -0.000000000000000000e+00 0.000000000000000000e+00 -4.200689999999999813e+00 0.000000000000000000e+00 -0.000000000000000000e+00 0.000000000000000000e+00 -1.935060000000000002e+00
-1.935060000000000002e+00 0.000000000000000000e+00 -0.000000000000000000e+00 0.000000000000000000e+00 -4.200689999999999813e+00 0.000000000000000000e+00 -0.000000000000000000e+00 0.000000000000000000e+00 -1.935060000000000002e+00
-1.935060000000000002e+00 0.000000000000000000e+00 -0.000000000000000000e+00 0.000000000000000000e+00 -1.935060000000000002e+00 -0.000000000000000000e+00 -0.000000000000000000e+00 -0.000000000000000000e+00 -4.200689999999999813e+00
-1.935060000000000002e+00 0.000000000000000000e+00 -0.000000000000000000e+00 0.000000000000000000e+00 -1.935060000000000002e+00 -0.000000000000000000e+00 -0.000000000000000000e+00 -0.000000000000000000e+00 -4.200689999999999813e+00
