-8.516839689495227239e-02
-8.516839689491535748e-02
-4.506276874638984187e-02
1.082573214840013565e+00
1.082573214840034881e+00
1.519638922446148177e+00
1.519638922446219009e+00
1.556822000929772853e+00
2.195902139605926617e+00
2.195902139605948378e+00
2.480225287286684122e+00
3.048017607351288571e+00
3.048017607351296565e+00
3.445222493123779817e+00
3.445222493123780261e+00
3.781568720863435207e+00
4.496952213473461413e+00
4.496952213473471183e+00
4.681440808269197618e+00
4.976275534569309045e+00
6.236594075250287084e+00
6.236594075250287972e+00
6.499951026477535088e+00
6.499951026477536864e+00
6.640361723798864801e+00
6.640361723798865690e+00
7.065777635436656823e+00
7.299853767511310210e+00
7.299853767511314651e+00
7.725243479818853842e+00
7.725243479818855619e+00
9.039014872658110988e+00
9.039014872658112765e+00
9.193652608828058348e+00
9.264362940744980790e+00
1.104479980778057957e+01
1.252043492896944876e+01
1.332807581769850103e+01
1.767588898101998396e+01
1.767588898101998396e+01
1.769806121046723391e+01
1.769806121046723391e+01
1.898701381903414998e+01
1.977505713424015354e+01
1.977505713424015710e+01
2.240501954582915900e+01
2.600868658574151127e+01
2.697086037600023189e+01
