-1.218169363644055481e-01
-1.218168977985293888e-01
-3.330844501211389919e-02
4.905241574395552639e+00
5.182332923282314319e+00
5.182332923550006853e+00
5.944297224294150972e+00
5.965497135671701479e+00
5.965497136321029181e+00
6.097659107168575510e+00
6.242273903140680424e+00
6.242273903945568136e+00
7.300438465475416194e+00
7.520194624645770709e+00
8.029371303903017676e+00
8.029371304634615569e+00
8.248844997643203669e+00
8.248844998171515286e+00
1.105656958176082227e+01
1.105656958234628640e+01
1.372811327031236317e+01
1.425614613469058511e+01
1.425614613541332254e+01
1.535710548230949257e+01
1.750283234850706293e+01
1.750283234888915018e+01
1.999121276400246927e+01
1.999121276404499881e+01
2.130851193227076124e+01
2.325626662681039392e+01
