4.103860000000000063e+00 -1.887199999999999989e-01 1.887199999999999989e-01 -1.887199999999999989e-01 4.103860000000000063e+00 -1.887199999999999989e-01 1.887199999999999989e-01 -1.887199999999999989e-01 4.103860000000000063e+00
4.103860000000000063e+00 1.887199999999999989e-01 -1.887199999999999989e-01 1.887199999999999989e-01 4.103860000000000063e+00 -1.887199999999999989e-01 -1.887199999999999989e-01 -1.887199999999999989e-01 4.103860000000000063e+00
4.103860000000000063e+00 -1.887199999999999989e-01 -1.887199999999999989e-01 -1.887199999999999989e-01 4.103860000000000063e+00 1.887199999999999989e-01 -1.887199999999999989e-01 1.887199999999999989e-01 4.103860000000000063e+00
4.103860000000000063e+00 1.887199999999999989e-01 1.887199999999999989e-01 1.887199999999999989e-01 4.103860000000000063e+00 1.887199999999999989e-01 1.887199999999999989e-01 1.887199999999999989e-01 4.103860000000000063e+00
5.495379999999999932e+00 4.040599999999999747e-01 -4.040599999999999747e-01 4.040599999999999747e-01 5.495379999999999932e+00 4.040599999999999747e-01 -4.040599999999999747e-01 4.040599999999999747e-01 5.495379999999999932e+00
5.495379999999999932e+00 -4.040599999999999747e-01 4.040599999999999747e-01 -4.040599999999999747e-01 5.495379999999999932e+00 4.040599999999999747e-01 4.040599999999999747e-01 4.040599999999999747e-01 5.495379999999999932e+00
5.495379999999999932e+00 4.040599999999999747e-01 4.040599999999999747e-01 4.040599999999999747e-01 5.495379999999999932e+00 -4.040599999999999747e-01 4.040599999999999747e-01 -4.040599999999999747e-01 5.495379999999999932e+00
5.495379999999999932e+00 -4.040599999999999747e-01 -4.040599999999999747e-01 -4.040599999999999747e-01 5.495379999999999932e+00 -4.040599999999999747e-01 -4.040599999999999747e-01 -4.040599999999999747e-01 5.495379999999999932e+00
-2.802799999999999958e+00 0.000000000000000000e+00 -0.000000000000000000e+00 0.000000000000000000e+00 -2.802799999999999958e+00 0.000000000000000000e+00 -0.000000000000000000e+00 -0.000000000000000000e+00 -2.802799999999999958e+00
-2.802799999999999958e+00 0.000000000000000000e+00 -0.000000000000000000e+00 0.000000000000000000e+00 -2.802799999999999958e+00 0.000000000000000000e+00 -0.000000000000000000e+00 -0.000000000000000000e+00 -2.802799999999999958e+00
-2.867459999999999898e+00 8.994299999999999518e-01 -0.000000000000000000e+00 8.994299999999999518e-01 -2.867459999999999898e+00 0.000000000000000000e+00 -0.000000000000000000e+00 0.000000000000000000e+00 -2.462909999999999933e+00
-2.867459999999999898e+00 -8.994299999999999518e-01 -0.000000000000000000e+00 -8.994299999999999518e-01 -2.867459999999999898e+00 -0.000000000000000000e+00 -0.000000000000000000e+00 -0.000000000000000000e+00 -2.462909999999999933e+00
-2.867459999999999898e+00 0.000000000000000000e+00 -8.994299999999999518e-01 0.000000000000000000e+00 -2.462909999999999933e+00 0.000000000000000000e+00 -8.994299999999999518e-01 0.000000000000000000e+00 -2.867459999999999898e+00
-2.462909999999999933e+00 0.000000000000000000e+00 -0.000000000000000000e+00 0.000000000000000000e+00 -2.867459999999999898e+00 8.994299999999999518e-01 -0.000000000000000000e+00 8.994299999999999518e-01 -2.867459999999999898e+00
-2.462909999999999933e+00 0.000000000000000000e+00 -0.000000000000000000e+00 0.000000000000000000e+00 -2.867459999999999898e+00 -8.994299999999999518e-01 -0.000000000000000000e+00 -8.994299999999999518e-01 -2.867459999999999898e+00
-2.867459999999999898e+00 0.000000000000000000e+00 8.994299999999999518e-01 0.000000000000000000e+00 -2.462909999999999933e+00 -0.000000000000000000e+00 8.994299999999999518e-01 -0.000000000000000000e+00 -2.867459999999999898e+00
-2.867459999999999898e+00 -8.994299999999999518e-01 -0.000000000000000000e+00 -8.994299999999999518e-01 -2.867459999999999898e+00 -0.000000000000000000e+00 -0.000000000000000000e+00 -0.000000000000000000e+00 -2.462909999999999933e+00
-2.462909999999999933e+00 0.000000000000000000e+00 -0.000000000000000000e+00 0.000000000000000000e+00 -2.867459999999999898e+00 -8.994299999999999518e-01 -0.000000000000000000e+00 -8.994299999999999518e-01 -2.867459999999999898e+00
-2.462909999999999933e+00 0.000000000000000000e+00 -0.000000000000000000e+00 0.000000000000000000e+00 -2.867459999999999898e+00 8.994299999999999518e-01 -0.000000000000000000e+00 8.994299999999999518e-01 -2.867459999999999898e+00
-2.867459999999999898e+00 8.994299999999999518e-01 -0.000000000000000000e+00 8.994299999999999518e-01 -2.867459999999999898e+00 0.000000000000000000e+00 -0.000000000000000000e+00 0.000000000000000000e+00 -2.462909999999999933e+00
-2.867459999999999898e+00 0.000000000000000000e+00 8.994299999999999518e-01 0.000000000000000000e+00 -2.462909999999999933e+00 -0.000000000000000000e+00 8.994299999999999518e-01 -0.000000000000000000e+00 -2.867459999999999898e+00
-2.867459999999999898e+00 0.000000000000000000e+00 -8.994299999999999518e-01 0.000000000000000000e+00 -2.462909999999999933e+00 0.000000000000000000e+00 -8.994299999999999518e-01 0.000000000000000000e+00 -2.867459999999999898e+00
