-4.954640169733833671e-02
-3.021357700681276057e-02
-2.292431693121887645e-02
7.384558599655411948e-01
1.294435336071462883e+00
1.354779050339123048e+00
1.417057498604414212e+00
2.306660251868451805e+00
2.626940515873365634e+00
2.845755546549908477e+00
2.987081997185061955e+00
3.052777710098718789e+00
3.375302388548863330e+00
3.393060858499292731e+00
3.560908916703600102e+00
3.936599350751039950e+00
4.046413413868648945e+00
4.127588943580473568e+00
4.166386980746250579e+00
4.485514855208581508e+00
4.787616708857932224e+00
5.532457672218846767e+00
5.534837685228771065e+00
5.743108798224991318e+00
5.841909294593447655e+00
6.112024418005030491e+00
6.171775944822257109e+00
6.446868229638375247e+00
6.728662223329625824e+00
7.153501292290087576e+00
7.597306466164386762e+00
7.676332467069112653e+00
7.926095452101649563e+00
8.041120468096661256e+00
8.301883918150313235e+00
8.435943888198675467e+00
9.051400029910441347e+00
9.708963654719171998e+00
1.116983665088264388e+01
1.238600762665024035e+01
1.322558761633745306e+01
1.432453469425166226e+01
1.437593135764887364e+01
1.448887434444539402e+01
1.491335532722298396e+01
1.492137801976643985e+01
1.532946291134850725e+01
1.538737569398338145e+01
1.584759263189426548e+01
1.659943933158351825e+01
1.723712914248137551e+01
1.738895606645247227e+01
1.756405996703648498e+01
1.760034871390390521e+01
1.773408166443660505e+01
1.859191479881414466e+01
1.916312821270143019e+01
1.933074001123082652e+01
1.952269347100460806e+01
1.968178696418834406e+01
