-5.657972949287334852e-02
-4.199782481098562198e-02
-1.824713643138226385e-02
6.742689504495362751e-01
6.793557137283541270e-01
8.439512411908133283e-01
9.810351905494412161e-01
1.026437769267704914e+00
1.123808348236612353e+00
1.129545321404916258e+00
1.152448676199348654e+00
1.191889857098722194e+00
1.402721321497988560e+00
1.446455468585282400e+00
1.453601962117751167e+00
1.503775098481920702e+00
1.522032566805690434e+00
1.553287213608719686e+00
1.936534943267681275e+00
1.939118997989442095e+00
2.123989044642730750e+00
2.439022241339936503e+00
2.468144935069168433e+00
2.757334134233698997e+00
2.768691473203624742e+00
2.799119794525635196e+00
2.856431128121335927e+00
2.907924796482876051e+00
3.259489573128580453e+00
3.653870624155040936e+00
3.724338297694683053e+00
4.020105075824965013e+00
5.439185139671094404e+00
5.527123950173451483e+00
5.983813068207489927e+00
6.084333315679528731e+00
6.189028800236314076e+00
6.933131126679516143e+00
6.955342563180916038e+00
7.119429974782693904e+00
7.128014943175352336e+00
7.145251968968054257e+00
7.288790853561107674e+00
7.732820050793001165e+00
7.786195396216915476e+00
7.789309799526083822e+00
7.843761566995534729e+00
7.851538007125394181e+00
8.203477847513125809e+00
8.596120821972256465e+00
8.981758342152831531e+00
9.258155134883342186e+00
9.910639057884283787e+00
1.060617911005376079e+01
1.076403927619532297e+01
1.182599540990773868e+01
1.487529102552459292e+01
1.487800510277696375e+01
1.540015690868370513e+01
1.540122270361476708e+01
1.625952363960319857e+01
1.703746850394002621e+01
1.992069138716718868e+01
1.992389920331390485e+01
1.993339269390578750e+01
2.015496416173354532e+01
2.078799526401539666e+01
2.171885453867972515e+01
2.234086275906536656e+01
2.328103880507466528e+01
2.398393924911697539e+01
2.406763074866618979e+01
