1.482259999999999911e+00 -3.536000000000000254e-02 0.000000000000000000e+00 3.536000000000000254e-02 1.482259999999999911e+00 0.000000000000000000e+00 0.000000000000000000e+00 0.000000000000000000e+00 1.130880000000000107e+00
1.482259999999999911e+00 -3.536000000000000254e-02 0.000000000000000000e+00 3.536000000000000254e-02 1.482259999999999911e+00 0.000000000000000000e+00 -0.000000000000000000e+00 -0.000000000000000000e+00 1.130880000000000107e+00
1.482259999999999911e+00 -3.536000000000000254e-02 0.000000000000000000e+00 3.536000000000000254e-02 1.482259999999999911e+00 0.000000000000000000e+00 0.000000000000000000e+00 0.000000000000000000e+00 1.130880000000000107e+00
1.482259999999999911e+00 -3.536000000000000254e-02 -0.000000000000000000e+00 3.536000000000000254e-02 1.482259999999999911e+00 0.000000000000000000e+00 -0.000000000000000000e+00 -0.000000000000000000e+00 1.130880000000000107e+00
4.260869999999999713e+00 6.541000000000000147e-01 -0.000000000000000000e+00 -6.541000000000000147e-01 4.260869999999999713e+00 0.000000000000000000e+00 -0.000000000000000000e+00 0.000000000000000000e+00 4.959069999999999645e+00
4.260869999999999713e+00 6.541000000000000147e-01 0.000000000000000000e+00 -6.541000000000000147e-01 4.260869999999999713e+00 -0.000000000000000000e+00 0.000000000000000000e+00 0.000000000000000000e+00 4.959069999999999645e+00
3.357930000000000081e+00 -6.104199999999999626e-01 0.000000000000000000e+00 -2.385599999999999943e-01 3.211009999999999920e+00 -0.000000000000000000e+00 0.000000000000000000e+00 0.000000000000000000e+00 3.321540000000000159e+00
3.615359999999999907e+00 8.994000000000000605e-02 0.000000000000000000e+00 4.617899999999999783e-01 2.953580000000000094e+00 -0.000000000000000000e+00 0.000000000000000000e+00 0.000000000000000000e+00 3.321540000000000159e+00
2.880119999999999791e+00 -3.729999999999999982e-02 0.000000000000000000e+00 3.345500000000000140e-01 3.688820000000000210e+00 -0.000000000000000000e+00 0.000000000000000000e+00 0.000000000000000000e+00 3.321540000000000159e+00
2.880119999999999791e+00 -3.729999999999999982e-02 0.000000000000000000e+00 3.345500000000000140e-01 3.688820000000000210e+00 0.000000000000000000e+00 0.000000000000000000e+00 0.000000000000000000e+00 3.321540000000000159e+00
3.615359999999999907e+00 8.994000000000000605e-02 0.000000000000000000e+00 4.617899999999999783e-01 2.953580000000000094e+00 -0.000000000000000000e+00 0.000000000000000000e+00 0.000000000000000000e+00 3.321540000000000159e+00
3.357930000000000081e+00 -6.104199999999999626e-01 0.000000000000000000e+00 -2.385599999999999943e-01 3.211009999999999920e+00 0.000000000000000000e+00 0.000000000000000000e+00 0.000000000000000000e+00 3.321540000000000159e+00
-1.553080000000000016e+00 5.351099999999999746e-01 0.000000000000000000e+00 4.785499999999999754e-01 -2.904319999999999791e+00 -0.000000000000000000e+00 0.000000000000000000e+00 0.000000000000000000e+00 -1.188809999999999922e+00
-3.005440000000000111e+00 3.599700000000000122e-01 0.000000000000000000e+00 3.034100000000000130e-01 -1.451959999999999917e+00 0.000000000000000000e+00 0.000000000000000000e+00 0.000000000000000000e+00 -1.188809999999999922e+00
-2.127580000000000027e+00 -8.102399999999999602e-01 -0.000000000000000000e+00 -8.668000000000000149e-01 -2.329819999999999780e+00 -0.000000000000000000e+00 0.000000000000000000e+00 0.000000000000000000e+00 -1.188809999999999922e+00
-2.127580000000000027e+00 -8.102399999999999602e-01 -0.000000000000000000e+00 -8.668000000000000149e-01 -2.329819999999999780e+00 -0.000000000000000000e+00 0.000000000000000000e+00 0.000000000000000000e+00 -1.188809999999999922e+00
-3.005440000000000111e+00 3.599700000000000122e-01 0.000000000000000000e+00 3.034100000000000130e-01 -1.451959999999999917e+00 -0.000000000000000000e+00 0.000000000000000000e+00 0.000000000000000000e+00 -1.188809999999999922e+00
-1.553080000000000016e+00 5.351099999999999746e-01 0.000000000000000000e+00 4.785499999999999754e-01 -2.904319999999999791e+00 0.000000000000000000e+00 0.000000000000000000e+00 0.000000000000000000e+00 -1.188809999999999922e+00
-1.991049999999999986e+00 2.603199999999999958e-01 -7.481700000000000017e-01 2.971300000000000052e-01 -1.473179999999999934e+00 3.735899999999999777e-01 -5.568400000000000016e-01 3.519100000000000006e-01 -2.269839999999999858e+00
-1.844030000000000058e+00 -3.820200000000000262e-01 -6.976200000000000179e-01 -3.452000000000000068e-01 -1.620200000000000085e+00 -4.611399999999999944e-01 -5.831800000000000317e-01 -3.062900000000000067e-01 -2.269839999999999858e+00
-1.361259999999999915e+00 6.647999999999999743e-02 -5.054999999999999771e-02 1.032900000000000068e-01 -2.102970000000000006e+00 8.347299999999999720e-01 2.633999999999999883e-02 6.581900000000000528e-01 -2.269839999999999858e+00
-1.361259999999999915e+00 6.647999999999999743e-02 5.054999999999999771e-02 1.032900000000000068e-01 -2.102970000000000006e+00 -8.347299999999999720e-01 -2.633999999999999883e-02 -6.581900000000000528e-01 -2.269839999999999858e+00
-1.844030000000000058e+00 -3.820200000000000262e-01 6.976200000000000179e-01 -3.452000000000000068e-01 -1.620200000000000085e+00 4.611399999999999944e-01 5.831800000000000317e-01 3.062900000000000067e-01 -2.269839999999999858e+00
-1.991049999999999986e+00 2.603199999999999958e-01 7.481700000000000017e-01 2.971300000000000052e-01 -1.473179999999999934e+00 -3.735899999999999777e-01 5.568400000000000016e-01 -3.519100000000000006e-01 -2.269839999999999858e+00
-1.991049999999999986e+00 2.603199999999999958e-01 -7.481700000000000017e-01 2.971300000000000052e-01 -1.473179999999999934e+00 3.735899999999999777e-01 -5.568400000000000016e-01 3.519100000000000006e-01 -2.269839999999999858e+00
-1.844030000000000058e+00 -3.820200000000000262e-01 -6.976200000000000179e-01 -3.452000000000000068e-01 -1.620200000000000085e+00 -4.611399999999999944e-01 -5.831800000000000317e-01 -3.062900000000000067e-01 -2.269839999999999858e+00
-1.361259999999999915e+00 6.647999999999999743e-02 -5.054999999999999771e-02 1.032900000000000068e-01 -2.102970000000000006e+00 8.347299999999999720e-01 2.633999999999999883e-02 6.581900000000000528e-01 -2.269839999999999858e+00
-1.361259999999999915e+00 6.647999999999999743e-02 5.054999999999999771e-02 1.032900000000000068e-01 -2.102970000000000006e+00 -8.347299999999999720e-01 -2.633999999999999883e-02 -6.581900000000000528e-01 -2.269839999999999858e+00
-1.844030000000000058e+00 -3.820200000000000262e-01 6.976200000000000179e-01 -3.452000000000000068e-01 -1.620200000000000085e+00 4.611399999999999944e-01 5.831800000000000317e-01 3.062900000000000067e-01 -2.269839999999999858e+00
-1.991049999999999986e+00 2.603199999999999958e-01 7.481700000000000017e-01 2.971300000000000052e-01 -1.473179999999999934e+00 -3.735899999999999777e-01 5.568400000000000016e-01 -3.519100000000000006e-01 -2.269839999999999858e+00
