-2.976895656893673026e-02
-2.239091727857743172e-02
-1.842796260173493184e-02
2.231667801866699108e+00
2.489378753284014145e+00
3.140434611597590742e+00
3.164086159480116844e+00
3.277336054083297423e+00
3.286738083083003747e+00
3.303144535362388723e+00
3.418527163131381386e+00
3.461848434897058624e+00
3.516471365420333672e+00
3.908241643657726083e+00
4.308648745912808664e+00
4.508969293598812378e+00
4.597946590498597885e+00
4.600777453894449920e+00
4.680301501938398445e+00
4.753106013678329411e+00
5.229310163228814368e+00
5.286003360904359738e+00
5.342205613679516851e+00
6.099017300742241687e+00
6.264821580413022950e+00
6.278414250054689560e+00
6.523139238682645669e+00
6.669161279650555052e+00
6.836054373353713132e+00
6.998655495856685782e+00
7.601368883676858701e+00
7.806484448569845469e+00
8.247118455250127766e+00
8.271671000720907330e+00
8.497637145851523854e+00
8.521204146605620977e+00
8.949480780633454202e+00
8.978366163293131308e+00
9.120134770878435049e+00
9.535986178180346329e+00
9.743689287644579977e+00
9.976758874697853940e+00
1.011004935434882235e+01
1.068074607138236587e+01
1.095980044568035616e+01
1.106110396761316927e+01
1.137917875334515294e+01
1.168232538796972086e+01
1.202142939400638433e+01
1.265480716642325376e+01
1.269889964334254273e+01
1.277252670894544373e+01
1.312852231415758197e+01
1.372545397008116908e+01
1.555893898138565312e+01
1.562872672776905958e+01
1.785516321397772188e+01
1.821837480756229866e+01
1.981374177388359925e+01
1.996037112574201444e+01
2.096329457688251452e+01
2.148321285837702632e+01
2.220479020729966635e+01
2.251201322281477601e+01
2.267978542517570872e+01
2.268219858941530376e+01
2.350924949105478134e+01
2.438153489339692470e+01
2.581325780847594942e+01
2.667063997370780370e+01
2.724149519929610008e+01
2.760075182679519301e+01
