-2.887563492397180603e-02
-2.887563492332769280e-02
-2.509335383172824410e-02
2.970212990539138342e+00
3.265306350002176394e+00
3.265306350002189273e+00
3.301619745827758745e+00
3.301619745827764074e+00
3.419528217368549061e+00
3.456900940468653705e+00
4.007002992410828135e+00
4.007002992410830799e+00
4.382141262254857672e+00
4.740724956462413431e+00
4.884566730186064909e+00
4.884566730186084449e+00
4.902746560039605406e+00
5.149062489744687277e+00
5.180049375369122799e+00
5.522224758448610160e+00
5.522224758448616377e+00
5.555116522488188657e+00
6.546097520153845828e+00
7.046131722140515308e+00
9.083324007541101253e+00
9.414285857912656041e+00
9.660452875042130572e+00
9.660452875042135901e+00
9.853150611601579456e+00
9.853150611601579456e+00
1.031531186817069035e+01
1.031531186817069390e+01
1.056647196038348646e+01
1.132986600153914836e+01
1.182465034803071369e+01
1.226451958742721260e+01
1.226451958742721615e+01
1.232595668791705279e+01
1.274692835581243777e+01
1.295877059313611923e+01
1.295877059313612634e+01
1.418999716189609295e+01
1.418999716189609295e+01
1.453169784575863233e+01
1.472772248250959137e+01
1.539941394093463423e+01
1.574648605175184635e+01
1.574648605175184990e+01
1.605086341800675598e+01
1.607440209415321064e+01
1.621894879161460068e+01
1.662173846220851203e+01
1.662173846220851914e+01
1.678374280417602549e+01
