2.679339999999999833e+00 -2.001999999999999960e-02 0.000000000000000000e+00 2.001999999999999960e-02 2.679339999999999833e+00 0.000000000000000000e+00 0.000000000000000000e+00 0.000000000000000000e+00 2.802169999999999828e+00
2.679339999999999833e+00 -2.001999999999999960e-02 0.000000000000000000e+00 2.001999999999999960e-02 2.679339999999999833e+00 0.000000000000000000e+00 0.000000000000000000e+00 0.000000000000000000e+00 2.802169999999999828e+00
4.699889999999999901e+00 1.727700000000000069e-01 0.000000000000000000e+00 -1.727700000000000069e-01 4.699889999999999901e+00 0.000000000000000000e+00 0.000000000000000000e+00 0.000000000000000000e+00 4.738669999999999938e+00
6.741349999999999731e+00 -1.366999999999999986e-02 0.000000000000000000e+00 1.366999999999999986e-02 6.741349999999999731e+00 0.000000000000000000e+00 0.000000000000000000e+00 0.000000000000000000e+00 6.726980000000000182e+00
-3.390670000000000073e+00 -1.304629999999999956e+00 -0.000000000000000000e+00 -1.258669999999999956e+00 -3.068130000000000024e+00 -0.000000000000000000e+00 -0.000000000000000000e+00 -0.000000000000000000e+00 -1.992429999999999923e+00
-3.068130000000000024e+00 1.258669999999999956e+00 -0.000000000000000000e+00 1.304629999999999956e+00 -3.390670000000000073e+00 -0.000000000000000000e+00 -0.000000000000000000e+00 -0.000000000000000000e+00 -1.992429999999999923e+00
-3.068130000000000024e+00 1.258669999999999956e+00 -0.000000000000000000e+00 1.304629999999999956e+00 -3.390670000000000073e+00 -0.000000000000000000e+00 -0.000000000000000000e+00 -0.000000000000000000e+00 -1.992429999999999923e+00
-3.390670000000000073e+00 -1.304629999999999956e+00 -0.000000000000000000e+00 -1.258669999999999956e+00 -3.068130000000000024e+00 -0.000000000000000000e+00 -0.000000000000000000e+00 -0.000000000000000000e+00 -1.992429999999999923e+00
-1.941159999999999997e+00 -1.357000000000000046e-02 -0.000000000000000000e+00 1.357000000000000046e-02 -1.941159999999999997e+00 0.000000000000000000e+00 -0.000000000000000000e+00 0.000000000000000000e+00 -4.550139999999999851e+00
-1.941159999999999997e+00 -1.357000000000000046e-02 -0.000000000000000000e+00 1.357000000000000046e-02 -1.941159999999999997e+00 0.000000000000000000e+00 -0.000000000000000000e+00 0.000000000000000000e+00 -4.550139999999999851e+00
