-2.906630153806819689e-02
-2.906630153736717778e-02
-1.086664633420056890e-02
1.240422163284857104e+00
1.240422163284881973e+00
3.769844510299640739e+00
4.034943053860507334e+00
4.368683986425028642e+00
4.368683986425049959e+00
5.204774296914810527e+00
5.204774296914814080e+00
5.897790555581292615e+00
6.282749139713393660e+00
6.513816132683310833e+00
6.600533219630523085e+00
6.600533219630523973e+00
7.303228827521778932e+00
7.355624440201096625e+00
7.355624440201096625e+00
8.111052046041526964e+00
8.111052046041534069e+00
8.762440888992298227e+00
8.949083958566506070e+00
8.949083958566507846e+00
9.508178736230345152e+00
9.508178736230354033e+00
9.553002165036700077e+00
1.082106958402308727e+01
1.101972232876653912e+01
1.178273807374029047e+01
1.242611095340665983e+01
1.242611095340665983e+01
1.261103934035034335e+01
1.303641269677341086e+01
1.318275657651369492e+01
1.318275657651371446e+01
1.339029427632752522e+01
1.339029427632753055e+01
1.402938527890890441e+01
1.574906624331161531e+01
1.578769846652107667e+01
1.578769846652110687e+01
1.651787554890086440e+01
1.711859821817576588e+01
1.711859821817577298e+01
1.729804677279555492e+01
1.729804677279557268e+01
1.878532551945060547e+01
1.919409609541513007e+01
2.073242202628233954e+01
2.078685565834693705e+01
2.169979232821046722e+01
2.602577375978259511e+01
2.673152078604987381e+01
