-4.876822653312184140e-03
-4.876822651885231834e-03
-4.485194916001395901e-03
1.004723246712635021e+00
1.004723246712671658e+00
1.563110153757768073e+00
1.605048612033931121e+00
1.871415913435595213e+00
2.034270636225507634e+00
2.034270636225519180e+00
2.233950070244136388e+00
2.273110781144418890e+00
2.648502770120455985e+00
2.727214685066971178e+00
2.727214685066975619e+00
2.748883810679048967e+00
2.748883810679056516e+00
2.759501270697233721e+00
2.775381516357358080e+00
2.916110189999008284e+00
2.958026095601855587e+00
3.415819974882970289e+00
3.784745443365283180e+00
3.784745443365284956e+00
5.061459192096436688e+00
7.085895827937737756e+00
7.085895827937737756e+00
8.643700421617593221e+00
1.479082660832908758e+01
1.520851491402921418e+01
1.527943939214148728e+01
1.527943939214149260e+01
1.606346596561927598e+01
1.606779091765571366e+01
1.606779091765573142e+01
1.657131143204907175e+01
