2.741560000000000219e+00 0.000000000000000000e+00 1.565000000000000072e-02 0.000000000000000000e+00 2.747930000000000206e+00 -0.000000000000000000e+00 -1.050800000000000067e-01 -0.000000000000000000e+00 2.770999999999999908e+00
2.741560000000000219e+00 0.000000000000000000e+00 1.565000000000000072e-02 0.000000000000000000e+00 2.747930000000000206e+00 -0.000000000000000000e+00 -1.050800000000000067e-01 -0.000000000000000000e+00 2.770999999999999908e+00
3.221509999999999874e+00 0.000000000000000000e+00 -1.849899999999999878e-01 0.000000000000000000e+00 3.201439999999999841e+00 -0.000000000000000000e+00 1.539399999999999935e-01 -0.000000000000000000e+00 3.258529999999999927e+00
7.040639999999999787e+00 0.000000000000000000e+00 -1.636799999999999922e-01 0.000000000000000000e+00 6.981989999999999696e+00 -0.000000000000000000e+00 1.772600000000000009e-01 -0.000000000000000000e+00 6.979589999999999961e+00
-2.396009999999999973e+00 7.905299999999999550e-01 6.343699999999999894e-01 7.971899999999999542e-01 -3.011249999999999982e+00 -8.303899999999999615e-01 5.581700000000000550e-01 -8.228699999999999903e-01 -2.457370000000000054e+00
-2.396009999999999973e+00 -7.905299999999999550e-01 6.343699999999999894e-01 -7.971899999999999542e-01 -3.011249999999999982e+00 8.303899999999999615e-01 5.581700000000000550e-01 8.228699999999999903e-01 -2.457370000000000054e+00
-2.396009999999999973e+00 7.905299999999999550e-01 6.343699999999999894e-01 7.971899999999999542e-01 -3.011249999999999982e+00 -8.303899999999999615e-01 5.581700000000000550e-01 -8.228699999999999903e-01 -2.457370000000000054e+00
-2.396009999999999973e+00 -7.905299999999999550e-01 6.343699999999999894e-01 -7.971899999999999542e-01 -3.011249999999999982e+00 8.303899999999999615e-01 5.581700000000000550e-01 8.228699999999999903e-01 -2.457370000000000054e+00
-3.080620000000000136e+00 -0.000000000000000000e+00 -1.110049999999999981e+00 -0.000000000000000000e+00 -1.817150000000000043e+00 0.000000000000000000e+00 -1.176870000000000083e+00 0.000000000000000000e+00 -2.975319999999999965e+00
-3.080620000000000136e+00 -0.000000000000000000e+00 -1.110049999999999981e+00 -0.000000000000000000e+00 -1.817150000000000043e+00 0.000000000000000000e+00 -1.176870000000000083e+00 0.000000000000000000e+00 -2.975319999999999965e+00
