5.336739999999999817e+00 -4.016299999999999870e-01 2.216500000000000137e-01 -1.291100000000000025e-01 5.320839999999999570e+00 1.699600000000000000e-01 2.318800000000000028e-01 3.708099999999999730e-01 4.794109999999999872e+00
5.336739999999999817e+00 4.016299999999999870e-01 2.216500000000000137e-01 1.291100000000000025e-01 5.320839999999999570e+00 -1.699600000000000000e-01 2.318800000000000028e-01 -3.708099999999999730e-01 4.794109999999999872e+00
5.336739999999999817e+00 -4.016299999999999870e-01 2.216500000000000137e-01 -1.291100000000000025e-01 5.320839999999999570e+00 1.699600000000000000e-01 2.318800000000000028e-01 3.708099999999999730e-01 4.794109999999999872e+00
5.336739999999999817e+00 4.016299999999999870e-01 2.216500000000000137e-01 1.291100000000000025e-01 5.320839999999999570e+00 -1.699600000000000000e-01 2.318800000000000028e-01 -3.708099999999999730e-01 4.794109999999999872e+00
-2.384119999999999795e+00 9.003999999999999504e-02 -1.600000000000000077e-03 1.544999999999999984e-01 -2.730140000000000011e+00 3.512199999999999767e-01 -4.379999999999999866e-02 4.145199999999999996e-01 -2.535140000000000171e+00
-2.384119999999999795e+00 -9.003999999999999504e-02 -1.600000000000000077e-03 -1.544999999999999984e-01 -2.730140000000000011e+00 -3.512199999999999767e-01 -4.379999999999999866e-02 -4.145199999999999996e-01 -2.535140000000000171e+00
-2.384119999999999795e+00 9.003999999999999504e-02 -1.600000000000000077e-03 1.544999999999999984e-01 -2.730140000000000011e+00 3.512199999999999767e-01 -4.379999999999999866e-02 4.145199999999999996e-01 -2.535140000000000171e+00
-2.384119999999999795e+00 -9.003999999999999504e-02 -1.600000000000000077e-03 -1.544999999999999984e-01 -2.730140000000000011e+00 -3.512199999999999767e-01 -4.379999999999999866e-02 -4.145199999999999996e-01 -2.535140000000000171e+00
-2.952620000000000022e+00 -1.038620000000000099e+00 -2.200600000000000056e-01 -1.289080000000000004e+00 -2.590710000000000068e+00 6.449700000000000433e-01 -1.880699999999999872e-01 6.455400000000000027e-01 -2.258970000000000145e+00
-2.952620000000000022e+00 1.038620000000000099e+00 -2.200600000000000056e-01 1.289080000000000004e+00 -2.590710000000000068e+00 -6.449700000000000433e-01 -1.880699999999999872e-01 -6.455400000000000027e-01 -2.258970000000000145e+00
-2.952620000000000022e+00 -1.038620000000000099e+00 -2.200600000000000056e-01 -1.289080000000000004e+00 -2.590710000000000068e+00 6.449700000000000433e-01 -1.880699999999999872e-01 6.455400000000000027e-01 -2.258970000000000145e+00
-2.952620000000000022e+00 1.038620000000000099e+00 -2.200600000000000056e-01 1.289080000000000004e+00 -2.590710000000000068e+00 -6.449700000000000433e-01 -1.880699999999999872e-01 -6.455400000000000027e-01 -2.258970000000000145e+00
