-4.234435428720102756e-02
-2.703613592952957417e-02
-1.833935042470152474e-02
1.257382415973756107e+00
1.463470898241574281e+00
1.703241764988165041e+00
1.795868402751159332e+00
2.146811961956612613e+00
2.200381850952238594e+00
2.398613061750477726e+00
2.483451489359113751e+00
2.564926841061943463e+00
2.800275513230796154e+00
3.012689633865393901e+00
3.078623338442038282e+00
3.167664802342571306e+00
3.546623239082494106e+00
3.572757282548032265e+00
3.643985359465649942e+00
4.067925896571863653e+00
4.262232255520573609e+00
4.472322372101546151e+00
4.724193338549979693e+00
4.957702875324417668e+00
5.062901826028231689e+00
5.075933854966985237e+00
5.246628822396339764e+00
5.510202410075332402e+00
5.552639444444416483e+00
5.681045784008433408e+00
6.041611233768686695e+00
6.141003549909412662e+00
6.141460917403936293e+00
6.478057942007002801e+00
6.623691244313852700e+00
6.731784013172140035e+00
7.008227286553997182e+00
7.062712418044500673e+00
7.132335304793234521e+00
7.371886698803773896e+00
7.460100267422683729e+00
7.590073616243784294e+00
8.060886303626915605e+00
8.244542455467131603e+00
8.902986504538800361e+00
9.065514320765259981e+00
9.246930496115995268e+00
9.695917940040541083e+00
9.898119361777771630e+00
1.000417432874897550e+01
1.024822306548798778e+01
1.032066301164804045e+01
1.051918371357777993e+01
1.080419524999432745e+01
1.081760417097981986e+01
1.088281075825542388e+01
1.101555059903952305e+01
1.135036074316583132e+01
1.141484266207817733e+01
1.157063511653530519e+01
1.206794124944267388e+01
1.217501889115577463e+01
1.239661586885711309e+01
1.300526401116101916e+01
1.305305301452499300e+01
1.309892029901701527e+01
1.420777399876560487e+01
1.421381641220963665e+01
1.435842439127636361e+01
1.546289309928772759e+01
1.571219669556106346e+01
1.594832426933939651e+01
1.610217898298239803e+01
1.648872196381514499e+01
1.655571073678203575e+01
1.682573885450502260e+01
1.764947752767769629e+01
1.777714063059636018e+01
2.013964706741406729e+01
2.024708443208552566e+01
2.226389936646318901e+01
2.431894175329181707e+01
2.443805364590232898e+01
2.453800951585111889e+01
