-4.341069128727306076e-02
-1.917179131226742078e-02
-1.728014537402149803e-02
2.107358220021543715e+00
2.154601296863003945e+00
2.304100197054154808e+00
2.921344457211517920e+00
3.097480802975709935e+00
3.493836018646821362e+00
3.640005214582697768e+00
3.677798720345055283e+00
4.009279624273654363e+00
4.050272837405116455e+00
4.067074527128848871e+00
4.154442571612692703e+00
4.218463327739473634e+00
4.332841027705059744e+00
4.601615044069673033e+00
4.666723802779165098e+00
4.780273537317038191e+00
5.425333848621248123e+00
6.382059420845619613e+00
6.473715268029260450e+00
6.505398697135092334e+00
6.660298350090093855e+00
6.670491975081382918e+00
6.788350563831329509e+00
6.985673522087206599e+00
7.046480670001391999e+00
7.103219936865994732e+00
7.182966422122965433e+00
7.576679072965347927e+00
7.630570509931107637e+00
8.085812701420437065e+00
8.174466248355161113e+00
8.511449362925688433e+00
8.574371453521766995e+00
8.819807219183008584e+00
9.003428662369632463e+00
9.337742782324619739e+00
9.710278226259704937e+00
9.775342543498926062e+00
1.042414200791303713e+01
1.057562486926780743e+01
1.118230067675903783e+01
1.136316012062558833e+01
1.145432510634947043e+01
1.154803316288089654e+01
1.191318194326361990e+01
1.221557086593574226e+01
1.255139782389152359e+01
1.274729371142431233e+01
1.285141547708762744e+01
1.308924642317697895e+01
1.311931552479990160e+01
1.312551745558215721e+01
1.375055627046799245e+01
1.400053040866032106e+01
1.534192545724780388e+01
1.696731293747321700e+01
1.743655108600023595e+01
1.776970380908456448e+01
1.791048852165531002e+01
1.827078071935850900e+01
1.887324412843084431e+01
1.910093236189630517e+01
2.106962472702370093e+01
2.114742702751004799e+01
2.335569237424489231e+01
2.343432463849623204e+01
2.771894409941926440e+01
2.781574409838305684e+01
