2.438480000000000203e+00 -2.828999999999999918e-02 0.000000000000000000e+00 2.828999999999999918e-02 2.438480000000000203e+00 -0.000000000000000000e+00 0.000000000000000000e+00 -0.000000000000000000e+00 2.840990000000000126e+00
4.375390000000000335e+00 2.997199999999999864e-01 0.000000000000000000e+00 -2.997199999999999864e-01 4.375390000000000335e+00 -0.000000000000000000e+00 0.000000000000000000e+00 -0.000000000000000000e+00 3.631320000000000103e+00
2.854890000000000150e+00 -3.442799999999999749e-01 0.000000000000000000e+00 3.442799999999999749e-01 2.854890000000000150e+00 -0.000000000000000000e+00 0.000000000000000000e+00 -0.000000000000000000e+00 6.632000000000000117e-01
2.854890000000000150e+00 -3.442799999999999749e-01 0.000000000000000000e+00 3.442799999999999749e-01 2.854890000000000150e+00 -0.000000000000000000e+00 0.000000000000000000e+00 -0.000000000000000000e+00 6.632000000000000117e-01
-1.677079999999999904e+00 -3.041900000000000159e-01 -2.280399999999999927e-01 -4.432300000000000129e-01 -2.497469999999999857e+00 2.214399999999999979e-01 -2.108399999999999996e-01 1.903600000000000014e-01 -1.299790000000000001e+00
-1.968730000000000091e+00 6.116099999999999870e-01 3.057900000000000063e-01 4.725699999999999901e-01 -2.205820000000000114e+00 8.676999999999999991e-02 2.702800000000000202e-01 8.741000000000000159e-02 -1.299790000000000001e+00
-2.616010000000000169e+00 -9.886000000000000343e-02 -7.774999999999999967e-02 -2.379000000000000004e-01 -1.558540000000000036e+00 -3.082099999999999840e-01 -5.943999999999999978e-02 -2.777700000000000169e-01 -1.299790000000000001e+00
-1.677079999999999904e+00 -3.041900000000000159e-01 -2.280399999999999927e-01 -4.432300000000000129e-01 -2.497469999999999857e+00 2.214399999999999979e-01 -2.108399999999999996e-01 1.903600000000000014e-01 -1.299790000000000001e+00
-1.968730000000000091e+00 6.116099999999999870e-01 3.057900000000000063e-01 4.725699999999999901e-01 -2.205820000000000114e+00 8.676999999999999991e-02 2.702800000000000202e-01 8.741000000000000159e-02 -1.299790000000000001e+00
-2.616010000000000169e+00 -9.886000000000000343e-02 -7.774999999999999967e-02 -2.379000000000000004e-01 -1.558540000000000036e+00 -3.082099999999999840e-01 -5.943999999999999978e-02 -2.777700000000000169e-01 -1.299790000000000001e+00
