-1.986806732280790161e-02
-1.440741913891230297e-02
-7.014643151944116237e-03
1.473588524053308202e+00
1.621037421330744799e+00
3.020344562768987995e+00
3.036896829532859332e+00
3.062774607315987385e+00
3.215980842295790065e+00
3.230783376025661902e+00
3.512655258164821603e+00
4.426997616273843583e+00
4.509727761539027213e+00
4.808113715872588401e+00
4.925778303955738124e+00
5.934057195228749748e+00
6.336851475517679688e+00
7.442615672060865606e+00
8.713459719339951448e+00
8.851548898709371116e+00
9.133628196517559417e+00
9.566992901557844320e+00
9.763770835787804359e+00
1.031512051256875928e+01
1.541461655998460856e+01
1.543219993938649814e+01
1.570048419259363293e+01
1.594122109938852638e+01
1.596800284812588089e+01
2.014061703750827093e+01
