2.735840000000000050e+00 0.000000000000000000e+00 -0.000000000000000000e+00 0.000000000000000000e+00 2.735840000000000050e+00 -0.000000000000000000e+00 -0.000000000000000000e+00 -0.000000000000000000e+00 2.735840000000000050e+00
2.735840000000000050e+00 0.000000000000000000e+00 -0.000000000000000000e+00 0.000000000000000000e+00 2.735840000000000050e+00 -0.000000000000000000e+00 -0.000000000000000000e+00 -0.000000000000000000e+00 2.735840000000000050e+00
5.502290000000000347e+00 0.000000000000000000e+00 -0.000000000000000000e+00 0.000000000000000000e+00 5.502290000000000347e+00 0.000000000000000000e+00 -0.000000000000000000e+00 -0.000000000000000000e+00 5.502290000000000347e+00
4.818229999999999791e+00 0.000000000000000000e+00 -0.000000000000000000e+00 0.000000000000000000e+00 4.818229999999999791e+00 -0.000000000000000000e+00 -0.000000000000000000e+00 -0.000000000000000000e+00 4.818229999999999791e+00
-2.022200000000000220e+00 -0.000000000000000000e+00 0.000000000000000000e+00 -0.000000000000000000e+00 -2.022200000000000220e+00 0.000000000000000000e+00 0.000000000000000000e+00 0.000000000000000000e+00 -3.851710000000000189e+00
-2.022200000000000220e+00 -0.000000000000000000e+00 0.000000000000000000e+00 -0.000000000000000000e+00 -2.022200000000000220e+00 0.000000000000000000e+00 0.000000000000000000e+00 0.000000000000000000e+00 -3.851710000000000189e+00
-2.022200000000000220e+00 -0.000000000000000000e+00 0.000000000000000000e+00 -0.000000000000000000e+00 -3.851710000000000189e+00 -0.000000000000000000e+00 0.000000000000000000e+00 -0.000000000000000000e+00 -2.022200000000000220e+00
-2.022200000000000220e+00 -0.000000000000000000e+00 0.000000000000000000e+00 -0.000000000000000000e+00 -3.851710000000000189e+00 -0.000000000000000000e+00 0.000000000000000000e+00 -0.000000000000000000e+00 -2.022200000000000220e+00
-3.851710000000000189e+00 -0.000000000000000000e+00 0.000000000000000000e+00 -0.000000000000000000e+00 -2.022200000000000220e+00 -0.000000000000000000e+00 0.000000000000000000e+00 -0.000000000000000000e+00 -2.022200000000000220e+00
-3.851710000000000189e+00 -0.000000000000000000e+00 0.000000000000000000e+00 -0.000000000000000000e+00 -2.022200000000000220e+00 -0.000000000000000000e+00 0.000000000000000000e+00 0.000000000000000000e+00 -2.022200000000000220e+00
