-7.760825565993534347e-02
-4.036100296606308369e-02
-4.036073213393169545e-02
6.835739839051360178e-01
6.835739861640823811e-01
7.132663135725276771e-01
7.132663200775622991e-01
1.165900928980005524e+00
1.165900930552678627e+00
1.269234391138998053e+00
1.269234395748480182e+00
1.270375072755034029e+00
1.349900593335234822e+00
1.409869117732053923e+00
1.742303912963180990e+00
2.123931511234876446e+00
2.123931515993271457e+00
2.701271254130666488e+00
2.701271255890122180e+00
3.118178328855626180e+00
3.141270076125991295e+00
3.141270077857626131e+00
4.076965557013655150e+00
4.076965558358730313e+00
4.110876497033157939e+00
4.191381756139306525e+00
4.452050798822615896e+00
4.750646152891930818e+00
4.750646153508986558e+00
4.854787930578214450e+00
4.854787931318164773e+00
5.069272338055155203e+00
5.069272339383579684e+00
5.498864722440927721e+00
5.498864723532476795e+00
6.027703933538189673e+00
6.183416877054160210e+00
6.183416879006164102e+00
6.350533416617210491e+00
6.462809506493932155e+00
6.965099764123621640e+00
7.255814890229287606e+00
7.255814890818813367e+00
7.555195131031410938e+00
8.221844810159463890e+00
8.221844810589757913e+00
8.453062950514096840e+00
8.475588271157761255e+00
8.475588272100939236e+00
8.669575524618464257e+00
8.669575525138775163e+00
9.733249929111579490e+00
1.006074945665660714e+01
1.076307144476352740e+01
1.076307144533624083e+01
1.108575743682979819e+01
1.108575743769342381e+01
1.131021439931137174e+01
1.189742957737191453e+01
1.189742957827126979e+01
1.275150415742252186e+01
1.275150415749640054e+01
1.311836294559413574e+01
1.312930311596070965e+01
1.317032112855618387e+01
1.387328270383285300e+01
1.407024871163277702e+01
1.432299596415896481e+01
1.508236194316596901e+01
1.508236194354056892e+01
1.520347746395608723e+01
1.520347746438045533e+01
2.157556616619763545e+01
2.203620123959758459e+01
2.203620123993590241e+01
2.223409362429775982e+01
2.223409362448629167e+01
2.263609118814540011e+01
2.263609118817375787e+01
2.278933037916869253e+01
2.278933037950688600e+01
2.333747755926363254e+01
2.343640335959558385e+01
2.474266893937223699e+01
2.575914075313858120e+01
2.575914075345600196e+01
2.599123680584349927e+01
2.599123680597425334e+01
2.668160490431770526e+01
2.749544238125600160e+01
