2.443340000000000067e+00 -2.116000000000000172e-02 -5.992000000000000104e-02 2.154999999999999971e-02 2.470479999999999787e+00 -4.816999999999999754e-02 -1.958000000000000018e-02 -8.906999999999999640e-02 2.637199999999999989e+00
2.443340000000000067e+00 2.116000000000000172e-02 -5.992000000000000104e-02 -2.154999999999999971e-02 2.470479999999999787e+00 4.816999999999999754e-02 -1.958000000000000018e-02 8.906999999999999640e-02 2.637199999999999989e+00
2.443340000000000067e+00 -2.116000000000000172e-02 -5.992000000000000104e-02 2.154999999999999971e-02 2.470479999999999787e+00 -4.816999999999999754e-02 -1.958000000000000018e-02 -8.906999999999999640e-02 2.637199999999999989e+00
2.443340000000000067e+00 2.116000000000000172e-02 -5.992000000000000104e-02 -2.154999999999999971e-02 2.470479999999999787e+00 4.816999999999999754e-02 -1.958000000000000018e-02 8.906999999999999640e-02 2.637199999999999989e+00
2.478219999999999867e+00 4.470999999999999974e-02 2.002999999999999919e-02 2.206999999999999934e-02 2.780489999999999906e+00 1.308999999999999921e-02 9.849999999999999381e-03 4.356999999999999762e-02 2.346490000000000187e+00
2.478219999999999867e+00 -4.470999999999999974e-02 2.002999999999999919e-02 -2.206999999999999934e-02 2.780489999999999906e+00 -1.308999999999999921e-02 9.849999999999999381e-03 -4.356999999999999762e-02 2.346490000000000187e+00
2.478219999999999867e+00 4.470999999999999974e-02 2.002999999999999919e-02 2.206999999999999934e-02 2.780489999999999906e+00 1.308999999999999921e-02 9.849999999999999381e-03 4.356999999999999762e-02 2.346490000000000187e+00
2.478219999999999867e+00 -4.470999999999999974e-02 2.002999999999999919e-02 -2.206999999999999934e-02 2.780489999999999906e+00 -1.308999999999999921e-02 9.849999999999999381e-03 -4.356999999999999762e-02 2.346490000000000187e+00
2.908079999999999998e+00 -3.969999999999999571e-03 4.605000000000000066e-02 1.770000000000000089e-03 2.900339999999999918e+00 4.499999999999999877e-04 9.909999999999999365e-02 2.391000000000000070e-02 2.611679999999999779e+00
2.908079999999999998e+00 3.969999999999999571e-03 4.605000000000000066e-02 -1.770000000000000089e-03 2.900339999999999918e+00 -4.499999999999999877e-04 9.909999999999999365e-02 -2.391000000000000070e-02 2.611679999999999779e+00
2.908079999999999998e+00 -3.969999999999999571e-03 4.605000000000000066e-02 1.770000000000000089e-03 2.900339999999999918e+00 4.499999999999999877e-04 9.909999999999999365e-02 2.391000000000000070e-02 2.611679999999999779e+00
2.908079999999999998e+00 3.969999999999999571e-03 4.605000000000000066e-02 -1.770000000000000089e-03 2.900339999999999918e+00 -4.499999999999999877e-04 9.909999999999999365e-02 -2.391000000000000070e-02 2.611679999999999779e+00
-2.214770000000000127e+00 -1.361400000000000110e-01 -3.960299999999999931e-01 -1.004199999999999954e-01 -1.693200000000000038e+00 -1.145300000000000068e-01 -4.468099999999999850e-01 -7.531999999999999806e-02 -1.980569999999999942e+00
-2.214770000000000127e+00 1.361400000000000110e-01 -3.960299999999999931e-01 1.004199999999999954e-01 -1.693200000000000038e+00 1.145300000000000068e-01 -4.468099999999999850e-01 7.531999999999999806e-02 -1.980569999999999942e+00
-2.214770000000000127e+00 -1.361400000000000110e-01 -3.960299999999999931e-01 -1.004199999999999954e-01 -1.693200000000000038e+00 -1.145300000000000068e-01 -4.468099999999999850e-01 -7.531999999999999806e-02 -1.980569999999999942e+00
-2.214770000000000127e+00 1.361400000000000110e-01 -3.960299999999999931e-01 1.004199999999999954e-01 -1.693200000000000038e+00 1.145300000000000068e-01 -4.468099999999999850e-01 7.531999999999999806e-02 -1.980569999999999942e+00
-2.259220000000000006e+00 2.684400000000000119e-01 2.499200000000000033e-01 2.471899999999999931e-01 -1.921210000000000084e+00 -1.268400000000000083e-01 2.651399999999999868e-01 -1.300600000000000089e-01 -1.721160000000000023e+00
-2.259220000000000006e+00 -2.684400000000000119e-01 2.499200000000000033e-01 -2.471899999999999931e-01 -1.921210000000000084e+00 1.268400000000000083e-01 2.651399999999999868e-01 1.300600000000000089e-01 -1.721160000000000023e+00
-2.259220000000000006e+00 2.684400000000000119e-01 2.499200000000000033e-01 2.471899999999999931e-01 -1.921210000000000084e+00 -1.268400000000000083e-01 2.651399999999999868e-01 -1.300600000000000089e-01 -1.721160000000000023e+00
-2.259220000000000006e+00 -2.684400000000000119e-01 2.499200000000000033e-01 -2.471899999999999931e-01 -1.921210000000000084e+00 1.268400000000000083e-01 2.651399999999999868e-01 1.300600000000000089e-01 -1.721160000000000023e+00
-1.803919999999999968e+00 -1.035699999999999954e-01 9.904999999999999916e-02 -1.019700000000000051e-01 -1.862090000000000023e+00 2.745799999999999907e-01 4.567999999999999838e-02 2.552099999999999924e-01 -2.274750000000000050e+00
-1.803919999999999968e+00 1.035699999999999954e-01 9.904999999999999916e-02 1.019700000000000051e-01 -1.862090000000000023e+00 -2.745799999999999907e-01 4.567999999999999838e-02 -2.552099999999999924e-01 -2.274750000000000050e+00
-1.803919999999999968e+00 -1.035699999999999954e-01 9.904999999999999916e-02 -1.019700000000000051e-01 -1.862090000000000023e+00 2.745799999999999907e-01 4.567999999999999838e-02 2.552099999999999924e-01 -2.274750000000000050e+00
-1.803919999999999968e+00 1.035699999999999954e-01 9.904999999999999916e-02 1.019700000000000051e-01 -1.862090000000000023e+00 -2.745799999999999907e-01 4.567999999999999838e-02 -2.552099999999999924e-01 -2.274750000000000050e+00
-1.551730000000000054e+00 1.193899999999999961e-01 4.089000000000000273e-02 1.021399999999999947e-01 -2.674809999999999910e+00 8.813999999999999613e-02 4.662000000000000172e-02 8.426999999999999769e-02 -1.618910000000000071e+00
-1.551730000000000054e+00 -1.193899999999999961e-01 4.089000000000000273e-02 -1.021399999999999947e-01 -2.674809999999999910e+00 -8.813999999999999613e-02 4.662000000000000172e-02 -8.426999999999999769e-02 -1.618910000000000071e+00
-1.551730000000000054e+00 1.193899999999999961e-01 4.089000000000000273e-02 1.021399999999999947e-01 -2.674809999999999910e+00 8.813999999999999613e-02 4.662000000000000172e-02 8.426999999999999769e-02 -1.618910000000000071e+00
-1.551730000000000054e+00 -1.193899999999999961e-01 4.089000000000000273e-02 -1.021399999999999947e-01 -2.674809999999999910e+00 -8.813999999999999613e-02 4.662000000000000172e-02 -8.426999999999999769e-02 -1.618910000000000071e+00
