1.443859999999999921e+00 -1.971600000000000019e-01 -0.000000000000000000e+00 8.566000000000000003e-02 1.278939999999999966e+00 -0.000000000000000000e+00 0.000000000000000000e+00 0.000000000000000000e+00 1.092119999999999980e+00
1.443859999999999921e+00 1.971600000000000019e-01 -0.000000000000000000e+00 -8.566000000000000003e-02 1.278939999999999966e+00 0.000000000000000000e+00 0.000000000000000000e+00 0.000000000000000000e+00 1.092119999999999980e+00
1.443859999999999921e+00 -1.971600000000000019e-01 -0.000000000000000000e+00 8.566000000000000003e-02 1.278939999999999966e+00 -0.000000000000000000e+00 0.000000000000000000e+00 0.000000000000000000e+00 1.092119999999999980e+00
1.443859999999999921e+00 1.971600000000000019e-01 0.000000000000000000e+00 -8.566000000000000003e-02 1.278939999999999966e+00 0.000000000000000000e+00 0.000000000000000000e+00 0.000000000000000000e+00 1.092119999999999980e+00
2.675990000000000091e+00 1.924599999999999922e-01 0.000000000000000000e+00 -3.255199999999999760e-01 3.458239999999999981e+00 0.000000000000000000e+00 0.000000000000000000e+00 0.000000000000000000e+00 4.687870000000000203e+00
2.675990000000000091e+00 -1.924599999999999922e-01 0.000000000000000000e+00 3.255199999999999760e-01 3.458239999999999981e+00 0.000000000000000000e+00 0.000000000000000000e+00 0.000000000000000000e+00 4.687870000000000203e+00
2.675990000000000091e+00 1.924599999999999922e-01 0.000000000000000000e+00 -3.255199999999999760e-01 3.458239999999999981e+00 -0.000000000000000000e+00 0.000000000000000000e+00 0.000000000000000000e+00 4.687870000000000203e+00
2.675990000000000091e+00 -1.924599999999999922e-01 0.000000000000000000e+00 3.255199999999999760e-01 3.458239999999999981e+00 0.000000000000000000e+00 0.000000000000000000e+00 0.000000000000000000e+00 4.687870000000000203e+00
-1.039379999999999971e+00 7.333800000000000319e-01 0.000000000000000000e+00 7.694299999999999473e-01 -2.260130000000000194e+00 -0.000000000000000000e+00 0.000000000000000000e+00 0.000000000000000000e+00 -8.527500000000000080e-01
-1.039379999999999971e+00 -7.333800000000000319e-01 -0.000000000000000000e+00 -7.694299999999999473e-01 -2.260130000000000194e+00 0.000000000000000000e+00 0.000000000000000000e+00 0.000000000000000000e+00 -8.527500000000000080e-01
-1.039379999999999971e+00 7.333800000000000319e-01 -0.000000000000000000e+00 7.694299999999999473e-01 -2.260130000000000194e+00 -0.000000000000000000e+00 0.000000000000000000e+00 0.000000000000000000e+00 -8.527500000000000080e-01
-1.039379999999999971e+00 -7.333800000000000319e-01 0.000000000000000000e+00 -7.694299999999999473e-01 -2.260130000000000194e+00 -0.000000000000000000e+00 0.000000000000000000e+00 0.000000000000000000e+00 -8.527500000000000080e-01
-2.250609999999999999e+00 -1.491000000000000103e-01 0.000000000000000000e+00 -1.651700000000000113e-01 -7.209400000000000253e-01 0.000000000000000000e+00 0.000000000000000000e+00 0.000000000000000000e+00 -8.375299999999999967e-01
-2.250609999999999999e+00 1.491000000000000103e-01 0.000000000000000000e+00 1.651700000000000113e-01 -7.209400000000000253e-01 0.000000000000000000e+00 0.000000000000000000e+00 0.000000000000000000e+00 -8.375299999999999967e-01
-2.250609999999999999e+00 -1.491000000000000103e-01 0.000000000000000000e+00 -1.651700000000000113e-01 -7.209400000000000253e-01 0.000000000000000000e+00 0.000000000000000000e+00 0.000000000000000000e+00 -8.375299999999999967e-01
-2.250609999999999999e+00 1.491000000000000103e-01 0.000000000000000000e+00 1.651700000000000113e-01 -7.209400000000000253e-01 -0.000000000000000000e+00 0.000000000000000000e+00 0.000000000000000000e+00 -8.375299999999999967e-01
-8.298600000000000421e-01 0.000000000000000000e+00 0.000000000000000000e+00 0.000000000000000000e+00 -1.756110000000000060e+00 1.501770000000000049e+00 0.000000000000000000e+00 2.179619999999999891e+00 -4.089719999999999800e+00
-8.298600000000000421e-01 0.000000000000000000e+00 -0.000000000000000000e+00 0.000000000000000000e+00 -1.756110000000000060e+00 -1.501770000000000049e+00 0.000000000000000000e+00 -2.179619999999999891e+00 -4.089719999999999800e+00
-8.298600000000000421e-01 0.000000000000000000e+00 -0.000000000000000000e+00 0.000000000000000000e+00 -1.756110000000000060e+00 1.501770000000000049e+00 0.000000000000000000e+00 2.179619999999999891e+00 -4.089719999999999800e+00
-8.298600000000000421e-01 0.000000000000000000e+00 -0.000000000000000000e+00 0.000000000000000000e+00 -1.756110000000000060e+00 -1.501770000000000049e+00 0.000000000000000000e+00 -2.179619999999999891e+00 -4.089719999999999800e+00
