-6.433381472619485730e-02
-3.479820821435918726e-02
-2.703898430719164220e-02
2.205738370151857364e+00
2.423582573865599610e+00
2.447935869179939328e+00
2.749221213493993954e+00
3.289745796754028895e+00
3.932028460870611308e+00
4.020117573494795593e+00
4.418463785403101696e+00
4.443712804676711592e+00
4.581615998161011838e+00
5.010060562833213993e+00
5.306560592812562760e+00
5.360789572709744100e+00
5.651109466581691443e+00
5.900390892733133441e+00
6.003974254218030104e+00
6.090583404139906953e+00
6.376867082922264451e+00
6.391161552390497214e+00
6.541463316166088227e+00
7.270421741575177954e+00
7.276990013119712941e+00
7.440398870720918545e+00
7.886052354278303866e+00
7.910868752463105835e+00
8.089684831616070326e+00
8.701124063793962193e+00
8.980642846628889231e+00
9.339860762971678554e+00
1.004021263288942656e+01
1.026603840443144477e+01
1.065759763290214401e+01
1.163978653672610442e+01
1.175024634606747043e+01
1.186685959312901062e+01
1.190434860184549137e+01
1.252791707493907580e+01
1.290955899761166492e+01
1.327026019278427071e+01
1.332792090544289110e+01
1.419012981924444183e+01
1.479974241982741567e+01
1.497070885300865228e+01
1.506394785365217359e+01
1.577403311719890233e+01
2.123568994794053566e+01
2.171830598174813431e+01
2.199576309907716265e+01
2.275005348435239938e+01
2.315147252406443457e+01
2.331245197191666918e+01
2.334729879014752996e+01
2.447591801258076316e+01
2.487633822656758298e+01
2.596833923356808782e+01
2.673469184260934384e+01
2.687711694794485595e+01
