2.185090000000000199e+00 -2.223299999999999998e-01 4.704999999999999738e-01 -9.120000000000000329e-02 1.675610000000000044e+00 7.513999999999999846e-02 8.483699999999999575e-01 -1.263100000000000056e-01 2.037539999999999907e+00
2.185090000000000199e+00 2.223299999999999998e-01 4.704999999999999738e-01 9.120000000000000329e-02 1.675610000000000044e+00 -7.513999999999999846e-02 8.483699999999999575e-01 1.263100000000000056e-01 2.037539999999999907e+00
2.185090000000000199e+00 -2.223299999999999998e-01 4.704999999999999738e-01 -9.120000000000000329e-02 1.675610000000000044e+00 7.513999999999999846e-02 8.483699999999999575e-01 -1.263100000000000056e-01 2.037539999999999907e+00
2.185090000000000199e+00 2.223299999999999998e-01 4.704999999999999738e-01 9.120000000000000329e-02 1.675610000000000044e+00 -7.513999999999999846e-02 8.483699999999999575e-01 1.263100000000000056e-01 2.037539999999999907e+00
6.641460000000000363e+00 0.000000000000000000e+00 4.174700000000000077e-01 0.000000000000000000e+00 5.164909999999999890e+00 -0.000000000000000000e+00 -1.149080000000000101e+00 -0.000000000000000000e+00 7.487379999999999924e+00
6.641460000000000363e+00 0.000000000000000000e+00 4.174700000000000077e-01 0.000000000000000000e+00 5.164909999999999890e+00 -0.000000000000000000e+00 -1.149080000000000101e+00 -0.000000000000000000e+00 7.487379999999999924e+00
-3.232790000000000052e+00 1.261100000000000110e+00 4.544699999999999851e-01 1.152220000000000022e+00 -2.494289999999999896e+00 -4.518599999999999839e-01 8.181599999999999984e-01 -9.885300000000000198e-01 -1.175599999999999978e+00
-3.232790000000000052e+00 -1.261100000000000110e+00 4.544699999999999851e-01 -1.152220000000000022e+00 -2.494289999999999896e+00 4.518599999999999839e-01 8.181599999999999984e-01 9.885300000000000198e-01 -1.175599999999999978e+00
-3.232790000000000052e+00 1.261100000000000110e+00 4.544699999999999851e-01 1.152220000000000022e+00 -2.494289999999999896e+00 -4.518599999999999839e-01 8.181599999999999984e-01 -9.885300000000000198e-01 -1.175599999999999978e+00
-3.232790000000000052e+00 -1.261100000000000110e+00 4.544699999999999851e-01 -1.152220000000000022e+00 -2.494289999999999896e+00 4.518599999999999839e-01 8.181599999999999984e-01 9.885300000000000198e-01 -1.175599999999999978e+00
-2.273029999999999884e+00 6.344800000000000439e-01 -1.133709999999999996e+00 4.118299999999999739e-01 -1.763779999999999903e+00 -6.865499999999999936e-01 -1.091990000000000016e+00 -6.774499999999999966e-01 -4.605629999999999669e+00
-2.273029999999999884e+00 -6.344800000000000439e-01 -1.133709999999999996e+00 -4.118299999999999739e-01 -1.763779999999999903e+00 6.865499999999999936e-01 -1.091990000000000016e+00 6.774499999999999966e-01 -4.605629999999999669e+00
-2.273029999999999884e+00 -6.344800000000000439e-01 -1.133709999999999996e+00 -4.118299999999999739e-01 -1.763779999999999903e+00 6.865499999999999936e-01 -1.091990000000000016e+00 6.774499999999999966e-01 -4.605629999999999669e+00
-2.273029999999999884e+00 6.344800000000000439e-01 -1.133709999999999996e+00 4.118299999999999739e-01 -1.763779999999999903e+00 -6.865499999999999936e-01 -1.091990000000000016e+00 -6.774499999999999966e-01 -4.605629999999999669e+00
