2.173059999999999992e+00 0.000000000000000000e+00 -2.625299999999999856e-01 0.000000000000000000e+00 1.918539999999999912e+00 0.000000000000000000e+00 -1.127500000000000030e-01 0.000000000000000000e+00 2.863329999999999931e+00
2.173059999999999992e+00 0.000000000000000000e+00 2.625299999999999856e-01 0.000000000000000000e+00 1.918539999999999912e+00 0.000000000000000000e+00 1.127500000000000030e-01 0.000000000000000000e+00 2.863329999999999931e+00
2.173059999999999992e+00 0.000000000000000000e+00 -2.625299999999999856e-01 0.000000000000000000e+00 1.918539999999999912e+00 0.000000000000000000e+00 -1.127500000000000030e-01 0.000000000000000000e+00 2.863329999999999931e+00
2.173059999999999992e+00 0.000000000000000000e+00 2.625299999999999856e-01 0.000000000000000000e+00 1.918539999999999912e+00 0.000000000000000000e+00 1.127500000000000030e-01 0.000000000000000000e+00 2.863329999999999931e+00
3.328009999999999913e+00 0.000000000000000000e+00 0.000000000000000000e+00 0.000000000000000000e+00 3.084779999999999855e+00 0.000000000000000000e+00 0.000000000000000000e+00 0.000000000000000000e+00 3.704530000000000101e+00
3.328009999999999913e+00 0.000000000000000000e+00 0.000000000000000000e+00 0.000000000000000000e+00 3.084779999999999855e+00 0.000000000000000000e+00 0.000000000000000000e+00 0.000000000000000000e+00 3.704530000000000101e+00
-1.918530000000000069e+00 -3.966399999999999926e-01 -6.416199999999999681e-01 -2.259500000000000119e-01 -1.730460000000000109e+00 2.258999999999999897e-01 -6.020999999999999686e-01 -3.049000000000000044e-01 -2.357800000000000118e+00
-1.918530000000000069e+00 3.966399999999999926e-01 6.416199999999999681e-01 2.259500000000000119e-01 -1.730460000000000109e+00 2.258999999999999897e-01 6.020999999999999686e-01 -3.049000000000000044e-01 -2.357800000000000118e+00
-1.918530000000000069e+00 3.966399999999999926e-01 -6.416199999999999681e-01 2.259500000000000119e-01 -1.730460000000000109e+00 -2.258999999999999897e-01 -6.020999999999999686e-01 3.049000000000000044e-01 -2.357800000000000118e+00
-1.918530000000000069e+00 -3.966399999999999926e-01 6.416199999999999681e-01 -2.259500000000000119e-01 -1.730460000000000109e+00 -2.258999999999999897e-01 6.020999999999999686e-01 3.049000000000000044e-01 -2.357800000000000118e+00
-1.918530000000000069e+00 -3.966399999999999926e-01 -6.416199999999999681e-01 -2.259500000000000119e-01 -1.730460000000000109e+00 2.258999999999999897e-01 -6.020999999999999686e-01 -3.049000000000000044e-01 -2.357800000000000118e+00
-1.918530000000000069e+00 3.966399999999999926e-01 6.416199999999999681e-01 2.259500000000000119e-01 -1.730460000000000109e+00 2.258999999999999897e-01 6.020999999999999686e-01 -3.049000000000000044e-01 -2.357800000000000118e+00
-1.918530000000000069e+00 -3.966399999999999926e-01 6.416199999999999681e-01 -2.259500000000000119e-01 -1.730460000000000109e+00 -2.258999999999999897e-01 6.020999999999999686e-01 3.049000000000000044e-01 -2.357800000000000118e+00
-1.918530000000000069e+00 3.966399999999999926e-01 -6.416199999999999681e-01 2.259500000000000119e-01 -1.730460000000000109e+00 -2.258999999999999897e-01 -6.020999999999999686e-01 3.049000000000000044e-01 -2.357800000000000118e+00
