-6.477387297830511370e-02
-5.159322910099125442e-02
-2.580584828613012235e-02
2.450392598698893920e+00
3.053944851148549411e+00
3.109956455422749233e+00
3.517103288151493423e+00
3.549089534953846936e+00
4.324815005434295756e+00
4.768348166250546250e+00
5.271533787017213868e+00
5.865224017096475784e+00
7.244351906434031818e+00
7.328035211626196421e+00
7.590338630548613352e+00
8.552589202319246908e+00
9.009153690138862913e+00
9.096904032416327723e+00
1.126704978308208638e+01
1.196205824528646744e+01
1.218830562646180482e+01
1.281637805175156331e+01
1.293221809676888512e+01
1.307670151553376314e+01
1.367747033566040393e+01
1.540556979142141714e+01
1.643889600915909099e+01
1.671834404113123895e+01
1.690131262458782757e+01
1.843231189469431897e+01
