-2.275609165515964441e-02
-2.275609165089373040e-02
-1.058442358966363468e-02
3.004040327143008948e+00
4.074131702975463121e+00
4.074131702975478220e+00
4.247885230944591584e+00
4.247885230944601354e+00
5.533635063153700351e+00
5.547476621638724126e+00
5.547476621638732119e+00
5.884438406119039122e+00
5.884438406119049780e+00
6.088300395837169532e+00
6.285502901477685533e+00
6.924430898325089956e+00
7.566301269607157209e+00
7.925591959112186835e+00
7.925591959112190388e+00
8.912222288836749939e+00
8.912222288836753492e+00
9.234938242780430073e+00
9.483036334051977434e+00
1.129273760955422468e+01
1.164924170043179963e+01
1.164924170043180318e+01
1.241934266858843472e+01
1.248285055844302605e+01
2.302985860894710868e+01
2.359262681161294495e+01
2.359262681161294495e+01
2.367654984834595311e+01
2.367654984834595666e+01
2.497540549235769447e+01
2.614082808331233210e+01
2.624514700408731116e+01
