-8.370650975112380043e-02
-5.080955572619201555e-02
-4.237316929689725203e-02
2.228551285632446977e+00
2.269250439277204379e+00
2.480675920616898900e+00
2.606198494370222107e+00
2.781449983650097657e+00
2.804441657408446531e+00
2.853050452292698935e+00
3.214121611017032087e+00
3.421133043346810787e+00
3.503267290894255925e+00
3.570207636557856112e+00
3.707468282818979777e+00
3.862136964148962903e+00
4.099598123658315885e+00
4.133641491450241290e+00
4.513715424280932531e+00
4.743280002398466699e+00
4.792181848641722475e+00
5.215418787503439013e+00
5.314536555181923028e+00
5.348644624708870587e+00
5.452061160345730073e+00
5.744939482443395917e+00
5.855337783835293131e+00
5.880436965551878004e+00
6.312696439701561246e+00
6.454306306745325905e+00
6.865455527091119947e+00
6.922059545704985162e+00
7.096912666975272899e+00
7.596964362487996780e+00
7.737681856613941811e+00
7.962070840221521451e+00
8.126386216559552622e+00
8.485936455973439152e+00
8.562867815702805530e+00
8.643027321297358512e+00
8.732314135139423783e+00
8.778180435479656651e+00
9.712307734899731315e+00
9.956409142170517867e+00
1.026865279205477499e+01
1.050245860374018037e+01
1.114647107098104861e+01
1.129576932637203690e+01
1.154955521781811889e+01
1.188643210745443568e+01
1.281547641549702554e+01
1.291158271504094124e+01
1.296370580496321523e+01
1.310448117527192835e+01
1.365531223454954635e+01
1.371731883864422308e+01
1.400281399428980755e+01
1.454404665292225651e+01
1.457418265273967428e+01
1.494475142754179409e+01
1.538836941739448072e+01
1.571916584631756564e+01
2.199104238728547145e+01
2.228061506487224008e+01
2.250009050029072810e+01
2.338280372962320541e+01
2.369575928938872877e+01
2.388730973137301206e+01
2.405352433612547003e+01
2.407411705097188204e+01
2.423518908726020982e+01
2.441628676273131404e+01
2.485566341658621070e+01
2.493722063941708456e+01
2.521155314998582853e+01
2.550270104964637241e+01
2.572474992514148084e+01
2.652781280605243808e+01
