-2.961165275476110997e-02
-2.737553582091310778e-02
-1.522054680212275163e-02
2.446884582523455531e+00
2.854370264605708307e+00
2.881343135590315185e+00
3.198366976856918509e+00
3.264507058007096951e+00
3.309140868704534721e+00
3.362805647309254908e+00
3.717262477647803820e+00
3.935409044264442713e+00
4.059300441134254811e+00
4.214544219669595471e+00
4.312215583368715244e+00
4.465362108400287688e+00
4.485541123527457152e+00
4.741616462818102562e+00
4.831388719022861267e+00
5.399623269726803620e+00
5.408469916323445759e+00
5.814378473837455985e+00
6.271808024022077710e+00
6.273479907206767514e+00
6.616641798615224168e+00
6.805387894175912500e+00
6.956089652724965156e+00
7.346273798024716584e+00
7.602970525257496170e+00
7.648480217420674521e+00
7.752205979579009032e+00
7.866158300974903206e+00
7.921893246404395406e+00
8.205191067292950891e+00
8.831680311557850160e+00
9.657091066690318470e+00
9.928899379971721117e+00
1.040168625345522990e+01
1.054809675235219224e+01
1.130425258932843136e+01
1.151449028720839429e+01
1.168349075323979314e+01
1.182982690533884274e+01
1.262658352382692861e+01
1.267375781100879806e+01
1.281864569783028429e+01
1.289942510104184592e+01
1.345720325742337842e+01
1.608857201747265719e+01
1.620058131503127186e+01
1.629974080518206137e+01
1.661207957289739667e+01
1.666141754290110910e+01
1.681528644418549590e+01
1.690631564348921856e+01
1.701351062884755549e+01
1.811544010798337112e+01
1.985869217221463856e+01
2.313080468868662010e+01
2.332450491072173904e+01
