-4.653734943508126831e-02
-4.282699527447831472e-02
-3.064684278238184040e-02
7.933204664546967821e-01
8.470711740420935332e-01
1.059824254915190833e+00
1.271238390587912326e+00
1.365548596276356719e+00
1.375966897345775708e+00
3.008636814465356579e+00
3.110766467333000662e+00
3.118493017853466664e+00
4.114002008528748533e+00
4.248760226064923984e+00
5.120985558751540268e+00
5.607886665424580031e+00
5.936535636076293088e+00
5.955216116616720790e+00
6.075998490940815344e+00
6.331863403259029077e+00
6.719856094849172123e+00
6.803815137786164868e+00
6.815416440773821805e+00
7.653242062219955066e+00
8.090221270980215706e+00
8.289215855200250616e+00
8.792285482294639465e+00
9.373967529541676669e+00
9.815907163020122894e+00
1.005072053038496627e+01
1.056631158047078145e+01
1.066453499560059015e+01
1.137174492061824260e+01
1.183629768946721050e+01
1.234366722289500373e+01
1.269812134665061265e+01
1.271913141834670213e+01
1.291690654706472863e+01
1.297735697115337494e+01
1.324523280752450027e+01
1.372530015132713288e+01
1.456412915369287475e+01
1.837364504557975664e+01
1.891664349065903039e+01
1.941370889346627138e+01
1.993563813546470342e+01
2.038159361726734886e+01
2.119383537204610946e+01
2.195085656673861862e+01
2.198498071291099265e+01
2.282619816984346528e+01
2.490894719724364137e+01
2.708729673704228347e+01
2.887984939459409972e+01
