2.397650000000000059e+00 3.770700000000000163e-01 1.874200000000000033e-01 3.770700000000000163e-01 2.397650000000000059e+00 1.874200000000000033e-01 -5.201999999999999680e-02 -5.201999999999999680e-02 2.610110000000000152e+00
2.397650000000000059e+00 3.770700000000000163e-01 -1.874200000000000033e-01 3.770700000000000163e-01 2.397650000000000059e+00 -1.874200000000000033e-01 5.201999999999999680e-02 5.201999999999999680e-02 2.610110000000000152e+00
2.397650000000000059e+00 -3.770700000000000163e-01 1.874200000000000033e-01 -3.770700000000000163e-01 2.397650000000000059e+00 -1.874200000000000033e-01 -5.201999999999999680e-02 5.201999999999999680e-02 2.610110000000000152e+00
2.397650000000000059e+00 -3.770700000000000163e-01 -1.874200000000000033e-01 -3.770700000000000163e-01 2.397650000000000059e+00 1.874200000000000033e-01 5.201999999999999680e-02 -5.201999999999999680e-02 2.610110000000000152e+00
2.146819999999999951e+00 6.926000000000000212e-02 0.000000000000000000e+00 -6.926000000000000212e-02 2.146819999999999951e+00 0.000000000000000000e+00 0.000000000000000000e+00 0.000000000000000000e+00 1.389240000000000030e+00
2.146819999999999951e+00 -6.926000000000000212e-02 0.000000000000000000e+00 6.926000000000000212e-02 2.146819999999999951e+00 -0.000000000000000000e+00 0.000000000000000000e+00 0.000000000000000000e+00 1.389240000000000030e+00
2.839970000000000105e+00 1.149700000000000027e-01 -7.471999999999999476e-02 1.149700000000000027e-01 2.839970000000000105e+00 -7.471999999999999476e-02 5.473999999999999699e-02 5.473999999999999699e-02 2.974040000000000017e+00
2.839970000000000105e+00 1.149700000000000027e-01 7.471999999999999476e-02 1.149700000000000027e-01 2.839970000000000105e+00 7.471999999999999476e-02 -5.473999999999999699e-02 -5.473999999999999699e-02 2.974040000000000017e+00
2.839970000000000105e+00 -1.149700000000000027e-01 -7.471999999999999476e-02 -1.149700000000000027e-01 2.839970000000000105e+00 7.471999999999999476e-02 5.473999999999999699e-02 -5.473999999999999699e-02 2.974040000000000017e+00
2.839970000000000105e+00 -1.149700000000000027e-01 7.471999999999999476e-02 -1.149700000000000027e-01 2.839970000000000105e+00 -7.471999999999999476e-02 -5.473999999999999699e-02 5.473999999999999699e-02 2.974040000000000017e+00
-2.121509999999999785e+00 -7.856199999999999850e-01 0.000000000000000000e+00 -7.856199999999999850e-01 -2.121509999999999785e+00 -0.000000000000000000e+00 0.000000000000000000e+00 0.000000000000000000e+00 -1.674770000000000092e+00
-1.678269999999999929e+00 6.447999999999999565e-02 -7.074999999999999345e-02 1.801099999999999923e-01 -2.040669999999999984e+00 -1.768299999999999872e-01 -6.583999999999999575e-02 -8.552999999999999492e-02 -1.602430000000000021e+00
-2.040669999999999984e+00 1.801099999999999923e-01 -1.768299999999999872e-01 6.447999999999999565e-02 -1.678269999999999929e+00 -7.074999999999999345e-02 -8.552999999999999492e-02 -6.583999999999999575e-02 -1.602430000000000021e+00
-2.040669999999999984e+00 1.801099999999999923e-01 1.768299999999999872e-01 6.447999999999999565e-02 -1.678269999999999929e+00 7.074999999999999345e-02 8.552999999999999492e-02 6.583999999999999575e-02 -1.602430000000000021e+00
-1.678269999999999929e+00 6.447999999999999565e-02 7.074999999999999345e-02 1.801099999999999923e-01 -2.040669999999999984e+00 1.768299999999999872e-01 6.583999999999999575e-02 8.552999999999999492e-02 -1.602430000000000021e+00
-1.531339999999999923e+00 1.005899999999999989e-01 1.865999999999999950e-02 1.005899999999999989e-01 -1.531339999999999923e+00 -1.865999999999999950e-02 -1.902999999999999831e-02 1.902999999999999831e-02 -2.236530000000000129e+00
-1.531339999999999923e+00 1.005899999999999989e-01 -1.865999999999999950e-02 1.005899999999999989e-01 -1.531339999999999923e+00 1.865999999999999950e-02 1.902999999999999831e-02 -1.902999999999999831e-02 -2.236530000000000129e+00
-1.531339999999999923e+00 -1.005899999999999989e-01 1.865999999999999950e-02 -1.005899999999999989e-01 -1.531339999999999923e+00 1.865999999999999950e-02 -1.902999999999999831e-02 -1.902999999999999831e-02 -2.236530000000000129e+00
-1.531339999999999923e+00 -1.005899999999999989e-01 -1.865999999999999950e-02 -1.005899999999999989e-01 -1.531339999999999923e+00 -1.865999999999999950e-02 1.902999999999999831e-02 1.902999999999999831e-02 -2.236530000000000129e+00
-2.040669999999999984e+00 -1.801099999999999923e-01 -1.768299999999999872e-01 -6.447999999999999565e-02 -1.678269999999999929e+00 7.074999999999999345e-02 -8.552999999999999492e-02 6.583999999999999575e-02 -1.602430000000000021e+00
-1.678269999999999929e+00 -6.447999999999999565e-02 -7.074999999999999345e-02 -1.801099999999999923e-01 -2.040669999999999984e+00 1.768299999999999872e-01 -6.583999999999999575e-02 8.552999999999999492e-02 -1.602430000000000021e+00
-1.678269999999999929e+00 -6.447999999999999565e-02 7.074999999999999345e-02 -1.801099999999999923e-01 -2.040669999999999984e+00 -1.768299999999999872e-01 6.583999999999999575e-02 -8.552999999999999492e-02 -1.602430000000000021e+00
-2.040669999999999984e+00 -1.801099999999999923e-01 1.768299999999999872e-01 -6.447999999999999565e-02 -1.678269999999999929e+00 -7.074999999999999345e-02 8.552999999999999492e-02 -6.583999999999999575e-02 -1.602430000000000021e+00
-2.121509999999999785e+00 7.856199999999999850e-01 0.000000000000000000e+00 7.856199999999999850e-01 -2.121509999999999785e+00 0.000000000000000000e+00 0.000000000000000000e+00 -0.000000000000000000e+00 -1.674770000000000092e+00
