1.465230000000000032e+00 3.350999999999999812e-02 -1.348000000000000066e-02 -1.695999999999999938e-02 1.517320000000000002e+00 -5.060000000000000261e-03 -4.012999999999999901e-02 2.489999999999999852e-02 1.301520000000000010e+00
1.465230000000000032e+00 3.350999999999999812e-02 -1.348000000000000066e-02 -1.695999999999999938e-02 1.517320000000000002e+00 -5.060000000000000261e-03 -4.012999999999999901e-02 2.489999999999999852e-02 1.301520000000000010e+00
1.416530000000000067e+00 -1.242800000000000016e-01 -9.939999999999999183e-03 -1.310699999999999921e-01 1.349350000000000049e+00 6.913999999999999313e-02 -4.220999999999999752e-02 -3.692999999999999755e-02 1.265859999999999985e+00
1.416530000000000067e+00 -1.242800000000000016e-01 -9.939999999999999183e-03 -1.310699999999999921e-01 1.349350000000000049e+00 6.913999999999999313e-02 -4.220999999999999752e-02 -3.692999999999999755e-02 1.265859999999999985e+00
7.555399999999999894e-01 2.668999999999999845e-02 -3.737999999999999656e-02 6.142999999999999849e-02 1.172299999999999898e+00 -4.034999999999999698e-02 9.056000000000000161e-02 1.400899999999999923e-01 1.147319999999999895e+00
7.555399999999999894e-01 2.668999999999999845e-02 -3.737999999999999656e-02 6.142999999999999849e-02 1.172299999999999898e+00 -4.034999999999999698e-02 9.056000000000000161e-02 1.400899999999999923e-01 1.147319999999999895e+00
1.260610000000000008e+00 -9.057999999999999385e-02 1.132999999999999979e-02 1.052999999999999943e-02 7.865900000000000114e-01 -1.331900000000000028e-01 -2.259999999999999856e-02 -1.683399999999999896e-01 1.052100000000000035e+00
1.260610000000000008e+00 -9.057999999999999385e-02 1.132999999999999979e-02 1.052999999999999943e-02 7.865900000000000114e-01 -1.331900000000000028e-01 -2.259999999999999856e-02 -1.683399999999999896e-01 1.052100000000000035e+00
2.958390000000000075e+00 1.830499999999999905e-01 -1.222000000000000031e-01 2.266100000000000059e-01 2.631349999999999856e+00 1.638999999999999832e-02 1.654999999999999874e-02 5.272999999999999909e-02 3.301610000000000156e+00
2.958390000000000075e+00 1.830499999999999905e-01 -1.222000000000000031e-01 2.266100000000000059e-01 2.631349999999999856e+00 1.638999999999999832e-02 1.654999999999999874e-02 5.272999999999999909e-02 3.301610000000000156e+00
-1.865429999999999922e+00 -7.022899999999999698e-01 5.523999999999999744e-02 -8.005299999999999638e-01 -2.410229999999999873e+00 1.709000000000000102e-02 1.898000000000000034e-02 -2.823000000000000162e-02 -1.453659999999999952e+00
-1.865429999999999922e+00 -7.022899999999999698e-01 5.523999999999999744e-02 -8.005299999999999638e-01 -2.410229999999999873e+00 1.709000000000000102e-02 1.898000000000000034e-02 -2.823000000000000162e-02 -1.453659999999999952e+00
-1.856440000000000090e+00 5.951999999999999513e-01 5.147899999999999698e-01 5.907000000000000028e-01 -2.026219999999999910e+00 -5.507499999999999618e-01 4.460500000000000020e-01 -6.580200000000000493e-01 -1.871080000000000076e+00
-1.856440000000000090e+00 5.951999999999999513e-01 5.147899999999999698e-01 5.907000000000000028e-01 -2.026219999999999910e+00 -5.507499999999999618e-01 4.460500000000000020e-01 -6.580200000000000493e-01 -1.871080000000000076e+00
-1.536100000000000021e+00 -1.107199999999999990e-01 3.265399999999999969e-01 -7.643999999999999406e-02 -1.554799999999999960e+00 4.897699999999999831e-01 2.725899999999999990e-01 5.633700000000000374e-01 -2.876329999999999831e+00
-1.536100000000000021e+00 -1.107199999999999990e-01 3.265399999999999969e-01 -7.643999999999999406e-02 -1.554799999999999960e+00 4.897699999999999831e-01 2.725899999999999990e-01 5.633700000000000374e-01 -2.876329999999999831e+00
-2.598339999999999872e+00 1.894000000000000128e-01 -7.248999999999999888e-01 1.357200000000000073e-01 -1.465680000000000094e+00 1.369599999999999984e-01 -7.398000000000000131e-01 1.104099999999999943e-01 -1.867340000000000000e+00
-2.598339999999999872e+00 1.894000000000000128e-01 -7.248999999999999888e-01 1.357200000000000073e-01 -1.465680000000000094e+00 1.369599999999999984e-01 -7.398000000000000131e-01 1.104099999999999943e-01 -1.867340000000000000e+00
