-9.322454970798166318e-02
-5.091320127012004260e-02
-2.573909166379257166e-02
1.628115300961605838e+00
2.276649102870330843e+00
2.344283333113020173e+00
2.463741057242998078e+00
2.571185370672462778e+00
2.711005966859740823e+00
2.913109114265609811e+00
2.982420120905937999e+00
3.088440024637971959e+00
3.303059844764371533e+00
3.315844080306700192e+00
3.394259140127596108e+00
3.615693346806100994e+00
3.782291227159015001e+00
4.028342915401003310e+00
4.035478203915806361e+00
4.225240465118865529e+00
4.296677996659201249e+00
4.478573907591758108e+00
4.561853325082244837e+00
4.693204478316300055e+00
4.753186574661109276e+00
5.046326736178060379e+00
5.101037460630425180e+00
5.354608513112185442e+00
5.396497570126949306e+00
5.554203386032771306e+00
5.565111933374599751e+00
5.630223521232359474e+00
5.715286002231032114e+00
5.908934821243088997e+00
6.003547777601508706e+00
6.300666591068055489e+00
7.677254256955908573e+00
7.999308498808578527e+00
8.089487396330577340e+00
8.263703635786985302e+00
8.319419272468449478e+00
8.391350774586642913e+00
8.778736422459168409e+00
9.022318005522764750e+00
9.275856681093445744e+00
9.625722352340570609e+00
1.703019617582696554e+01
1.705917629924129031e+01
1.723562355750184594e+01
1.745308786501212239e+01
1.775494085344716666e+01
1.896360374437700358e+01
2.050410642573740816e+01
2.056356213826143531e+01
