-3.315379099688872677e-02
-3.315373319458005813e-02
-2.459419135236782031e-02
2.328434319726553348e+00
2.328434321859492506e+00
2.370296687224529020e+00
2.606353980929578817e+00
2.731603376962287388e+00
2.900687238794937173e+00
2.900687240281984547e+00
3.061723736221798386e+00
3.159431555372650191e+00
3.159431557112941213e+00
3.329878604093848615e+00
3.329878605590944396e+00
3.663729192201795382e+00
3.663729193322506017e+00
4.033482154267550968e+00
4.220192521149345843e+00
4.419623343079925881e+00
4.419623343244279745e+00
4.477625405632852384e+00
4.978548189946732094e+00
4.978548190244636906e+00
5.144557886393567259e+00
5.144557887404666907e+00
5.212605753744593784e+00
5.345994685813976410e+00
5.345994687976320492e+00
5.421743906817426684e+00
5.633720511006263365e+00
5.684815726032850236e+00
5.684815726358303678e+00
5.993192250994032300e+00
5.993192251996710240e+00
7.046816002075050100e+00
7.128069138770324109e+00
7.128069139545837984e+00
7.464701679828759318e+00
7.691241080298945931e+00
7.691241081828995796e+00
7.753743034754976726e+00
9.110044151079916830e+00
9.110044151445007898e+00
1.000994028490275767e+01
1.034552142724544943e+01
1.034552142762001026e+01
1.053408431891071473e+01
1.053408431953824298e+01
1.071876086110802717e+01
1.107492383094193933e+01
1.107492383110774981e+01
1.113796154114019821e+01
1.178692846120507909e+01
1.258171288259920040e+01
1.258171288270015431e+01
1.300262427149519695e+01
1.424685766775032825e+01
1.424685766801077946e+01
1.439761092296149592e+01
1.439761092322121350e+01
1.442787428428674090e+01
1.530243696859027125e+01
1.530243696895189487e+01
1.996653441635039528e+01
2.000282710791881158e+01
