2.211190000000000211e+00 0.000000000000000000e+00 -0.000000000000000000e+00 0.000000000000000000e+00 2.211190000000000211e+00 -0.000000000000000000e+00 -0.000000000000000000e+00 -0.000000000000000000e+00 2.211190000000000211e+00
2.211190000000000211e+00 0.000000000000000000e+00 -0.000000000000000000e+00 0.000000000000000000e+00 2.211190000000000211e+00 -0.000000000000000000e+00 -0.000000000000000000e+00 0.000000000000000000e+00 2.211190000000000211e+00
3.038170000000000037e+00 2.916300000000000003e-01 -2.916300000000000003e-01 2.916300000000000003e-01 3.038170000000000037e+00 -2.916300000000000003e-01 -2.916300000000000003e-01 -2.916300000000000003e-01 3.038170000000000037e+00
3.038170000000000037e+00 -2.916300000000000003e-01 2.916300000000000003e-01 -2.916300000000000003e-01 3.038170000000000037e+00 -2.916300000000000003e-01 2.916300000000000003e-01 -2.916300000000000003e-01 3.038170000000000037e+00
3.038170000000000037e+00 -2.916300000000000003e-01 -2.916300000000000003e-01 -2.916300000000000003e-01 3.038170000000000037e+00 2.916300000000000003e-01 -2.916300000000000003e-01 2.916300000000000003e-01 3.038170000000000037e+00
3.038170000000000037e+00 2.916300000000000003e-01 2.916300000000000003e-01 2.916300000000000003e-01 3.038170000000000037e+00 2.916300000000000003e-01 2.916300000000000003e-01 2.916300000000000003e-01 3.038170000000000037e+00
-2.071880000000000166e+00 1.144700000000000023e-01 -1.144700000000000023e-01 1.144700000000000023e-01 -2.071880000000000166e+00 1.144700000000000023e-01 -1.144700000000000023e-01 1.144700000000000023e-01 -2.071880000000000166e+00
-2.071880000000000166e+00 -1.144700000000000023e-01 1.144700000000000023e-01 -1.144700000000000023e-01 -2.071880000000000166e+00 1.144700000000000023e-01 1.144700000000000023e-01 1.144700000000000023e-01 -2.071880000000000166e+00
-2.071880000000000166e+00 -1.144700000000000023e-01 -1.144700000000000023e-01 -1.144700000000000023e-01 -2.071880000000000166e+00 -1.144700000000000023e-01 -1.144700000000000023e-01 -1.144700000000000023e-01 -2.071880000000000166e+00
-2.071880000000000166e+00 1.144700000000000023e-01 1.144700000000000023e-01 1.144700000000000023e-01 -2.071880000000000166e+00 -1.144700000000000023e-01 1.144700000000000023e-01 -1.144700000000000023e-01 -2.071880000000000166e+00
-2.071880000000000166e+00 -1.144700000000000023e-01 -1.144700000000000023e-01 -1.144700000000000023e-01 -2.071880000000000166e+00 -1.144700000000000023e-01 -1.144700000000000023e-01 -1.144700000000000023e-01 -2.071880000000000166e+00
-2.071880000000000166e+00 1.144700000000000023e-01 1.144700000000000023e-01 1.144700000000000023e-01 -2.071880000000000166e+00 -1.144700000000000023e-01 1.144700000000000023e-01 -1.144700000000000023e-01 -2.071880000000000166e+00
-2.071880000000000166e+00 1.144700000000000023e-01 -1.144700000000000023e-01 1.144700000000000023e-01 -2.071880000000000166e+00 1.144700000000000023e-01 -1.144700000000000023e-01 1.144700000000000023e-01 -2.071880000000000166e+00
-2.071880000000000166e+00 -1.144700000000000023e-01 1.144700000000000023e-01 -1.144700000000000023e-01 -2.071880000000000166e+00 1.144700000000000023e-01 1.144700000000000023e-01 1.144700000000000023e-01 -2.071880000000000166e+00
