-5.397825730294824459e-02
-3.148418719990323661e-02
-2.346879817498155954e-02
3.190764622772261028e+00
4.109590569078316769e+00
4.352006700873036316e+00
4.616290828577310101e+00
5.178995002765854672e+00
5.353530577680859714e+00
6.545735468727384543e+00
6.779749878314342837e+00
6.950446719581925947e+00
7.313423172180341325e+00
7.622753143786044738e+00
7.762738157407383710e+00
7.972641163761418959e+00
8.229220319457553501e+00
8.714427096647174409e+00
8.828171955244290103e+00
9.882713446226208731e+00
1.003832879288559354e+01
1.099991357014914861e+01
1.190566290741771205e+01
1.253446407513445315e+01
1.288904892509292566e+01
1.328354511714271169e+01
1.386889041650097809e+01
1.413870879530816005e+01
1.422771957918506303e+01
1.584838041194011460e+01
1.907700188522298390e+01
2.022122292832653301e+01
2.268206651157449372e+01
2.311821149249909624e+01
2.684747851634988436e+01
2.708957982087263261e+01
