-6.216527067475365737e-02
-3.320775854644955616e-02
-2.303411464902662201e-02
2.408405753004874139e+00
2.886081988430542644e+00
3.440162551882854025e+00
3.631493865508417684e+00
3.687094696121378856e+00
4.840685648443727729e+00
5.849119097220667030e+00
6.125008985645206572e+00
6.274642153922241228e+00
6.415283220415003207e+00
6.999186727994225699e+00
7.599151668332789988e+00
7.923403952046718324e+00
8.109705673775838619e+00
8.148808429624279981e+00
8.574394584055770707e+00
9.054417869711649303e+00
1.343261699873107240e+01
1.543854653982371161e+01
1.547624130728284975e+01
1.555805633197275561e+01
1.581553795093080161e+01
1.622728203356539112e+01
1.731587168018727851e+01
1.758618276790371127e+01
2.193796190059323692e+01
2.201253305649176184e+01
2.303362397073945544e+01
2.313198003833341332e+01
2.340083058852879105e+01
2.370513308506706096e+01
2.378109687732353095e+01
2.500629346624260307e+01
