2.514800000000000146e+00 0.000000000000000000e+00 3.781499999999999861e-01 0.000000000000000000e+00 2.664120000000000044e+00 0.000000000000000000e+00 5.841800000000000326e-01 0.000000000000000000e+00 2.568130000000000024e+00
2.514800000000000146e+00 0.000000000000000000e+00 -3.781499999999999861e-01 0.000000000000000000e+00 2.664120000000000044e+00 0.000000000000000000e+00 -5.841800000000000326e-01 0.000000000000000000e+00 2.568130000000000024e+00
2.662189999999999834e+00 0.000000000000000000e+00 -0.000000000000000000e+00 0.000000000000000000e+00 2.211510000000000087e+00 -1.235900000000000054e-01 -0.000000000000000000e+00 -3.196999999999999842e-02 2.873749999999999805e+00
2.662189999999999834e+00 0.000000000000000000e+00 -0.000000000000000000e+00 0.000000000000000000e+00 2.211510000000000087e+00 1.235900000000000054e-01 -0.000000000000000000e+00 3.196999999999999842e-02 2.873749999999999805e+00
5.219789999999999708e+00 0.000000000000000000e+00 -3.342999999999999861e-01 0.000000000000000000e+00 4.898500000000000298e+00 0.000000000000000000e+00 -8.087999999999999357e-02 0.000000000000000000e+00 4.689650000000000318e+00
5.219789999999999708e+00 0.000000000000000000e+00 3.342999999999999861e-01 0.000000000000000000e+00 4.898500000000000298e+00 0.000000000000000000e+00 8.087999999999999357e-02 0.000000000000000000e+00 4.689650000000000318e+00
5.014680000000000248e+00 0.000000000000000000e+00 -0.000000000000000000e+00 0.000000000000000000e+00 5.158240000000000158e+00 2.000300000000000133e-01 -0.000000000000000000e+00 7.273199999999999665e-01 4.366080000000000183e+00
5.014680000000000248e+00 0.000000000000000000e+00 -0.000000000000000000e+00 0.000000000000000000e+00 5.158240000000000158e+00 -2.000300000000000133e-01 -0.000000000000000000e+00 -7.273199999999999665e-01 4.366080000000000183e+00
-2.129760000000000097e+00 5.315900000000000070e-01 2.620899999999999896e-01 5.620500000000000496e-01 -2.317110000000000003e+00 -6.364199999999999857e-01 2.651499999999999968e-01 -6.427599999999999980e-01 -1.957670000000000021e+00
-2.129760000000000097e+00 -5.315900000000000070e-01 -2.620899999999999896e-01 -5.620500000000000496e-01 -2.317110000000000003e+00 -6.364199999999999857e-01 -2.651499999999999968e-01 -6.427599999999999980e-01 -1.957670000000000021e+00
-2.129760000000000097e+00 5.315900000000000070e-01 -2.620899999999999896e-01 5.620500000000000496e-01 -2.317110000000000003e+00 6.364199999999999857e-01 -2.651499999999999968e-01 6.427599999999999980e-01 -1.957670000000000021e+00
-2.129760000000000097e+00 -5.315900000000000070e-01 2.620899999999999896e-01 -5.620500000000000496e-01 -2.317110000000000003e+00 6.364199999999999857e-01 2.651499999999999968e-01 6.427599999999999980e-01 -1.957670000000000021e+00
-2.129760000000000097e+00 5.315900000000000070e-01 2.620899999999999896e-01 5.620500000000000496e-01 -2.317110000000000003e+00 -6.364199999999999857e-01 2.651499999999999968e-01 -6.427599999999999980e-01 -1.957670000000000021e+00
-2.129760000000000097e+00 -5.315900000000000070e-01 -2.620899999999999896e-01 -5.620500000000000496e-01 -2.317110000000000003e+00 -6.364199999999999857e-01 -2.651499999999999968e-01 -6.427599999999999980e-01 -1.957670000000000021e+00
-2.129760000000000097e+00 5.315900000000000070e-01 -2.620899999999999896e-01 5.620500000000000496e-01 -2.317110000000000003e+00 6.364199999999999857e-01 -2.651499999999999968e-01 6.427599999999999980e-01 -1.957670000000000021e+00
-2.129760000000000097e+00 -5.315900000000000070e-01 2.620899999999999896e-01 -5.620500000000000496e-01 -2.317110000000000003e+00 6.364199999999999857e-01 2.651499999999999968e-01 6.427599999999999980e-01 -1.957670000000000021e+00
-3.270049999999999901e+00 -0.000000000000000000e+00 0.000000000000000000e+00 -0.000000000000000000e+00 -1.621709999999999985e+00 -0.000000000000000000e+00 0.000000000000000000e+00 -0.000000000000000000e+00 -1.635520000000000085e+00
-3.270049999999999901e+00 -0.000000000000000000e+00 0.000000000000000000e+00 -0.000000000000000000e+00 -1.621709999999999985e+00 -0.000000000000000000e+00 0.000000000000000000e+00 -0.000000000000000000e+00 -1.635520000000000085e+00
-1.811180000000000012e+00 -0.000000000000000000e+00 0.000000000000000000e+00 -0.000000000000000000e+00 -2.021110000000000184e+00 2.584899999999999975e-01 0.000000000000000000e+00 2.367200000000000137e-01 -2.515699999999999825e+00
-1.811180000000000012e+00 -0.000000000000000000e+00 0.000000000000000000e+00 -0.000000000000000000e+00 -2.021110000000000184e+00 2.584899999999999975e-01 0.000000000000000000e+00 2.367200000000000137e-01 -2.515699999999999825e+00
-1.811180000000000012e+00 -0.000000000000000000e+00 0.000000000000000000e+00 -0.000000000000000000e+00 -2.021110000000000184e+00 -2.584899999999999975e-01 0.000000000000000000e+00 -2.367200000000000137e-01 -2.515699999999999825e+00
-1.811180000000000012e+00 -0.000000000000000000e+00 0.000000000000000000e+00 -0.000000000000000000e+00 -2.021110000000000184e+00 -2.584899999999999975e-01 0.000000000000000000e+00 -2.367200000000000137e-01 -2.515699999999999825e+00
