1.001430000000000042e+00 -0.000000000000000000e+00 0.000000000000000000e+00 -0.000000000000000000e+00 1.086459999999999981e+00 0.000000000000000000e+00 0.000000000000000000e+00 0.000000000000000000e+00 1.224120000000000097e+00
1.001430000000000042e+00 -0.000000000000000000e+00 0.000000000000000000e+00 -0.000000000000000000e+00 1.086459999999999981e+00 0.000000000000000000e+00 0.000000000000000000e+00 0.000000000000000000e+00 1.224120000000000097e+00
1.429890000000000105e+00 -0.000000000000000000e+00 -0.000000000000000000e+00 -0.000000000000000000e+00 1.272170000000000023e+00 3.451199999999999823e-01 0.000000000000000000e+00 -2.537200000000000011e-01 1.049840000000000106e+00
1.429890000000000105e+00 -0.000000000000000000e+00 0.000000000000000000e+00 -0.000000000000000000e+00 1.272170000000000023e+00 -3.451199999999999823e-01 -0.000000000000000000e+00 2.537200000000000011e-01 1.049840000000000106e+00
2.299220000000000041e+00 -0.000000000000000000e+00 0.000000000000000000e+00 -0.000000000000000000e+00 2.470549999999999802e+00 -0.000000000000000000e+00 0.000000000000000000e+00 0.000000000000000000e+00 2.588000000000000078e+00
2.299220000000000041e+00 -0.000000000000000000e+00 0.000000000000000000e+00 -0.000000000000000000e+00 2.470549999999999802e+00 -0.000000000000000000e+00 0.000000000000000000e+00 0.000000000000000000e+00 2.588000000000000078e+00
-5.621699999999999475e-01 0.000000000000000000e+00 0.000000000000000000e+00 0.000000000000000000e+00 -1.162050000000000027e+00 -7.568599999999999772e-01 0.000000000000000000e+00 -9.314999999999999947e-01 -1.854940000000000033e+00
-5.621699999999999475e-01 0.000000000000000000e+00 -0.000000000000000000e+00 0.000000000000000000e+00 -1.162050000000000027e+00 7.568599999999999772e-01 -0.000000000000000000e+00 9.314999999999999947e-01 -1.854940000000000033e+00
-5.621699999999999475e-01 0.000000000000000000e+00 0.000000000000000000e+00 0.000000000000000000e+00 -1.162050000000000027e+00 -7.568599999999999772e-01 0.000000000000000000e+00 -9.314999999999999947e-01 -1.854940000000000033e+00
-5.621699999999999475e-01 0.000000000000000000e+00 -0.000000000000000000e+00 0.000000000000000000e+00 -1.162050000000000027e+00 7.568599999999999772e-01 -0.000000000000000000e+00 9.314999999999999947e-01 -1.854940000000000033e+00
-1.803099999999999925e+00 8.419499999999999762e-01 0.000000000000000000e+00 7.763999999999999790e-01 -1.252539999999999987e+00 -0.000000000000000000e+00 0.000000000000000000e+00 0.000000000000000000e+00 -5.760399999999999965e-01
-1.803099999999999925e+00 8.419499999999999762e-01 0.000000000000000000e+00 7.763999999999999790e-01 -1.252539999999999987e+00 -0.000000000000000000e+00 0.000000000000000000e+00 0.000000000000000000e+00 -5.760399999999999965e-01
-1.803099999999999925e+00 -8.419499999999999762e-01 0.000000000000000000e+00 -7.763999999999999790e-01 -1.252539999999999987e+00 -0.000000000000000000e+00 0.000000000000000000e+00 0.000000000000000000e+00 -5.760399999999999965e-01
-1.803099999999999925e+00 -8.419499999999999762e-01 0.000000000000000000e+00 -7.763999999999999790e-01 -1.252539999999999987e+00 -0.000000000000000000e+00 0.000000000000000000e+00 0.000000000000000000e+00 -5.760399999999999965e-01
