-2.664929643472341292e-01
-1.948312965009520448e-01
-1.948312818264887336e-01
1.646284013709901517e+00
2.683251137937711306e+00
2.683251138501155708e+00
2.796686727945817186e+00
2.796686730210081517e+00
2.886594180714463942e+00
3.244712976616236144e+00
3.244712977462308245e+00
3.528036739405059574e+00
3.528036739829384594e+00
3.694196961983530869e+00
4.241831554493312062e+00
4.681092637449331129e+00
4.681092639045536963e+00
4.722004174977607605e+00
5.008137937881326884e+00
5.139238718060721745e+00
5.139238719068366379e+00
5.591773381822110700e+00
5.591773381923328401e+00
5.917079582406828742e+00
5.929639018912663317e+00
6.560307666256273151e+00
6.560307666531763005e+00
6.947443216888354200e+00
6.947443217058117959e+00
7.419633180956765273e+00
7.515954759024163323e+00
7.515954759051495238e+00
7.726388680057021396e+00
8.161635388740537067e+00
8.161635389482661651e+00
8.797118073775408220e+00
9.021185674269004195e+00
9.021185674986432090e+00
9.271150898914182648e+00
9.271150898964902964e+00
1.008886036636348926e+01
1.009020497812793060e+01
1.009020497843234487e+01
1.281030917316830298e+01
1.281030917357796461e+01
1.380270936987171737e+01
1.395555619630451183e+01
1.395555619641251965e+01
1.452240042174746826e+01
1.452240042189903235e+01
1.472665942724586863e+01
1.490944005539583550e+01
1.599065269151278557e+01
1.599065269159607539e+01
1.720262927986856383e+01
1.720262927999408475e+01
1.722194944800232363e+01
1.733850366767254414e+01
1.847018743314259481e+01
1.847018743321914158e+01
1.897638939697419502e+01
1.914045977797090359e+01
1.965429541101626398e+01
1.965429541105986289e+01
2.071817301208409035e+01
2.071817301210819195e+01
2.087590048771867757e+01
2.133404732793799852e+01
2.181578824251089799e+01
