1.330100000000000060e+00 1.359100000000000030e-01 3.690000000000000138e-03 7.144999999999999962e-02 1.332600000000000007e+00 3.928999999999999854e-02 1.703000000000000000e-02 5.309999999999999616e-03 1.129380000000000051e+00
1.330100000000000060e+00 -1.359100000000000030e-01 3.690000000000000138e-03 -7.144999999999999962e-02 1.332600000000000007e+00 -3.928999999999999854e-02 1.703000000000000000e-02 -5.309999999999999616e-03 1.129380000000000051e+00
1.330100000000000060e+00 1.359100000000000030e-01 -3.690000000000000138e-03 7.144999999999999962e-02 1.332600000000000007e+00 -3.928999999999999854e-02 -1.703000000000000000e-02 -5.309999999999999616e-03 1.129380000000000051e+00
1.330100000000000060e+00 -1.359100000000000030e-01 -3.690000000000000138e-03 -7.144999999999999962e-02 1.332600000000000007e+00 3.928999999999999854e-02 -1.703000000000000000e-02 5.309999999999999616e-03 1.129380000000000051e+00
2.823209999999999997e+00 0.000000000000000000e+00 0.000000000000000000e+00 0.000000000000000000e+00 3.092929999999999957e+00 8.686000000000000665e-02 -0.000000000000000000e+00 -1.099999999999999936e-02 5.018379999999999619e+00
2.823209999999999997e+00 0.000000000000000000e+00 -0.000000000000000000e+00 0.000000000000000000e+00 3.092929999999999957e+00 -8.686000000000000665e-02 0.000000000000000000e+00 1.099999999999999936e-02 5.018379999999999619e+00
-2.087009999999999810e+00 -7.194000000000000394e-02 3.959999999999999978e-03 -6.146999999999999686e-02 -1.288100000000000023e+00 5.153400000000000203e-01 -2.138999999999999929e-02 8.045700000000000074e-01 -2.986950000000000216e+00
-2.087009999999999810e+00 7.194000000000000394e-02 3.959999999999999978e-03 6.146999999999999686e-02 -1.288100000000000023e+00 -5.153400000000000203e-01 -2.138999999999999929e-02 -8.045700000000000074e-01 -2.986950000000000216e+00
-1.309390000000000054e+00 -0.000000000000000000e+00 -0.000000000000000000e+00 -0.000000000000000000e+00 -3.181919999999999860e+00 -1.609599999999999920e-01 -0.000000000000000000e+00 -1.031099999999999933e-01 -1.303239999999999954e+00
-1.309390000000000054e+00 -0.000000000000000000e+00 0.000000000000000000e+00 -0.000000000000000000e+00 -3.181919999999999860e+00 1.609599999999999920e-01 0.000000000000000000e+00 1.031099999999999933e-01 -1.303239999999999954e+00
-2.087009999999999810e+00 -7.194000000000000394e-02 -3.959999999999999978e-03 -6.146999999999999686e-02 -1.288100000000000023e+00 -5.153400000000000203e-01 2.138999999999999929e-02 -8.045700000000000074e-01 -2.986950000000000216e+00
-2.087009999999999810e+00 7.194000000000000394e-02 -3.959999999999999978e-03 6.146999999999999686e-02 -1.288100000000000023e+00 5.153400000000000203e-01 2.138999999999999929e-02 8.045700000000000074e-01 -2.986950000000000216e+00
