1.247999999999999998e+00 -1.067300000000000054e-01 6.919999999999999762e-02 -1.165400000000000047e-01 1.174400000000000110e+00 2.282000000000000001e-02 3.187000000000000249e-02 7.860000000000000667e-03 1.206730000000000080e+00
1.247999999999999998e+00 1.067300000000000054e-01 6.919999999999999762e-02 1.165400000000000047e-01 1.174400000000000110e+00 -2.282000000000000001e-02 3.187000000000000249e-02 -7.860000000000000667e-03 1.206730000000000080e+00
1.247999999999999998e+00 -1.067300000000000054e-01 -6.919999999999999762e-02 -1.165400000000000047e-01 1.174400000000000110e+00 -2.282000000000000001e-02 -3.187000000000000249e-02 -7.860000000000000667e-03 1.206730000000000080e+00
1.247999999999999998e+00 1.067300000000000054e-01 -6.919999999999999762e-02 1.165400000000000047e-01 1.174400000000000110e+00 2.282000000000000001e-02 -3.187000000000000249e-02 7.860000000000000667e-03 1.206730000000000080e+00
1.884589999999999987e+00 -0.000000000000000000e+00 -2.802499999999999991e-01 -0.000000000000000000e+00 2.213169999999999860e+00 -0.000000000000000000e+00 -2.855999999999999858e-02 -0.000000000000000000e+00 1.749290000000000012e+00
1.884589999999999987e+00 -0.000000000000000000e+00 2.802499999999999991e-01 -0.000000000000000000e+00 2.213169999999999860e+00 0.000000000000000000e+00 2.855999999999999858e-02 0.000000000000000000e+00 1.749290000000000012e+00
2.684270000000000156e+00 -2.018500000000000016e-01 -4.648100000000000009e-01 -1.888700000000000101e-01 2.852730000000000210e+00 1.999299999999999966e-01 -2.060999999999999985e-02 1.690000000000000096e-03 3.234129999999999949e+00
2.684270000000000156e+00 2.018500000000000016e-01 4.648100000000000009e-01 1.888700000000000101e-01 2.852730000000000210e+00 1.999299999999999966e-01 2.060999999999999985e-02 1.690000000000000096e-03 3.234129999999999949e+00
2.684270000000000156e+00 2.018500000000000016e-01 -4.648100000000000009e-01 1.888700000000000101e-01 2.852730000000000210e+00 -1.999299999999999966e-01 -2.060999999999999985e-02 -1.690000000000000096e-03 3.234129999999999949e+00
2.684270000000000156e+00 -2.018500000000000016e-01 4.648100000000000009e-01 -1.888700000000000101e-01 2.852730000000000210e+00 -1.999299999999999966e-01 2.060999999999999985e-02 -1.690000000000000096e-03 3.234129999999999949e+00
-1.730609999999999982e+00 -0.000000000000000000e+00 -9.251000000000000334e-01 -0.000000000000000000e+00 -1.322030000000000038e+00 -0.000000000000000000e+00 -9.207699999999999774e-01 -0.000000000000000000e+00 -2.013910000000000089e+00
-1.417180000000000106e+00 1.675800000000000067e-01 -1.787400000000000100e-01 1.182799999999999963e-01 -2.097830000000000084e+00 2.958700000000000219e-01 -1.581400000000000028e-01 3.140200000000000213e-01 -1.457899999999999974e+00
-1.446730000000000071e+00 -0.000000000000000000e+00 -0.000000000000000000e+00 -0.000000000000000000e+00 -1.175419999999999909e+00 2.395500000000000129e-01 -0.000000000000000000e+00 1.829900000000000138e-01 -2.637859999999999872e+00
-1.417180000000000106e+00 -1.675800000000000067e-01 1.787400000000000100e-01 -1.182799999999999963e-01 -2.097830000000000084e+00 2.958700000000000219e-01 1.581400000000000028e-01 3.140200000000000213e-01 -1.457899999999999974e+00
-1.417180000000000106e+00 1.675800000000000067e-01 1.787400000000000100e-01 1.182799999999999963e-01 -2.097830000000000084e+00 -2.958700000000000219e-01 1.581400000000000028e-01 -3.140200000000000213e-01 -1.457899999999999974e+00
-1.868730000000000002e+00 5.717799999999999550e-01 -1.458000000000000129e-01 5.635799999999999699e-01 -1.787150000000000016e+00 1.562500000000000000e-01 -2.298199999999999965e-01 2.028500000000000025e-01 -1.531719999999999970e+00
-1.868730000000000002e+00 5.717799999999999550e-01 1.458000000000000129e-01 5.635799999999999699e-01 -1.787150000000000016e+00 -1.562500000000000000e-01 2.298199999999999965e-01 -2.028500000000000025e-01 -1.531719999999999970e+00
-1.730609999999999982e+00 -0.000000000000000000e+00 9.251000000000000334e-01 -0.000000000000000000e+00 -1.322030000000000038e+00 0.000000000000000000e+00 9.207699999999999774e-01 0.000000000000000000e+00 -2.013910000000000089e+00
-1.417180000000000106e+00 -1.675800000000000067e-01 -1.787400000000000100e-01 -1.182799999999999963e-01 -2.097830000000000084e+00 -2.958700000000000219e-01 -1.581400000000000028e-01 -3.140200000000000213e-01 -1.457899999999999974e+00
-1.868730000000000002e+00 -5.717799999999999550e-01 1.458000000000000129e-01 -5.635799999999999699e-01 -1.787150000000000016e+00 1.562500000000000000e-01 2.298199999999999965e-01 2.028500000000000025e-01 -1.531719999999999970e+00
-1.868730000000000002e+00 -5.717799999999999550e-01 -1.458000000000000129e-01 -5.635799999999999699e-01 -1.787150000000000016e+00 -1.562500000000000000e-01 -2.298199999999999965e-01 -2.028500000000000025e-01 -1.531719999999999970e+00
-1.446730000000000071e+00 -0.000000000000000000e+00 0.000000000000000000e+00 -0.000000000000000000e+00 -1.175419999999999909e+00 -2.395500000000000129e-01 0.000000000000000000e+00 -1.829900000000000138e-01 -2.637859999999999872e+00
