-8.063048393717761608e-02
-4.023694083089088269e-02
-4.023694082920355186e-02
1.877281222394160842e+00
1.877281222394171945e+00
2.164140449028082003e+00
2.741598467878729739e+00
2.780325876931766249e+00
3.339013089045424376e+00
3.339013089045428373e+00
3.512426996841473414e+00
4.032438811687052649e+00
4.151528806625506718e+00
4.151528806625514711e+00
4.199995838423729033e+00
4.296699301458090758e+00
4.444484118393819294e+00
4.444484118393839722e+00
4.471385018642419773e+00
4.622586361949418965e+00
4.879770059523765191e+00
4.985573955430836257e+00
5.740208074670080762e+00
5.740208074670086091e+00
5.954930802615400864e+00
7.173490952689187239e+00
7.173490952689199673e+00
8.268853714163741486e+00
1.536166959721374425e+01
1.536166959721374603e+01
1.587225636084378877e+01
1.662161207448625433e+01
1.683981318194103594e+01
1.797754068646182191e+01
1.797754068646182901e+01
1.809351201517297625e+01
