3.383259999999999934e+00 0.000000000000000000e+00 5.519000000000000294e-02 0.000000000000000000e+00 2.664489999999999803e+00 -0.000000000000000000e+00 2.224999999999999895e-02 0.000000000000000000e+00 2.582059999999999800e+00
3.383259999999999934e+00 0.000000000000000000e+00 5.519000000000000294e-02 0.000000000000000000e+00 2.664489999999999803e+00 -0.000000000000000000e+00 2.224999999999999895e-02 0.000000000000000000e+00 2.582059999999999800e+00
4.938080000000000247e+00 0.000000000000000000e+00 1.866599999999999926e-01 0.000000000000000000e+00 5.850349999999999717e+00 0.000000000000000000e+00 2.156599999999999906e-01 0.000000000000000000e+00 7.670989999999999753e+00
4.938080000000000247e+00 0.000000000000000000e+00 1.866599999999999926e-01 0.000000000000000000e+00 5.850349999999999717e+00 0.000000000000000000e+00 2.156599999999999906e-01 0.000000000000000000e+00 7.670989999999999753e+00
-1.819919999999999982e+00 3.755499999999999949e-01 6.828100000000000280e-01 2.977199999999999847e-01 -1.947869999999999990e+00 7.464100000000000179e-01 8.215000000000000080e-01 1.022100000000000009e+00 -3.319020000000000081e+00
-1.819919999999999982e+00 -3.755499999999999949e-01 6.828100000000000280e-01 -2.977199999999999847e-01 -1.947869999999999990e+00 -7.464100000000000179e-01 8.215000000000000080e-01 -1.022100000000000009e+00 -3.319020000000000081e+00
-1.819919999999999982e+00 3.755499999999999949e-01 6.828100000000000280e-01 2.977199999999999847e-01 -1.947869999999999990e+00 7.464100000000000179e-01 8.215000000000000080e-01 1.022100000000000009e+00 -3.319020000000000081e+00
-1.819919999999999982e+00 -3.755499999999999949e-01 6.828100000000000280e-01 -2.977199999999999847e-01 -1.947869999999999990e+00 -7.464100000000000179e-01 8.215000000000000080e-01 -1.022100000000000009e+00 -3.319020000000000081e+00
-2.340749999999999886e+00 1.160309999999999953e+00 -8.037400000000000100e-01 1.347220000000000084e+00 -2.309550000000000214e+00 7.259700000000000042e-01 -9.404500000000000082e-01 5.189099999999999824e-01 -1.807500000000000107e+00
-2.340749999999999886e+00 -1.160309999999999953e+00 -8.037400000000000100e-01 -1.347220000000000084e+00 -2.309550000000000214e+00 -7.259700000000000042e-01 -9.404500000000000082e-01 -5.189099999999999824e-01 -1.807500000000000107e+00
-2.340749999999999886e+00 1.160309999999999953e+00 -8.037400000000000100e-01 1.347220000000000084e+00 -2.309550000000000214e+00 7.259700000000000042e-01 -9.404500000000000082e-01 5.189099999999999824e-01 -1.807500000000000107e+00
-2.340749999999999886e+00 -1.160309999999999953e+00 -8.037400000000000100e-01 -1.347220000000000084e+00 -2.309550000000000214e+00 -7.259700000000000042e-01 -9.404500000000000082e-01 -5.189099999999999824e-01 -1.807500000000000107e+00
