4.261070000000000135e+00 0.000000000000000000e+00 0.000000000000000000e+00 0.000000000000000000e+00 4.261070000000000135e+00 0.000000000000000000e+00 0.000000000000000000e+00 0.000000000000000000e+00 4.546160000000000423e+00
4.261070000000000135e+00 0.000000000000000000e+00 0.000000000000000000e+00 0.000000000000000000e+00 4.261070000000000135e+00 0.000000000000000000e+00 0.000000000000000000e+00 0.000000000000000000e+00 4.546160000000000423e+00
3.343850000000000211e+00 0.000000000000000000e+00 0.000000000000000000e+00 0.000000000000000000e+00 3.343850000000000211e+00 0.000000000000000000e+00 0.000000000000000000e+00 0.000000000000000000e+00 4.446410000000000196e+00
3.343850000000000211e+00 0.000000000000000000e+00 0.000000000000000000e+00 0.000000000000000000e+00 3.343850000000000211e+00 0.000000000000000000e+00 0.000000000000000000e+00 0.000000000000000000e+00 4.446410000000000196e+00
-2.792720000000000091e+00 -0.000000000000000000e+00 5.550699999999999523e-01 -0.000000000000000000e+00 -1.009740000000000082e+00 0.000000000000000000e+00 4.935399999999999787e-01 0.000000000000000000e+00 -2.248139999999999805e+00
-1.009740000000000082e+00 -0.000000000000000000e+00 -0.000000000000000000e+00 -0.000000000000000000e+00 -2.792720000000000091e+00 -5.550699999999999523e-01 -0.000000000000000000e+00 -4.935399999999999787e-01 -2.248139999999999805e+00
-1.009740000000000082e+00 -0.000000000000000000e+00 -0.000000000000000000e+00 -0.000000000000000000e+00 -2.792720000000000091e+00 -5.550699999999999523e-01 -0.000000000000000000e+00 -4.935399999999999787e-01 -2.248139999999999805e+00
-1.009740000000000082e+00 -0.000000000000000000e+00 0.000000000000000000e+00 -0.000000000000000000e+00 -2.792720000000000091e+00 5.550699999999999523e-01 0.000000000000000000e+00 4.935399999999999787e-01 -2.248139999999999805e+00
-2.792720000000000091e+00 -0.000000000000000000e+00 -5.550699999999999523e-01 -0.000000000000000000e+00 -1.009740000000000082e+00 -0.000000000000000000e+00 -4.935399999999999787e-01 -0.000000000000000000e+00 -2.248139999999999805e+00
-2.792720000000000091e+00 -0.000000000000000000e+00 5.550699999999999523e-01 -0.000000000000000000e+00 -1.009740000000000082e+00 0.000000000000000000e+00 4.935399999999999787e-01 0.000000000000000000e+00 -2.248139999999999805e+00
-2.792720000000000091e+00 -0.000000000000000000e+00 -5.550699999999999523e-01 -0.000000000000000000e+00 -1.009740000000000082e+00 -0.000000000000000000e+00 -4.935399999999999787e-01 -0.000000000000000000e+00 -2.248139999999999805e+00
-1.009740000000000082e+00 -0.000000000000000000e+00 0.000000000000000000e+00 -0.000000000000000000e+00 -2.792720000000000091e+00 5.550699999999999523e-01 0.000000000000000000e+00 4.935399999999999787e-01 -2.248139999999999805e+00
