-8.070225838634351168e-02
-8.070222104163968235e-02
-1.644981102351588537e-02
1.216145056388202139e+00
1.216145061502506897e+00
1.291485206022502163e+00
1.589337513965146220e+00
1.604601900013191917e+00
1.604601901806908870e+00
1.769992189811873784e+00
1.769992190213462102e+00
1.830003719749090152e+00
2.179258698572198671e+00
2.179258700161183171e+00
2.427206480679835909e+00
2.888106917240500948e+00
2.888106917450356637e+00
3.003523338139506560e+00
3.242803827838507846e+00
3.583260806112348540e+00
3.583260806961503064e+00
3.990656659330450218e+00
3.990656659947387386e+00
4.463853476200728920e+00
4.772949274983984580e+00
5.870635758141795613e+00
6.591678910286104198e+00
6.591678910655533130e+00
7.308154504398141071e+00
7.308154504550776309e+00
8.016945145971632769e+00
8.371394828942028354e+00
8.371394829538296278e+00
9.721550691967397739e+00
9.965098157128677414e+00
9.965098157389720157e+00
1.375065194456019668e+01
1.375065194486277420e+01
1.419066271004166069e+01
1.419066271010829894e+01
1.612867890922613157e+01
1.647311507823010857e+01
1.647311507841808620e+01
1.650813763546043589e+01
1.905208360791171884e+01
1.905208360806308576e+01
2.159870218805234998e+01
2.187148642326154047e+01
2.434629287482265525e+01
2.434629287487464211e+01
2.483143804085360884e+01
