3.956459999999999866e+00 1.222999999999999955e-02 -1.222999999999999955e-02 1.222999999999999955e-02 3.956459999999999866e+00 1.222999999999999955e-02 -1.222999999999999955e-02 1.222999999999999955e-02 3.956459999999999866e+00
3.956459999999999866e+00 -1.222999999999999955e-02 1.222999999999999955e-02 -1.222999999999999955e-02 3.956459999999999866e+00 1.222999999999999955e-02 1.222999999999999955e-02 1.222999999999999955e-02 3.956459999999999866e+00
3.956459999999999866e+00 1.222999999999999955e-02 1.222999999999999955e-02 1.222999999999999955e-02 3.956459999999999866e+00 -1.222999999999999955e-02 1.222999999999999955e-02 -1.222999999999999955e-02 3.956459999999999866e+00
3.956459999999999866e+00 -1.222999999999999955e-02 -1.222999999999999955e-02 -1.222999999999999955e-02 3.956459999999999866e+00 -1.222999999999999955e-02 -1.222999999999999955e-02 -1.222999999999999955e-02 3.956459999999999866e+00
2.257410000000000139e+00 -1.001740000000000075e+00 -1.001740000000000075e+00 -1.001740000000000075e+00 2.257410000000000139e+00 -1.001740000000000075e+00 -1.001740000000000075e+00 -1.001740000000000075e+00 2.257410000000000139e+00
2.257410000000000139e+00 1.001740000000000075e+00 1.001740000000000075e+00 1.001740000000000075e+00 2.257410000000000139e+00 -1.001740000000000075e+00 1.001740000000000075e+00 -1.001740000000000075e+00 2.257410000000000139e+00
2.257410000000000139e+00 -1.001740000000000075e+00 1.001740000000000075e+00 -1.001740000000000075e+00 2.257410000000000139e+00 1.001740000000000075e+00 1.001740000000000075e+00 1.001740000000000075e+00 2.257410000000000139e+00
2.257410000000000139e+00 1.001740000000000075e+00 -1.001740000000000075e+00 1.001740000000000075e+00 2.257410000000000139e+00 1.001740000000000075e+00 -1.001740000000000075e+00 1.001740000000000075e+00 2.257410000000000139e+00
-1.254329999999999945e+00 -0.000000000000000000e+00 0.000000000000000000e+00 -0.000000000000000000e+00 -1.817329999999999890e+00 -7.092500000000000471e-01 0.000000000000000000e+00 -7.092500000000000471e-01 -1.817329999999999890e+00
-1.254329999999999945e+00 -0.000000000000000000e+00 0.000000000000000000e+00 -0.000000000000000000e+00 -1.817329999999999890e+00 7.092500000000000471e-01 0.000000000000000000e+00 7.092500000000000471e-01 -1.817329999999999890e+00
-1.817329999999999890e+00 -7.092500000000000471e-01 0.000000000000000000e+00 -7.092500000000000471e-01 -1.817329999999999890e+00 0.000000000000000000e+00 0.000000000000000000e+00 0.000000000000000000e+00 -1.254329999999999945e+00
-1.817329999999999890e+00 7.092500000000000471e-01 0.000000000000000000e+00 7.092500000000000471e-01 -1.817329999999999890e+00 -0.000000000000000000e+00 0.000000000000000000e+00 -0.000000000000000000e+00 -1.254329999999999945e+00
-2.649770000000000181e+00 -0.000000000000000000e+00 0.000000000000000000e+00 -0.000000000000000000e+00 -2.649770000000000181e+00 -0.000000000000000000e+00 0.000000000000000000e+00 0.000000000000000000e+00 -2.649770000000000181e+00
-1.817329999999999890e+00 -0.000000000000000000e+00 7.092500000000000471e-01 -0.000000000000000000e+00 -1.254329999999999945e+00 0.000000000000000000e+00 7.092500000000000471e-01 0.000000000000000000e+00 -1.817329999999999890e+00
-1.817329999999999890e+00 -0.000000000000000000e+00 -7.092500000000000471e-01 -0.000000000000000000e+00 -1.254329999999999945e+00 -0.000000000000000000e+00 -7.092500000000000471e-01 -0.000000000000000000e+00 -1.817329999999999890e+00
-1.817329999999999890e+00 -0.000000000000000000e+00 7.092500000000000471e-01 -0.000000000000000000e+00 -1.254329999999999945e+00 0.000000000000000000e+00 7.092500000000000471e-01 0.000000000000000000e+00 -1.817329999999999890e+00
-1.817329999999999890e+00 -7.092500000000000471e-01 0.000000000000000000e+00 -7.092500000000000471e-01 -1.817329999999999890e+00 0.000000000000000000e+00 0.000000000000000000e+00 0.000000000000000000e+00 -1.254329999999999945e+00
-1.817329999999999890e+00 7.092500000000000471e-01 0.000000000000000000e+00 7.092500000000000471e-01 -1.817329999999999890e+00 -0.000000000000000000e+00 0.000000000000000000e+00 -0.000000000000000000e+00 -1.254329999999999945e+00
-2.649770000000000181e+00 -0.000000000000000000e+00 0.000000000000000000e+00 -0.000000000000000000e+00 -2.649770000000000181e+00 -0.000000000000000000e+00 0.000000000000000000e+00 0.000000000000000000e+00 -2.649770000000000181e+00
-1.817329999999999890e+00 -0.000000000000000000e+00 -7.092500000000000471e-01 -0.000000000000000000e+00 -1.254329999999999945e+00 -0.000000000000000000e+00 -7.092500000000000471e-01 -0.000000000000000000e+00 -1.817329999999999890e+00
-1.254329999999999945e+00 -0.000000000000000000e+00 0.000000000000000000e+00 -0.000000000000000000e+00 -1.817329999999999890e+00 7.092500000000000471e-01 0.000000000000000000e+00 7.092500000000000471e-01 -1.817329999999999890e+00
-1.254329999999999945e+00 -0.000000000000000000e+00 0.000000000000000000e+00 -0.000000000000000000e+00 -1.817329999999999890e+00 -7.092500000000000471e-01 0.000000000000000000e+00 -7.092500000000000471e-01 -1.817329999999999890e+00
