-2.086911567181115590e-02
-2.086891349341842700e-02
-1.536213657474388462e-02
2.669504472337974832e+00
3.389193156331260504e+00
3.389193156641484794e+00
4.878607978569757364e+00
5.294823883613139159e+00
5.713021552829538940e+00
5.713021553288758270e+00
5.991921752282866720e+00
5.991921752801728118e+00
7.831064014512117311e+00
7.831064015821286972e+00
1.020213306942314269e+01
1.062395410298476506e+01
1.207820565297599558e+01
1.207820565309748773e+01
1.238018217252758468e+01
1.238018217324149362e+01
1.372412616960669141e+01
1.397356058036822546e+01
1.397356058070510798e+01
1.481127536002718692e+01
1.481127536027183567e+01
1.705252307154320235e+01
1.705252307175454263e+01
1.791625566622946764e+01
1.947731251037853184e+01
2.085523937383815962e+01
