-2.531817862722356149e-02
-1.131128233225570275e-02
-1.091601241296472763e-02
1.557794582093544156e+00
2.033015127833533775e+00
2.673375897624574726e+00
7.326759222193670595e+00
7.344971129963684398e+00
7.722724363849845730e+00
7.934389088014275337e+00
8.058409992051782211e+00
8.542564872449023738e+00
8.720337080640861771e+00
8.871893490118104353e+00
8.898983065496866018e+00
9.377669289327705826e+00
9.491330286108475178e+00
1.228644753376662635e+01
1.818146633250464816e+01
2.043867434546575623e+01
2.075679927156400595e+01
2.252280613067563664e+01
2.262635772721716876e+01
2.993066519474634291e+01
