-4.262869818879773398e-02
-3.660267164285509883e-02
-3.660260583534944573e-02
1.883211747448840345e+00
1.883211752462705224e+00
3.332565889016079197e+00
3.503907499113185331e+00
3.503907499221665667e+00
4.156189125060626210e+00
4.156189125786810656e+00
4.752681183726631176e+00
6.049305734350379105e+00
6.207006874045958078e+00
6.275528421305494930e+00
6.976478596461740622e+00
6.976478598062372249e+00
7.196611209661905484e+00
7.196611210171243833e+00
9.271857324269211276e+00
9.362888312918055789e+00
9.993669322263469823e+00
1.002930116076564637e+01
1.002930116116844061e+01
1.018095471142935615e+01
1.020838228314035945e+01
1.020838228350852184e+01
1.193245481017580545e+01
1.193245481025060251e+01
1.200781238291692610e+01
1.200781238343836321e+01
1.488800571065534761e+01
1.488800571158362018e+01
1.512090608417134519e+01
1.512090608424194649e+01
1.549919466140106472e+01
1.549919466155147774e+01
1.578333898293858972e+01
1.578333898362882870e+01
1.735657817879433651e+01
1.735657818004473896e+01
1.741881766537886733e+01
1.741881766557002109e+01
1.867181258234038310e+01
1.875396638649288406e+01
1.973546579926563993e+01
2.020853883043644572e+01
2.025741339646794614e+01
2.136024395269217635e+01
2.143361027551024733e+01
2.157210431783311222e+01
2.157210431813880902e+01
2.163371503473925017e+01
2.163371503490978043e+01
2.278189834322210672e+01
