-4.747878429924495824e-02
-4.698826694521716224e-02
-2.943733290385415480e-02
3.538503276158997402e+00
3.711258852037136347e+00
3.853764006128848951e+00
4.176127653237596604e+00
5.349021566330706356e+00
5.655702069946988431e+00
6.017108085337660839e+00
6.297599203938058388e+00
6.488299730086360739e+00
7.093131374251765209e+00
7.903623701955710956e+00
8.700725053662445418e+00
9.040174972296348699e+00
9.248900219967548963e+00
9.536775059709913904e+00
9.537551194824064993e+00
1.056943718025077139e+01
1.160633962468288871e+01
1.187899577293173969e+01
1.227867095924585783e+01
1.228609142219206340e+01
1.257347620076053119e+01
1.261439768449511867e+01
1.278667691154309694e+01
1.289205924698484473e+01
1.299679423596720618e+01
1.309285074324561116e+01
1.326511208685265863e+01
1.346473638539126050e+01
1.347897025374369484e+01
1.376631577778401017e+01
1.391904550334522739e+01
1.431104329800745134e+01
1.445930496571160973e+01
1.445963666886672705e+01
1.480979977599213449e+01
1.608339507323435669e+01
2.067939811041008724e+01
2.081935776322525911e+01
2.098044542960738212e+01
2.105281716384548929e+01
2.128547996616256555e+01
2.191444991355094629e+01
2.198205983730874635e+01
2.209657386049630645e+01
