-2.485062402327823175e-02
-1.685250278340873209e-02
-7.055644987763011813e-03
3.205527340282875226e+00
3.334163117790720943e+00
4.226826259002101516e+00
4.515788299440722575e+00
4.972803416411313293e+00
5.216259298274822598e+00
5.446558226282567361e+00
5.628651043637344920e+00
6.393161364301222171e+00
6.665874246002831960e+00
7.820293516054508842e+00
8.107831895169722358e+00
8.302040918181484486e+00
8.487182083429965829e+00
8.767742627449282011e+00
9.474688008958175089e+00
1.072343859657662435e+01
1.082344460225412242e+01
1.232572819523071672e+01
1.300070479175899330e+01
1.370105342944735050e+01
1.432491840479625189e+01
1.461187712402012018e+01
1.537110192359690330e+01
1.565884543983552391e+01
1.571425615597032888e+01
1.815150113973054857e+01
1.853060224058947725e+01
1.945553184468066732e+01
1.982717705937345798e+01
2.039486192325967906e+01
2.334773520179494000e+01
2.458106046369164233e+01
