-5.587492271026315432e-02
-3.703907835842334961e-02
-2.417868840452362666e-02
1.326529358313883744e+00
1.767801424474511940e+00
1.853831596472915288e+00
2.088839729631237763e+00
2.143273216100820111e+00
2.461677986202824187e+00
2.510006925106730513e+00
2.582517092081734855e+00
2.610728870189769957e+00
2.675318530681451090e+00
2.699937714848533066e+00
2.927095583903001508e+00
3.059355587660227194e+00
3.075120369373600226e+00
3.322359736414632891e+00
3.399379070280915460e+00
3.652065931308588365e+00
4.241974488866484982e+00
4.450077552231761935e+00
5.010237686176315819e+00
5.754911531914402190e+00
8.361812960110317050e+00
8.667472648512189792e+00
9.408879876559611333e+00
9.533711215492713720e+00
1.027325945668257390e+01
1.031025432134950748e+01
1.039308513053019212e+01
1.069032442149841167e+01
1.104048627960093221e+01
1.180067881385294370e+01
1.196703896153763047e+01
1.230255312880577101e+01
1.444707917565713018e+01
1.499032045886307962e+01
1.535073689853936685e+01
1.571756377420350326e+01
2.283155465871391954e+01
2.304429319368026441e+01
2.326264541369431171e+01
2.368481730374502447e+01
2.399063862104321032e+01
2.404536949441541793e+01
2.448426196703509561e+01
2.534899934699312496e+01
