-3.855750935310755384e-02
-2.933699778172922656e-02
-2.385423065291807088e-02
1.452365428662535818e+00
1.803967446480465808e+00
2.319366159718514897e+00
2.576602710956557019e+00
2.803214922761304351e+00
2.874686946397923215e+00
3.457083102990140766e+00
3.483021036902670620e+00
3.633490340961577303e+00
3.711449093466648641e+00
3.757051427773898222e+00
3.871376125018070269e+00
4.030391913790950298e+00
4.510939647587073331e+00
4.696646265044038593e+00
4.730433128628293460e+00
4.814353992942868921e+00
5.321560765589535613e+00
5.497475433238379949e+00
5.715015593175328590e+00
5.827726023801252708e+00
5.913748877841420004e+00
6.019386012125020002e+00
6.346298862948608566e+00
6.714369394133993474e+00
7.585038611068427805e+00
7.691432679660942462e+00
8.002255723072170923e+00
8.040384333985958420e+00
8.310275367735851404e+00
8.325694332568854605e+00
8.382208437870446005e+00
8.567849438893231806e+00
8.826251272401258063e+00
9.213593817726460244e+00
9.333807561859785551e+00
9.557834701649852605e+00
9.631294368195167266e+00
1.010453742092637164e+01
1.013523738711813493e+01
1.076468141209923779e+01
1.080539168689153406e+01
1.087304025303789601e+01
1.122057616600184460e+01
1.145264565769429055e+01
1.186872699993438474e+01
1.272477031320808649e+01
1.272855161707795446e+01
1.278295860354157476e+01
1.328246365740066182e+01
1.332189914798433072e+01
1.397851079297578281e+01
1.481891477163074633e+01
1.504576042196229579e+01
1.526758631094011243e+01
1.586423409969754239e+01
1.657403217011725616e+01
1.665754484374553002e+01
1.678027610875755826e+01
1.738571027785886969e+01
1.809592309717622882e+01
1.860887397058402470e+01
1.865588772664626660e+01
1.891102174311528117e+01
1.901843712249728569e+01
2.161457254475318379e+01
2.447394004225488828e+01
2.498023076944141962e+01
2.600056023678157047e+01
