3.619149999999999867e+00 -1.018920000000000048e+00 -3.548600000000000088e-01 6.196300000000000141e-01 3.346919999999999895e+00 -3.372299999999999742e-01 -4.433000000000000274e-01 5.736000000000000126e-02 4.819650000000000212e+00
3.619149999999999867e+00 1.018920000000000048e+00 -3.548600000000000088e-01 -6.196300000000000141e-01 3.346919999999999895e+00 3.372299999999999742e-01 -4.433000000000000274e-01 -5.736000000000000126e-02 4.819650000000000212e+00
3.619149999999999867e+00 -1.018920000000000048e+00 -3.548600000000000088e-01 6.196300000000000141e-01 3.346919999999999895e+00 -3.372299999999999742e-01 -4.433000000000000274e-01 5.736000000000000126e-02 4.819650000000000212e+00
3.619149999999999867e+00 1.018920000000000048e+00 -3.548600000000000088e-01 -6.196300000000000141e-01 3.346919999999999895e+00 3.372299999999999742e-01 -4.433000000000000274e-01 -5.736000000000000126e-02 4.819650000000000212e+00
1.166029999999999900e+00 0.000000000000000000e+00 -1.724999999999999867e-01 0.000000000000000000e+00 1.241030000000000078e+00 0.000000000000000000e+00 -2.949999999999999931e-03 0.000000000000000000e+00 9.016899999999999915e-01
1.166029999999999900e+00 0.000000000000000000e+00 -1.724999999999999867e-01 0.000000000000000000e+00 1.241030000000000078e+00 0.000000000000000000e+00 -2.949999999999999931e-03 0.000000000000000000e+00 9.016899999999999915e-01
1.281770000000000076e+00 0.000000000000000000e+00 -2.011400000000000132e-01 0.000000000000000000e+00 1.340829999999999966e+00 0.000000000000000000e+00 -2.970000000000000070e-02 0.000000000000000000e+00 1.000229999999999952e+00
1.281770000000000076e+00 0.000000000000000000e+00 -2.011400000000000132e-01 0.000000000000000000e+00 1.340829999999999966e+00 0.000000000000000000e+00 -2.970000000000000070e-02 0.000000000000000000e+00 1.000229999999999952e+00
-1.540799999999999947e+00 7.895299999999999541e-01 1.425459999999999949e+00 8.838599999999999790e-01 -1.661620000000000097e+00 -2.080779999999999852e+00 1.352579999999999893e+00 -1.944180000000000019e+00 -3.688000000000000167e+00
-1.540799999999999947e+00 -7.895299999999999541e-01 1.425459999999999949e+00 -8.838599999999999790e-01 -1.661620000000000097e+00 2.080779999999999852e+00 1.352579999999999893e+00 1.944180000000000019e+00 -3.688000000000000167e+00
-1.540799999999999947e+00 7.895299999999999541e-01 1.425459999999999949e+00 8.838599999999999790e-01 -1.661620000000000097e+00 -2.080779999999999852e+00 1.352579999999999893e+00 -1.944180000000000019e+00 -3.688000000000000167e+00
-1.540799999999999947e+00 -7.895299999999999541e-01 1.425459999999999949e+00 -8.838599999999999790e-01 -1.661620000000000097e+00 2.080779999999999852e+00 1.352579999999999893e+00 1.944180000000000019e+00 -3.688000000000000167e+00
-8.262000000000000455e-01 1.255430000000000046e+00 -3.441400000000000015e-01 4.910999999999999810e-01 -2.209020000000000206e+00 6.263300000000000534e-01 -1.507199999999999929e-01 8.773300000000000542e-01 -1.011319999999999997e+00
-8.262000000000000455e-01 -1.255430000000000046e+00 -3.441400000000000015e-01 -4.910999999999999810e-01 -2.209020000000000206e+00 -6.263300000000000534e-01 -1.507199999999999929e-01 -8.773300000000000542e-01 -1.011319999999999997e+00
-8.262000000000000455e-01 1.255430000000000046e+00 -3.441400000000000015e-01 4.910999999999999810e-01 -2.209020000000000206e+00 6.263300000000000534e-01 -1.507199999999999929e-01 8.773300000000000542e-01 -1.011319999999999997e+00
-8.262000000000000455e-01 -1.255430000000000046e+00 -3.441400000000000015e-01 -4.910999999999999810e-01 -2.209020000000000206e+00 -6.263300000000000534e-01 -1.507199999999999929e-01 -8.773300000000000542e-01 -1.011319999999999997e+00
-2.476049999999999862e+00 4.571000000000000063e-02 -5.396400000000000086e-01 3.448300000000000254e-01 -7.672200000000000131e-01 1.660999999999999976e-02 -7.422299999999999454e-01 7.968000000000000083e-02 -1.071290000000000076e+00
-2.476049999999999862e+00 -4.571000000000000063e-02 -5.396400000000000086e-01 -3.448300000000000254e-01 -7.672200000000000131e-01 -1.660999999999999976e-02 -7.422299999999999454e-01 -7.968000000000000083e-02 -1.071290000000000076e+00
-2.476049999999999862e+00 4.571000000000000063e-02 -5.396400000000000086e-01 3.448300000000000254e-01 -7.672200000000000131e-01 1.660999999999999976e-02 -7.422299999999999454e-01 7.968000000000000083e-02 -1.071290000000000076e+00
-2.476049999999999862e+00 -4.571000000000000063e-02 -5.396400000000000086e-01 -3.448300000000000254e-01 -7.672200000000000131e-01 -1.660999999999999976e-02 -7.422299999999999454e-01 -7.968000000000000083e-02 -1.071290000000000076e+00
