2.854929999999999968e+00 -1.363699999999999912e-01 0.000000000000000000e+00 1.363699999999999912e-01 2.854929999999999968e+00 0.000000000000000000e+00 0.000000000000000000e+00 0.000000000000000000e+00 1.855699999999999905e+00
2.854929999999999968e+00 -1.363699999999999912e-01 -0.000000000000000000e+00 1.363699999999999912e-01 2.854929999999999968e+00 -0.000000000000000000e+00 0.000000000000000000e+00 0.000000000000000000e+00 1.855699999999999905e+00
2.854929999999999968e+00 -1.363699999999999912e-01 -0.000000000000000000e+00 1.363699999999999912e-01 2.854929999999999968e+00 0.000000000000000000e+00 0.000000000000000000e+00 0.000000000000000000e+00 1.855699999999999905e+00
2.854929999999999968e+00 -1.363699999999999912e-01 0.000000000000000000e+00 1.363699999999999912e-01 2.854929999999999968e+00 -0.000000000000000000e+00 0.000000000000000000e+00 0.000000000000000000e+00 1.855699999999999905e+00
2.865950000000000220e+00 3.178000000000000269e-02 0.000000000000000000e+00 -3.178000000000000269e-02 2.865950000000000220e+00 0.000000000000000000e+00 0.000000000000000000e+00 0.000000000000000000e+00 1.570230000000000015e+00
2.724390000000000089e+00 3.390599999999999725e-01 0.000000000000000000e+00 -3.390599999999999725e-01 2.724390000000000089e+00 0.000000000000000000e+00 0.000000000000000000e+00 -0.000000000000000000e+00 3.842130000000000045e+00
2.865950000000000220e+00 3.178000000000000269e-02 0.000000000000000000e+00 -3.178000000000000269e-02 2.865950000000000220e+00 0.000000000000000000e+00 0.000000000000000000e+00 -0.000000000000000000e+00 1.570230000000000015e+00
2.724390000000000089e+00 3.390599999999999725e-01 -0.000000000000000000e+00 -3.390599999999999725e-01 2.724390000000000089e+00 -0.000000000000000000e+00 -0.000000000000000000e+00 0.000000000000000000e+00 3.842130000000000045e+00
5.099260000000000126e+00 -3.747000000000000330e-02 -0.000000000000000000e+00 3.747000000000000330e-02 5.099260000000000126e+00 -0.000000000000000000e+00 0.000000000000000000e+00 0.000000000000000000e+00 4.158610000000000362e+00
5.099260000000000126e+00 -3.747000000000000330e-02 0.000000000000000000e+00 3.747000000000000330e-02 5.099260000000000126e+00 0.000000000000000000e+00 -0.000000000000000000e+00 0.000000000000000000e+00 4.158610000000000362e+00
5.099260000000000126e+00 -3.747000000000000330e-02 -0.000000000000000000e+00 3.747000000000000330e-02 5.099260000000000126e+00 -0.000000000000000000e+00 0.000000000000000000e+00 -0.000000000000000000e+00 4.158610000000000362e+00
5.099260000000000126e+00 -3.747000000000000330e-02 0.000000000000000000e+00 3.747000000000000330e-02 5.099260000000000126e+00 0.000000000000000000e+00 -0.000000000000000000e+00 0.000000000000000000e+00 4.158610000000000362e+00
-1.732089999999999907e+00 -6.131900000000000128e-01 -1.409199999999999897e-01 -5.910400000000000098e-01 -3.097170000000000201e+00 -8.851999999999999869e-01 -1.600999999999999923e-01 -9.965300000000000269e-01 -1.829110000000000014e+00
-3.277340000000000142e+00 -3.011199999999999988e-01 -8.370600000000000263e-01 -2.789699999999999958e-01 -1.551919999999999966e+00 -3.205600000000000116e-01 -9.430699999999999639e-01 -3.596199999999999952e-01 -1.829110000000000014e+00
-3.277340000000000142e+00 -3.011199999999999988e-01 -8.370600000000000263e-01 -2.789699999999999958e-01 -1.551919999999999966e+00 -3.205600000000000116e-01 -9.430699999999999639e-01 -3.596199999999999952e-01 -1.829110000000000014e+00
-1.710050000000000070e+00 -3.346299999999999830e-01 -0.000000000000000000e+00 -3.634800000000000253e-01 -2.963900000000000201e+00 0.000000000000000000e+00 0.000000000000000000e+00 0.000000000000000000e+00 -2.155440000000000023e+00
-2.348149999999999959e+00 7.318799999999999750e-01 -0.000000000000000000e+00 7.030399999999999983e-01 -2.325800000000000090e+00 0.000000000000000000e+00 0.000000000000000000e+00 0.000000000000000000e+00 -2.155440000000000023e+00
-3.277340000000000142e+00 -3.011199999999999988e-01 8.370600000000000263e-01 -2.789699999999999958e-01 -1.551919999999999966e+00 3.205600000000000116e-01 9.430699999999999639e-01 3.596199999999999952e-01 -1.829110000000000014e+00
-2.234459999999999891e+00 8.810799999999999743e-01 -6.961399999999999810e-01 9.032299999999999773e-01 -2.594809999999999839e+00 5.646299999999999653e-01 -7.829700000000000548e-01 6.369099999999999762e-01 -1.829110000000000014e+00
-2.348149999999999959e+00 7.318799999999999750e-01 0.000000000000000000e+00 7.030399999999999983e-01 -2.325800000000000090e+00 0.000000000000000000e+00 0.000000000000000000e+00 0.000000000000000000e+00 -2.155440000000000023e+00
-1.732089999999999907e+00 -6.131900000000000128e-01 -1.409199999999999897e-01 -5.910400000000000098e-01 -3.097170000000000201e+00 -8.851999999999999869e-01 -1.600999999999999923e-01 -9.965300000000000269e-01 -1.829110000000000014e+00
-2.952729999999999855e+00 -3.539900000000000269e-01 -0.000000000000000000e+00 -3.828300000000000036e-01 -1.721219999999999972e+00 -0.000000000000000000e+00 0.000000000000000000e+00 0.000000000000000000e+00 -2.155440000000000023e+00
-2.952729999999999855e+00 -3.539900000000000269e-01 -0.000000000000000000e+00 -3.828300000000000036e-01 -1.721219999999999972e+00 -0.000000000000000000e+00 0.000000000000000000e+00 0.000000000000000000e+00 -2.155440000000000023e+00
-1.710050000000000070e+00 -3.346299999999999830e-01 -0.000000000000000000e+00 -3.634800000000000253e-01 -2.963900000000000201e+00 0.000000000000000000e+00 0.000000000000000000e+00 0.000000000000000000e+00 -2.155440000000000023e+00
-2.234459999999999891e+00 8.810799999999999743e-01 6.961399999999999810e-01 9.032299999999999773e-01 -2.594809999999999839e+00 -5.646299999999999653e-01 7.829700000000000548e-01 -6.369099999999999762e-01 -1.829110000000000014e+00
-1.732089999999999907e+00 -6.131900000000000128e-01 1.409199999999999897e-01 -5.910400000000000098e-01 -3.097170000000000201e+00 8.851999999999999869e-01 1.600999999999999923e-01 9.965300000000000269e-01 -1.829110000000000014e+00
-2.234459999999999891e+00 8.810799999999999743e-01 6.961399999999999810e-01 9.032299999999999773e-01 -2.594809999999999839e+00 -5.646299999999999653e-01 7.829700000000000548e-01 -6.369099999999999762e-01 -1.829110000000000014e+00
-2.234459999999999891e+00 8.810799999999999743e-01 -6.961399999999999810e-01 9.032299999999999773e-01 -2.594809999999999839e+00 5.646299999999999653e-01 -7.829700000000000548e-01 6.369099999999999762e-01 -1.829110000000000014e+00
-1.732089999999999907e+00 -6.131900000000000128e-01 1.409199999999999897e-01 -5.910400000000000098e-01 -3.097170000000000201e+00 8.851999999999999869e-01 1.600999999999999923e-01 9.965300000000000269e-01 -1.829110000000000014e+00
-3.277340000000000142e+00 -3.011199999999999988e-01 8.370600000000000263e-01 -2.789699999999999958e-01 -1.551919999999999966e+00 3.205600000000000116e-01 9.430699999999999639e-01 3.596199999999999952e-01 -1.829110000000000014e+00
