-5.354786073574474559e-02
-3.734665853062004576e-02
-3.102707302323310518e-02
7.516252344160339049e-01
8.120288571933104160e-01
1.175143226668854624e+00
1.323567016839337640e+00
1.708409957078334651e+00
1.721420438277474041e+00
1.789478313233004991e+00
1.812399083446719850e+00
1.928890783100687845e+00
2.249577343654278749e+00
2.269568926168152423e+00
2.297773907049251552e+00
2.716572899302337696e+00
3.140095470052667093e+00
3.319261971435220282e+00
3.714594433648380267e+00
3.854218441597694333e+00
4.224592991514058760e+00
4.493098060919563430e+00
4.645526276971313706e+00
5.032299985367429507e+00
5.255997557545645016e+00
5.533797607844003430e+00
5.847027840796225284e+00
6.187802385862401167e+00
6.205436725204171111e+00
6.544731694917176767e+00
6.567356775582807948e+00
6.721318810047775649e+00
7.077231516398255984e+00
7.747985212417391132e+00
8.480987295797280723e+00
8.711068430246431404e+00
9.097224468267720354e+00
9.112483747230555764e+00
9.299155087337734216e+00
9.541174932175858103e+00
9.635116717266802411e+00
1.015046828108027377e+01
1.015510700063273575e+01
1.017371800659935310e+01
1.408273134531097526e+01
1.474036066868709582e+01
1.644827013341998523e+01
1.679991060669020442e+01
2.077835684133373562e+01
2.078324300259458823e+01
2.405419993306009729e+01
2.455953439099715041e+01
2.593618294886988096e+01
2.617013335921420492e+01
2.617583681093204362e+01
2.637751998316753799e+01
2.738056420037852945e+01
2.757873864755082849e+01
2.765356565326919736e+01
2.780099069961266522e+01
