-5.123086607747088378e-02
-4.023455457518459316e-02
-3.005981606447333254e-02
1.170623632678700510e+00
1.226442717450420217e+00
1.263941804389407952e+00
1.355672886468657801e+00
1.832620233286970546e+00
1.959445673750598527e+00
2.027115323112250511e+00
2.051018449986373060e+00
2.155153001412033920e+00
2.227778817660859279e+00
2.335608330658085485e+00
2.624164111637210972e+00
2.734674454145787692e+00
2.799235243252253369e+00
2.905402737198805152e+00
3.008605142350234019e+00
3.012564081160293394e+00
3.042501843749847446e+00
3.131680315380623636e+00
3.173418491755985560e+00
3.203390255919030594e+00
3.327562838912752508e+00
3.411839125512594162e+00
3.499289197703250309e+00
3.705397196134642801e+00
3.721996649672316693e+00
3.758158347156772106e+00
3.807067572692175439e+00
3.840418581501862327e+00
3.841473225589967733e+00
3.867596408789379048e+00
3.929989724102381565e+00
4.064260473832221443e+00
4.198603558785270806e+00
4.439623806706546993e+00
4.706117975351760130e+00
4.909690699538397318e+00
5.063428048379578605e+00
5.167373524215231662e+00
5.551770031497164304e+00
5.620897738630060481e+00
6.256473131878828475e+00
6.297038363857023313e+00
6.560076682628641187e+00
7.086045169289114654e+00
1.011607240546275222e+01
1.015116731142563111e+01
1.023064305955658071e+01
1.024418211684303159e+01
1.031105985833837124e+01
1.033693004094314993e+01
1.037443958329038729e+01
1.044276628917397431e+01
1.126096608159811474e+01
1.127627305451896689e+01
1.138113895345219539e+01
1.139806182909065413e+01
1.153524539576763885e+01
1.157509181220671302e+01
1.159786034574230662e+01
1.161121500055657307e+01
1.181596780513624267e+01
1.186723295872634054e+01
1.188002249508555330e+01
1.192911191975161600e+01
2.694346254760342774e+01
2.701032321218093912e+01
2.702337837795275988e+01
2.703973901341413821e+01
2.735207129831368889e+01
2.735877854044309743e+01
2.755459847210424229e+01
2.757113214689544023e+01
2.766510985203795769e+01
2.769672180285655472e+01
2.782715312079666958e+01
2.792210046291971892e+01
2.927057297534598135e+01
2.969147711759047681e+01
2.978664934909772555e+01
3.059780277174029450e+01
