-2.152040204085416131e-02
-1.052225560419437801e-02
-9.775050521608570978e-03
1.202472473697423050e+00
1.484581833379352567e+00
1.738026308776711160e+00
1.840562085342409837e+00
1.912486162041440840e+00
2.018090550495690749e+00
2.233555891398287585e+00
2.331613274108723211e+00
2.712877103740602536e+00
2.753510087143317353e+00
2.822325588942565577e+00
3.224074549386226618e+00
3.383395247380950099e+00
3.695815309238274171e+00
3.930084795522864827e+00
4.467840518639849101e+00
4.751870326513550680e+00
4.846477524965941974e+00
4.900008204074764784e+00
5.824879148960946829e+00
6.251808946217086493e+00
6.816555017015559770e+00
7.180245169908894276e+00
7.186564777416259098e+00
7.337582047241448358e+00
7.370619648306375282e+00
7.766511031344769833e+00
8.005195650326106360e+00
8.571722458176068926e+00
8.786247560819123947e+00
9.030468454072579476e+00
9.046304179055665529e+00
9.071846515456487126e+00
9.181006284716289656e+00
9.323825936813706861e+00
9.532427120099058016e+00
9.827611352714351156e+00
1.014161959452236594e+01
1.019008199181929974e+01
1.028381699564903684e+01
1.130288923240425270e+01
1.144390108310972742e+01
1.158661425956694124e+01
1.166459390634753213e+01
1.195539606202989802e+01
1.319865436322960939e+01
1.354785901904799239e+01
1.359171696291531894e+01
1.451429770950010578e+01
1.478299320164898134e+01
1.509881117836765263e+01
1.546392071888626774e+01
1.588923975525575649e+01
1.591155774900748021e+01
1.637354436278230096e+01
1.700016326392190891e+01
1.829280437767812373e+01
1.860772084377880020e+01
1.943859097259880997e+01
1.981013180168168475e+01
2.636056928444452296e+01
2.680933688101964307e+01
2.699956145940151941e+01
