-3.599679579937722917e-02
-6.843914104094203296e-03
-6.843914101489724164e-03
1.360185380922929177e+00
1.360185380922947607e+00
1.915018406594302780e+00
1.927615129671814698e+00
2.363045880252115261e+00
2.716963605406336857e+00
3.096710953735440697e+00
3.096710953735442473e+00
3.502995072975112478e+00
3.514408354741781704e+00
3.788035051582356427e+00
3.824447121223339963e+00
3.824447121223342183e+00
3.928315964216751333e+00
3.928315964216753997e+00
4.134382992291101289e+00
4.280615499854939721e+00
4.359369189690336377e+00
4.486278651649969973e+00
4.619214595815559932e+00
4.619214595815567925e+00
6.112006835550706008e+00
6.910943678196605156e+00
6.910943678196607820e+00
7.774015961195974711e+00
1.347083044190227419e+01
1.347083044190227596e+01
1.403744847948093089e+01
1.422600421152209904e+01
1.488077696151334628e+01
1.524782625586478169e+01
1.527268707447897356e+01
1.527268707447897533e+01
