4.163450000000000095e+00 6.165999999999999953e-02 -0.000000000000000000e+00 -6.165999999999999953e-02 4.163450000000000095e+00 0.000000000000000000e+00 -0.000000000000000000e+00 0.000000000000000000e+00 4.326959999999999695e+00
4.163450000000000095e+00 -6.165999999999999953e-02 -0.000000000000000000e+00 6.165999999999999953e-02 4.163450000000000095e+00 0.000000000000000000e+00 -0.000000000000000000e+00 0.000000000000000000e+00 4.326959999999999695e+00
3.081179999999999808e+00 0.000000000000000000e+00 -0.000000000000000000e+00 0.000000000000000000e+00 3.081179999999999808e+00 0.000000000000000000e+00 -0.000000000000000000e+00 0.000000000000000000e+00 8.581699999999999884e-01
3.081179999999999808e+00 0.000000000000000000e+00 -0.000000000000000000e+00 0.000000000000000000e+00 3.081179999999999808e+00 0.000000000000000000e+00 -0.000000000000000000e+00 0.000000000000000000e+00 8.581699999999999884e-01
-2.209200000000000053e+00 3.562400000000000011e-01 6.391299999999999759e-01 3.562400000000000011e-01 -2.620550000000000157e+00 3.689999999999999947e-01 6.319000000000000172e-01 3.648299999999999876e-01 -1.728380000000000027e+00
-2.209200000000000053e+00 -3.562400000000000011e-01 -6.391299999999999759e-01 -3.562400000000000011e-01 -2.620550000000000157e+00 3.689999999999999947e-01 -6.319000000000000172e-01 3.648299999999999876e-01 -1.728380000000000027e+00
-2.826229999999999798e+00 -0.000000000000000000e+00 0.000000000000000000e+00 -0.000000000000000000e+00 -2.003519999999999968e+00 -7.380100000000000549e-01 0.000000000000000000e+00 -7.296599999999999753e-01 -1.728380000000000027e+00
-2.209200000000000053e+00 3.562400000000000011e-01 6.391299999999999759e-01 3.562400000000000011e-01 -2.620550000000000157e+00 3.689999999999999947e-01 6.319000000000000172e-01 3.648299999999999876e-01 -1.728380000000000027e+00
-2.209200000000000053e+00 -3.562400000000000011e-01 -6.391299999999999759e-01 -3.562400000000000011e-01 -2.620550000000000157e+00 3.689999999999999947e-01 -6.319000000000000172e-01 3.648299999999999876e-01 -1.728380000000000027e+00
-2.826229999999999798e+00 -0.000000000000000000e+00 0.000000000000000000e+00 -0.000000000000000000e+00 -2.003519999999999968e+00 -7.380100000000000549e-01 0.000000000000000000e+00 -7.296599999999999753e-01 -1.728380000000000027e+00
