-3.461820889655004008e-02
-2.739765762649503875e-02
-2.474869329543082086e-02
2.473388069330654471e+00
2.594315035136140146e+00
2.983495669694576691e+00
3.662602448808456312e+00
3.678423882571375536e+00
4.060340395050754836e+00
4.163242454500791112e+00
4.619730891233519543e+00
4.943040962878339606e+00
5.336869234082008973e+00
5.636644816963222837e+00
6.021879049907457926e+00
6.360172136027681944e+00
6.738334520216870516e+00
6.850621997841955135e+00
6.966873623250434022e+00
7.397145060851155307e+00
7.627758648382136464e+00
7.809871834848602035e+00
8.583473069622730378e+00
8.879718781125891525e+00
9.695781363806322162e+00
9.899829687685658186e+00
1.225672918806615286e+01
1.233074741192545432e+01
1.406357452745735692e+01
1.504853586048642988e+01
1.512917284092119097e+01
1.572063706757915824e+01
1.581564014726354195e+01
1.606744674673550222e+01
1.845246079811981943e+01
1.871952968450064247e+01
1.911484596972673700e+01
1.925046686956148534e+01
1.929040633294203744e+01
2.032135982150273534e+01
2.212449799490998714e+01
2.244745617159204443e+01
