-7.687363832863473856e-02
-6.449832693998854005e-02
-4.494624735718644876e-02
2.056149393047706830e+00
2.071661818176203429e+00
2.767232875982684526e+00
2.910375880008434724e+00
3.630987352008657520e+00
4.168861672919891959e+00
4.190173093219830669e+00
4.573807706007537277e+00
4.603753261175231870e+00
4.706234839761589406e+00
5.134396925555938296e+00
5.267642283261500857e+00
5.581469401175019662e+00
5.850635497162008036e+00
5.851036847092779603e+00
5.967342814999971878e+00
6.166478655185949620e+00
6.485656180140329852e+00
6.594397924650457377e+00
6.782864726713544457e+00
6.811953753796685440e+00
6.964468558378602125e+00
7.184690745052738414e+00
7.341441653964658975e+00
7.779626256395625106e+00
7.920596052516816421e+00
8.032476063810669586e+00
8.033544802230697002e+00
8.120373648159249669e+00
8.139106890623045487e+00
8.342848612211955839e+00
8.462042903780808700e+00
8.725040981707158139e+00
8.770087859998852764e+00
8.905323014016346406e+00
9.790129416945937635e+00
9.909267268011618057e+00
9.968203855076884778e+00
1.098499186039456532e+01
1.101692721029701438e+01
1.133120572633431244e+01
1.182234648209674965e+01
1.279036409978182220e+01
1.285012182768446642e+01
1.294398762810409487e+01
1.358759754321595459e+01
1.366431473979183231e+01
1.397543233549886210e+01
1.465031069997573177e+01
1.484226906738755858e+01
1.577336249628520903e+01
1.594455412293073238e+01
1.633017820199721370e+01
1.734752951413019773e+01
1.759123415599438189e+01
1.865983111509126502e+01
1.872164436704623114e+01
1.995827073431014043e+01
2.050040911529452003e+01
2.069896209017950994e+01
2.102363928501872437e+01
2.268790622673006752e+01
2.362620327327889314e+01
2.370773630449572167e+01
2.519926024547157439e+01
2.776376960419336015e+01
2.779793212963622295e+01
2.824716037318919959e+01
2.891223929769492784e+01
