-4.256631431361133922e-02
-3.709494930641340366e-02
-3.394453459321516292e-02
9.269188852012766322e-01
1.108556655958249371e+00
1.136633748677826627e+00
1.460405692420058132e+00
1.497696444047388331e+00
1.499543165843088666e+00
1.637105232371047103e+00
1.661563547027070209e+00
1.788932330987485830e+00
1.801568502099340829e+00
1.880064821437908540e+00
1.899327356686577151e+00
1.927117946171992946e+00
1.964203735732030554e+00
1.989048468782449675e+00
2.080726256960123699e+00
2.253797554714493501e+00
2.255772373895291505e+00
2.376368851421719164e+00
2.483490833871274006e+00
2.491843828081525380e+00
2.690471493461050745e+00
2.704045102599936357e+00
2.821053329093630158e+00
3.056205269257332269e+00
3.097007015608692182e+00
3.177721808315749463e+00
3.269051233553797786e+00
3.279887413625268255e+00
3.450361229318282597e+00
3.551888018505734657e+00
3.950270525302755242e+00
4.071806449809932005e+00
5.327210031263118317e+00
5.627465271622162923e+00
5.728643877353678526e+00
5.918877020714258030e+00
6.087484614928595050e+00
6.410433970830430539e+00
6.448870205026604907e+00
6.606887470456234368e+00
8.186395513211135011e+00
8.566779445398445603e+00
8.615023413799686836e+00
9.109119519335067139e+00
1.004213260299627919e+01
1.029402908879593070e+01
1.066249157035799122e+01
1.119547403867781377e+01
1.159430950178185427e+01
1.202049703996348917e+01
1.218474489396627902e+01
1.221742074424390800e+01
1.467112698145925265e+01
1.481087689589386791e+01
1.514646258505384147e+01
1.523283363684871183e+01
