-1.242150590709516222e-01
-5.255048696253917379e-02
-4.452828651542747179e-02
2.227991359947340655e+00
2.943804966365808795e+00
3.004820570350249742e+00
3.312177697527715736e+00
3.710984828856081386e+00
4.206460756978484206e+00
4.631067263601339690e+00
5.333114652808431444e+00
7.658017145449597329e+00
8.117891401096715143e+00
8.205247808567392553e+00
8.616700284911852137e+00
8.801748502428367260e+00
9.066857592352491224e+00
9.284904280605157822e+00
1.041083560527203744e+01
1.114786508709178747e+01
1.157311673664445451e+01
1.184368055124757291e+01
1.189001337257448299e+01
1.246297697181536179e+01
1.325294216391213276e+01
1.343675522587205506e+01
1.373853096222445380e+01
1.417749734614681500e+01
1.454768644836697078e+01
1.471914433654347931e+01
1.505484855453551241e+01
1.643769965658212229e+01
1.662671353575323963e+01
1.824969824408064056e+01
1.827305144194586717e+01
1.983060667251509201e+01
2.216205935828166673e+01
2.324491215298521851e+01
2.473188148928423047e+01
