-4.895687169330163041e-02
-1.752419597083716696e-02
-1.188637386028629749e-02
1.595413417555376023e+00
2.209347387392714523e+00
2.724515731453977185e+00
2.787305771690574918e+00
2.833113951250988638e+00
2.948880570462354633e+00
3.079981284038921352e+00
3.103580424739337928e+00
3.260148892894367822e+00
3.264592163463209573e+00
3.401721244023522939e+00
3.416980181813103368e+00
3.801869974922182038e+00
3.944655039289030274e+00
4.061410572169802613e+00
4.318313152246560982e+00
4.408151172259383799e+00
4.477249503139974607e+00
4.478633793751719772e+00
4.664931713138262381e+00
5.162991536106740220e+00
5.181354123713069804e+00
5.377816425012656332e+00
5.435948431573006445e+00
5.821354915763809146e+00
6.092001661424796488e+00
6.170791685135741389e+00
6.286555850860993111e+00
6.298194092541461231e+00
7.098529818249682322e+00
7.270841974637812122e+00
8.419229496538306989e+00
8.632861921959914753e+00
8.770095607699731843e+00
9.164981926680498603e+00
9.193907532168470453e+00
9.441530464197606776e+00
9.774353067391510663e+00
1.037901245694851049e+01
1.039473981040824135e+01
1.056855066214208527e+01
1.064936941125835368e+01
1.075372819384549672e+01
1.174998391547979004e+01
1.187843599558800101e+01
1.223997832813290820e+01
1.242169985274558108e+01
1.253237278551254086e+01
1.538952462438956914e+01
1.545939585858200083e+01
1.549014486731143059e+01
1.572804132569902791e+01
1.578725186215697285e+01
1.607108060834130114e+01
1.713688170386274479e+01
1.775418670408259914e+01
1.791877061655134185e+01
