4.637120000000000353e+00 0.000000000000000000e+00 -6.525999999999999857e-02 0.000000000000000000e+00 4.621660000000000323e+00 0.000000000000000000e+00 8.151999999999999524e-02 0.000000000000000000e+00 3.184159999999999879e+00
4.637120000000000353e+00 0.000000000000000000e+00 -6.525999999999999857e-02 0.000000000000000000e+00 4.621660000000000323e+00 0.000000000000000000e+00 8.151999999999999524e-02 0.000000000000000000e+00 3.184159999999999879e+00
3.289540000000000131e+00 0.000000000000000000e+00 6.239900000000000446e-01 0.000000000000000000e+00 5.093140000000000001e+00 0.000000000000000000e+00 6.290499999999999980e-01 0.000000000000000000e+00 5.172209999999999752e+00
3.289540000000000131e+00 0.000000000000000000e+00 6.239900000000000446e-01 0.000000000000000000e+00 5.093140000000000001e+00 0.000000000000000000e+00 6.290499999999999980e-01 0.000000000000000000e+00 5.172209999999999752e+00
4.674780000000000157e+00 0.000000000000000000e+00 -8.056900000000000173e-01 0.000000000000000000e+00 4.920110000000000205e+00 0.000000000000000000e+00 -5.144900000000000029e-01 0.000000000000000000e+00 3.771760000000000002e+00
4.674780000000000157e+00 0.000000000000000000e+00 -8.056900000000000173e-01 0.000000000000000000e+00 4.920110000000000205e+00 0.000000000000000000e+00 -5.144900000000000029e-01 0.000000000000000000e+00 3.771760000000000002e+00
-2.402989999999999959e+00 -0.000000000000000000e+00 -8.556999999999999329e-02 -0.000000000000000000e+00 -4.789480000000000182e+00 -0.000000000000000000e+00 -7.016000000000000014e-02 -0.000000000000000000e+00 -2.740810000000000191e+00
-2.402989999999999959e+00 -0.000000000000000000e+00 -8.556999999999999329e-02 -0.000000000000000000e+00 -4.789480000000000182e+00 -0.000000000000000000e+00 -7.016000000000000014e-02 -0.000000000000000000e+00 -2.740810000000000191e+00
-3.954320000000000057e+00 -0.000000000000000000e+00 4.991499999999999826e-01 -0.000000000000000000e+00 -3.085739999999999927e+00 -0.000000000000000000e+00 3.153000000000000247e-01 -0.000000000000000000e+00 -2.431579999999999853e+00
-3.954320000000000057e+00 -0.000000000000000000e+00 4.991499999999999826e-01 -0.000000000000000000e+00 -3.085739999999999927e+00 -0.000000000000000000e+00 3.153000000000000247e-01 -0.000000000000000000e+00 -2.431579999999999853e+00
-4.226779999999999760e+00 -0.000000000000000000e+00 -2.845199999999999951e-01 -0.000000000000000000e+00 -3.291549999999999976e+00 -0.000000000000000000e+00 -4.012299999999999756e-01 -0.000000000000000000e+00 -2.067870000000000097e+00
-4.226779999999999760e+00 -0.000000000000000000e+00 -2.845199999999999951e-01 -0.000000000000000000e+00 -3.291549999999999976e+00 -0.000000000000000000e+00 -4.012299999999999756e-01 -0.000000000000000000e+00 -2.067870000000000097e+00
-2.017360000000000042e+00 -0.000000000000000000e+00 1.179000000000000048e-01 -0.000000000000000000e+00 -3.468140000000000001e+00 -0.000000000000000000e+00 -4.000000000000000083e-02 -0.000000000000000000e+00 -4.887870000000000381e+00
-2.017360000000000042e+00 -0.000000000000000000e+00 1.179000000000000048e-01 -0.000000000000000000e+00 -3.468140000000000001e+00 -0.000000000000000000e+00 -4.000000000000000083e-02 -0.000000000000000000e+00 -4.887870000000000381e+00
