-3.201033436908366087e-02
-1.819463930298062873e-02
-1.819463930049056502e-02
2.310940911763748939e+00
2.669236700871258083e+00
2.669236700871272294e+00
2.696509549931984218e+00
3.690785166083499824e+00
3.690785166083514479e+00
4.093186769834788130e+00
4.093186769834802341e+00
4.753588473585615759e+00
4.753588473585621088e+00
4.972956564275411218e+00
6.011378781345487532e+00
6.557607621709863110e+00
7.163926601047896803e+00
7.163926601047905685e+00
7.213782623692912566e+00
8.588985718675019143e+00
8.588985718675031578e+00
9.317971120073663016e+00
9.388443638307631289e+00
1.098917559568359081e+01
1.127990675981747692e+01
1.127990675981750179e+01
1.178502468663879554e+01
1.224365847302306420e+01
2.222041777726965961e+01
2.222041777726967737e+01
2.238292272344054368e+01
2.316964315606317015e+01
2.316964315606317371e+01
2.372656957045612813e+01
2.576031939971207052e+01
2.595290525688903216e+01
