2.681439999999999824e+00 -0.000000000000000000e+00 -1.077300000000000063e-01 -0.000000000000000000e+00 2.695089999999999986e+00 -0.000000000000000000e+00 -9.142000000000000126e-02 -0.000000000000000000e+00 2.776359999999999939e+00
2.681439999999999824e+00 -0.000000000000000000e+00 -1.077300000000000063e-01 -0.000000000000000000e+00 2.695089999999999986e+00 -0.000000000000000000e+00 -9.142000000000000126e-02 -0.000000000000000000e+00 2.776359999999999939e+00
8.017739999999999867e+00 -0.000000000000000000e+00 4.345499999999999918e-01 -0.000000000000000000e+00 7.885270000000000223e+00 -0.000000000000000000e+00 -3.425099999999999811e-01 -0.000000000000000000e+00 7.822530000000000427e+00
5.361799999999999677e+00 -0.000000000000000000e+00 -4.377300000000000080e-01 -0.000000000000000000e+00 5.169209999999999638e+00 -0.000000000000000000e+00 3.818400000000000127e-01 -0.000000000000000000e+00 5.745140000000000136e+00
-2.531489999999999796e+00 1.214839999999999920e+00 9.700699999999999878e-01 1.210560000000000080e+00 -3.767900000000000027e+00 -1.637650000000000050e+00 9.620400000000000063e-01 -1.515269999999999895e+00 -3.066279999999999895e+00
-2.531489999999999796e+00 1.214839999999999920e+00 9.700699999999999878e-01 1.210560000000000080e+00 -3.767900000000000027e+00 -1.637650000000000050e+00 9.620400000000000063e-01 -1.515269999999999895e+00 -3.066279999999999895e+00
-2.531489999999999796e+00 -1.214839999999999920e+00 9.700699999999999878e-01 -1.210560000000000080e+00 -3.767900000000000027e+00 1.637650000000000050e+00 9.620400000000000063e-01 1.515269999999999895e+00 -3.066279999999999895e+00
-4.308230000000000004e+00 0.000000000000000000e+00 -1.830819999999999892e+00 0.000000000000000000e+00 -1.686530000000000085e+00 0.000000000000000000e+00 -1.852330000000000032e+00 0.000000000000000000e+00 -3.427630000000000177e+00
-2.531489999999999796e+00 -1.214839999999999920e+00 9.700699999999999878e-01 -1.210560000000000080e+00 -3.767900000000000027e+00 1.637650000000000050e+00 9.620400000000000063e-01 1.515269999999999895e+00 -3.066279999999999895e+00
-4.308230000000000004e+00 0.000000000000000000e+00 -1.830819999999999892e+00 0.000000000000000000e+00 -1.686530000000000085e+00 0.000000000000000000e+00 -1.852330000000000032e+00 0.000000000000000000e+00 -3.427630000000000177e+00
