1.080719999999999903e+00 0.000000000000000000e+00 -2.342999999999999944e-02 0.000000000000000000e+00 1.090559999999999974e+00 -0.000000000000000000e+00 4.530000000000000172e-03 -0.000000000000000000e+00 1.095220000000000082e+00
1.080719999999999903e+00 0.000000000000000000e+00 -2.342999999999999944e-02 0.000000000000000000e+00 1.090559999999999974e+00 -0.000000000000000000e+00 4.530000000000000172e-03 -0.000000000000000000e+00 1.095220000000000082e+00
4.055259999999999643e+00 0.000000000000000000e+00 1.026000000000000002e-02 0.000000000000000000e+00 3.878159999999999830e+00 -0.000000000000000000e+00 -4.986999999999999766e-02 -0.000000000000000000e+00 3.566769999999999996e+00
4.055259999999999643e+00 0.000000000000000000e+00 1.026000000000000002e-02 0.000000000000000000e+00 3.878159999999999830e+00 -0.000000000000000000e+00 -4.986999999999999766e-02 -0.000000000000000000e+00 3.566769999999999996e+00
3.334700000000000220e+00 -6.730500000000000371e-01 5.231999999999999845e-02 -3.387700000000000156e-01 3.433429999999999982e+00 -1.456000000000000072e-01 1.144899999999999946e-01 -5.695000000000000062e-02 3.490089999999999915e+00
3.334700000000000220e+00 6.730500000000000371e-01 5.231999999999999845e-02 3.387700000000000156e-01 3.433429999999999982e+00 1.456000000000000072e-01 1.144899999999999946e-01 5.695000000000000062e-02 3.490089999999999915e+00
3.334700000000000220e+00 6.730500000000000371e-01 5.231999999999999845e-02 3.387700000000000156e-01 3.433429999999999982e+00 1.456000000000000072e-01 1.144899999999999946e-01 5.695000000000000062e-02 3.490089999999999915e+00
3.334700000000000220e+00 -6.730500000000000371e-01 5.231999999999999845e-02 -3.387700000000000156e-01 3.433429999999999982e+00 -1.456000000000000072e-01 1.144899999999999946e-01 -5.695000000000000062e-02 3.490089999999999915e+00
-1.504189999999999916e+00 -2.777999999999999914e-01 2.993899999999999895e-01 -2.330399999999999971e-01 -1.678020000000000067e+00 7.409299999999999775e-01 2.307200000000000084e-01 7.373199999999999754e-01 -2.327650000000000219e+00
-1.504189999999999916e+00 2.777999999999999914e-01 2.993899999999999895e-01 2.330399999999999971e-01 -1.678020000000000067e+00 -7.409299999999999775e-01 2.307200000000000084e-01 -7.373199999999999754e-01 -2.327650000000000219e+00
-1.504189999999999916e+00 -2.777999999999999914e-01 2.993899999999999895e-01 -2.330399999999999971e-01 -1.678020000000000067e+00 7.409299999999999775e-01 2.307200000000000084e-01 7.373199999999999754e-01 -2.327650000000000219e+00
-1.504189999999999916e+00 2.777999999999999914e-01 2.993899999999999895e-01 2.330399999999999971e-01 -1.678020000000000067e+00 -7.409299999999999775e-01 2.307200000000000084e-01 -7.373199999999999754e-01 -2.327650000000000219e+00
-2.092309999999999892e+00 1.106149999999999967e+00 3.796000000000000069e-02 1.034410000000000052e+00 -2.594489999999999963e+00 2.599999999999999881e-02 -8.420000000000000401e-03 7.557999999999999441e-02 -1.311330000000000107e+00
-2.092309999999999892e+00 -1.106149999999999967e+00 3.796000000000000069e-02 -1.034410000000000052e+00 -2.594489999999999963e+00 -2.599999999999999881e-02 -8.420000000000000401e-03 -7.557999999999999441e-02 -1.311330000000000107e+00
-2.092309999999999892e+00 1.106149999999999967e+00 3.796000000000000069e-02 1.034410000000000052e+00 -2.594489999999999963e+00 2.599999999999999881e-02 -8.420000000000000401e-03 7.557999999999999441e-02 -1.311330000000000107e+00
-2.092309999999999892e+00 -1.106149999999999967e+00 3.796000000000000069e-02 -1.034410000000000052e+00 -2.594489999999999963e+00 -2.599999999999999881e-02 -8.420000000000000401e-03 -7.557999999999999441e-02 -1.311330000000000107e+00
-2.306189999999999962e+00 -4.774599999999999955e-01 -3.830799999999999761e-01 -4.127500000000000058e-01 -1.645280000000000076e+00 3.153500000000000192e-01 -3.141200000000000103e-01 2.427999999999999881e-01 -2.182100000000000151e+00
-2.306189999999999962e+00 4.774599999999999955e-01 -3.830799999999999761e-01 4.127500000000000058e-01 -1.645280000000000076e+00 -3.153500000000000192e-01 -3.141200000000000103e-01 -2.427999999999999881e-01 -2.182100000000000151e+00
-2.306189999999999962e+00 -4.774599999999999955e-01 -3.830799999999999761e-01 -4.127500000000000058e-01 -1.645280000000000076e+00 3.153500000000000192e-01 -3.141200000000000103e-01 2.427999999999999881e-01 -2.182100000000000151e+00
-2.306189999999999962e+00 4.774599999999999955e-01 -3.830799999999999761e-01 4.127500000000000058e-01 -1.645280000000000076e+00 -3.153500000000000192e-01 -3.141200000000000103e-01 -2.427999999999999881e-01 -2.182100000000000151e+00
