1.094230000000000036e+00 -3.368000000000000160e-02 -1.118000000000000070e-02 -4.154000000000000054e-02 1.281369999999999898e+00 -1.272800000000000042e-01 8.477999999999999425e-02 -7.836999999999999522e-02 1.239619999999999944e+00
1.094230000000000036e+00 3.368000000000000160e-02 -1.118000000000000070e-02 4.154000000000000054e-02 1.281369999999999898e+00 1.272800000000000042e-01 8.477999999999999425e-02 7.836999999999999522e-02 1.239619999999999944e+00
1.094230000000000036e+00 -3.368000000000000160e-02 -1.118000000000000070e-02 -4.154000000000000054e-02 1.281369999999999898e+00 -1.272800000000000042e-01 8.477999999999999425e-02 -7.836999999999999522e-02 1.239619999999999944e+00
1.094230000000000036e+00 3.368000000000000160e-02 1.118000000000000070e-02 4.154000000000000054e-02 1.281369999999999898e+00 -1.272800000000000042e-01 -8.477999999999999425e-02 -7.836999999999999522e-02 1.239619999999999944e+00
1.094230000000000036e+00 -3.368000000000000160e-02 1.118000000000000070e-02 -4.154000000000000054e-02 1.281369999999999898e+00 1.272800000000000042e-01 -8.477999999999999425e-02 7.836999999999999522e-02 1.239619999999999944e+00
1.094230000000000036e+00 3.368000000000000160e-02 -1.118000000000000070e-02 4.154000000000000054e-02 1.281369999999999898e+00 1.272800000000000042e-01 8.477999999999999425e-02 7.836999999999999522e-02 1.239619999999999944e+00
1.094230000000000036e+00 3.368000000000000160e-02 1.118000000000000070e-02 4.154000000000000054e-02 1.281369999999999898e+00 -1.272800000000000042e-01 -8.477999999999999425e-02 -7.836999999999999522e-02 1.239619999999999944e+00
1.094230000000000036e+00 -3.368000000000000160e-02 1.118000000000000070e-02 -4.154000000000000054e-02 1.281369999999999898e+00 1.272800000000000042e-01 -8.477999999999999425e-02 7.836999999999999522e-02 1.239619999999999944e+00
5.048269999999999591e+00 0.000000000000000000e+00 4.594000000000000167e-02 0.000000000000000000e+00 2.700169999999999959e+00 0.000000000000000000e+00 -1.549099999999999921e-01 -0.000000000000000000e+00 2.986369999999999969e+00
5.048269999999999591e+00 0.000000000000000000e+00 -4.594000000000000167e-02 0.000000000000000000e+00 2.700169999999999959e+00 0.000000000000000000e+00 1.549099999999999921e-01 0.000000000000000000e+00 2.986369999999999969e+00
5.048269999999999591e+00 0.000000000000000000e+00 -4.594000000000000167e-02 0.000000000000000000e+00 2.700169999999999959e+00 0.000000000000000000e+00 1.549099999999999921e-01 0.000000000000000000e+00 2.986369999999999969e+00
5.048269999999999591e+00 0.000000000000000000e+00 4.594000000000000167e-02 0.000000000000000000e+00 2.700169999999999959e+00 0.000000000000000000e+00 -1.549099999999999921e-01 -0.000000000000000000e+00 2.986369999999999969e+00
-2.968210000000000015e+00 3.701999999999999735e-02 8.017600000000000282e-01 1.323000000000000044e-02 -1.999919999999999920e+00 9.206000000000000294e-02 5.066500000000000448e-01 7.459999999999999964e-02 -1.214320000000000066e+00
-2.968210000000000015e+00 -3.701999999999999735e-02 -8.017600000000000282e-01 -1.323000000000000044e-02 -1.999919999999999920e+00 9.206000000000000294e-02 -5.066500000000000448e-01 7.459999999999999964e-02 -1.214320000000000066e+00
-2.968210000000000015e+00 3.701999999999999735e-02 -8.017600000000000282e-01 1.323000000000000044e-02 -1.999919999999999920e+00 -9.206000000000000294e-02 -5.066500000000000448e-01 -7.459999999999999964e-02 -1.214320000000000066e+00
-2.968210000000000015e+00 -3.701999999999999735e-02 8.017600000000000282e-01 -1.323000000000000044e-02 -1.999919999999999920e+00 -9.206000000000000294e-02 5.066500000000000448e-01 -7.459999999999999964e-02 -1.214320000000000066e+00
-2.968210000000000015e+00 3.701999999999999735e-02 8.017600000000000282e-01 1.323000000000000044e-02 -1.999919999999999920e+00 9.206000000000000294e-02 5.066500000000000448e-01 7.459999999999999964e-02 -1.214320000000000066e+00
-2.968210000000000015e+00 -3.701999999999999735e-02 -8.017600000000000282e-01 -1.323000000000000044e-02 -1.999919999999999920e+00 9.206000000000000294e-02 -5.066500000000000448e-01 7.459999999999999964e-02 -1.214320000000000066e+00
-2.968210000000000015e+00 3.701999999999999735e-02 -8.017600000000000282e-01 1.323000000000000044e-02 -1.999919999999999920e+00 -9.206000000000000294e-02 -5.066500000000000448e-01 -7.459999999999999964e-02 -1.214320000000000066e+00
-2.968210000000000015e+00 -3.701999999999999735e-02 8.017600000000000282e-01 -1.323000000000000044e-02 -1.999919999999999920e+00 -9.206000000000000294e-02 5.066500000000000448e-01 -7.459999999999999964e-02 -1.214320000000000066e+00
-1.300310000000000077e+00 -0.000000000000000000e+00 -1.850499999999999923e-01 0.000000000000000000e+00 -1.263050000000000006e+00 0.000000000000000000e+00 -2.849800000000000111e-01 -0.000000000000000000e+00 -3.036960000000000104e+00
-1.300310000000000077e+00 -0.000000000000000000e+00 -1.850499999999999923e-01 0.000000000000000000e+00 -1.263050000000000006e+00 0.000000000000000000e+00 -2.849800000000000111e-01 -0.000000000000000000e+00 -3.036960000000000104e+00
-1.300310000000000077e+00 0.000000000000000000e+00 1.850499999999999923e-01 0.000000000000000000e+00 -1.263050000000000006e+00 0.000000000000000000e+00 2.849800000000000111e-01 -0.000000000000000000e+00 -3.036960000000000104e+00
-1.300310000000000077e+00 0.000000000000000000e+00 1.850499999999999923e-01 0.000000000000000000e+00 -1.263050000000000006e+00 0.000000000000000000e+00 2.849800000000000111e-01 -0.000000000000000000e+00 -3.036960000000000104e+00
