1.216749999999999998e+00 -0.000000000000000000e+00 1.636999999999999914e-02 -0.000000000000000000e+00 1.146679999999999922e+00 0.000000000000000000e+00 3.821000000000000091e-02 0.000000000000000000e+00 1.040699999999999958e+00
1.216749999999999998e+00 -0.000000000000000000e+00 1.636999999999999914e-02 -0.000000000000000000e+00 1.146679999999999922e+00 0.000000000000000000e+00 3.821000000000000091e-02 0.000000000000000000e+00 1.040699999999999958e+00
6.688839999999999897e+00 6.688399999999999901e-01 -1.533490000000000020e+00 1.327550000000000008e+00 6.172360000000000291e+00 -3.171999999999999820e-01 -1.402200000000000113e-01 4.810200000000000031e-01 8.849019999999999442e+00
6.688839999999999897e+00 -6.688399999999999901e-01 -1.533490000000000020e+00 -1.327550000000000008e+00 6.172360000000000291e+00 3.171999999999999820e-01 -1.402200000000000113e-01 -4.810200000000000031e-01 8.849019999999999442e+00
3.598520000000000163e+00 -0.000000000000000000e+00 1.131939999999999946e+00 -0.000000000000000000e+00 4.291179999999999772e+00 0.000000000000000000e+00 -6.790999999999999814e-02 0.000000000000000000e+00 3.675800000000000178e+00
3.598520000000000163e+00 -0.000000000000000000e+00 1.131939999999999946e+00 -0.000000000000000000e+00 4.291179999999999772e+00 0.000000000000000000e+00 -6.790999999999999814e-02 0.000000000000000000e+00 3.675800000000000178e+00
-1.993130000000000068e+00 0.000000000000000000e+00 2.042279999999999873e+00 0.000000000000000000e+00 -1.351879999999999971e+00 -0.000000000000000000e+00 1.998799999999999910e+00 -0.000000000000000000e+00 -5.749399999999999622e+00
-1.993130000000000068e+00 0.000000000000000000e+00 2.042279999999999873e+00 0.000000000000000000e+00 -1.351879999999999971e+00 -0.000000000000000000e+00 1.998799999999999910e+00 -0.000000000000000000e+00 -5.749399999999999622e+00
-1.476769999999999916e+00 -3.472000000000000086e-01 2.507300000000000084e-01 -9.952999999999999348e-02 -3.151809999999999778e+00 1.002490000000000103e+00 1.899599999999999900e-01 1.172129999999999894e+00 -1.970320000000000071e+00
-1.476769999999999916e+00 3.472000000000000086e-01 2.507300000000000084e-01 9.952999999999999348e-02 -3.151809999999999778e+00 -1.002490000000000103e+00 1.899599999999999900e-01 -1.172129999999999894e+00 -1.970320000000000071e+00
-1.476769999999999916e+00 -3.472000000000000086e-01 2.507300000000000084e-01 -9.952999999999999348e-02 -3.151809999999999778e+00 1.002490000000000103e+00 1.899599999999999900e-01 1.172129999999999894e+00 -1.970320000000000071e+00
-1.476769999999999916e+00 3.472000000000000086e-01 2.507300000000000084e-01 9.952999999999999348e-02 -3.151809999999999778e+00 -1.002490000000000103e+00 1.899599999999999900e-01 -1.172129999999999894e+00 -1.970320000000000071e+00
-3.278719999999999857e+00 -9.876500000000000279e-01 -1.079280000000000017e+00 -1.296059999999999990e+00 -1.977370000000000072e+00 -6.276000000000000467e-01 -1.104409999999999892e+00 -5.972399999999999931e-01 -1.937750000000000083e+00
-3.278719999999999857e+00 9.876500000000000279e-01 -1.079280000000000017e+00 1.296059999999999990e+00 -1.977370000000000072e+00 6.276000000000000467e-01 -1.104409999999999892e+00 5.972399999999999931e-01 -1.937750000000000083e+00
-3.278719999999999857e+00 -9.876500000000000279e-01 -1.079280000000000017e+00 -1.296059999999999990e+00 -1.977370000000000072e+00 -6.276000000000000467e-01 -1.104409999999999892e+00 -5.972399999999999931e-01 -1.937750000000000083e+00
-3.278719999999999857e+00 9.876500000000000279e-01 -1.079280000000000017e+00 1.296059999999999990e+00 -1.977370000000000072e+00 6.276000000000000467e-01 -1.104409999999999892e+00 5.972399999999999931e-01 -1.937750000000000083e+00
