3.903929999999999900e+00 0.000000000000000000e+00 3.510800000000000032e-01 0.000000000000000000e+00 3.445710000000000051e+00 0.000000000000000000e+00 3.551300000000000012e-01 0.000000000000000000e+00 4.834520000000000373e+00
3.903929999999999900e+00 0.000000000000000000e+00 3.510800000000000032e-01 0.000000000000000000e+00 3.445710000000000051e+00 0.000000000000000000e+00 3.551300000000000012e-01 0.000000000000000000e+00 4.834520000000000373e+00
1.018420000000000103e+00 -1.989599999999999980e-01 -8.182000000000000384e-02 1.055000000000000035e-02 1.174819999999999975e+00 -1.340200000000000002e-01 7.885999999999999954e-02 6.707000000000000461e-02 1.078740000000000032e+00
1.018420000000000103e+00 1.989599999999999980e-01 -8.182000000000000384e-02 -1.055000000000000035e-02 1.174819999999999975e+00 1.340200000000000002e-01 7.885999999999999954e-02 -6.707000000000000461e-02 1.078740000000000032e+00
1.018420000000000103e+00 -1.989599999999999980e-01 -8.182000000000000384e-02 1.055000000000000035e-02 1.174819999999999975e+00 -1.340200000000000002e-01 7.885999999999999954e-02 6.707000000000000461e-02 1.078740000000000032e+00
1.018420000000000103e+00 1.989599999999999980e-01 -8.182000000000000384e-02 -1.055000000000000035e-02 1.174819999999999975e+00 1.340200000000000002e-01 7.885999999999999954e-02 -6.707000000000000461e-02 1.078740000000000032e+00
1.091120000000000090e+00 -1.503099999999999992e-01 -7.628000000000000058e-02 -2.810599999999999765e-01 1.414150000000000018e+00 -1.189599999999999963e-01 -1.856399999999999995e-01 -7.820000000000000562e-03 1.432399999999999896e+00
1.091120000000000090e+00 1.503099999999999992e-01 -7.628000000000000058e-02 2.810599999999999765e-01 1.414150000000000018e+00 1.189599999999999963e-01 -1.856399999999999995e-01 7.820000000000000562e-03 1.432399999999999896e+00
-2.450019999999999865e+00 -8.819599999999999662e-01 4.694300000000000139e-01 -8.966399999999999926e-01 -1.603050000000000086e+00 2.323999999999999955e-01 3.221200000000000174e-01 2.740000000000000074e-02 -1.438679999999999959e+00
-2.450019999999999865e+00 8.819599999999999662e-01 4.694300000000000139e-01 8.966399999999999926e-01 -1.603050000000000086e+00 -2.323999999999999955e-01 3.221200000000000174e-01 -2.740000000000000074e-02 -1.438679999999999959e+00
-2.450019999999999865e+00 -8.819599999999999662e-01 4.694300000000000139e-01 -8.966399999999999926e-01 -1.603050000000000086e+00 2.323999999999999955e-01 3.221200000000000174e-01 2.740000000000000074e-02 -1.438679999999999959e+00
-2.450019999999999865e+00 8.819599999999999662e-01 4.694300000000000139e-01 8.966399999999999926e-01 -1.603050000000000086e+00 -2.323999999999999955e-01 3.221200000000000174e-01 -2.740000000000000074e-02 -1.438679999999999959e+00
-1.065919999999999979e+00 -3.316899999999999848e-01 -5.250099999999999767e-01 -2.594000000000000195e-01 -2.001700000000000035e+00 -8.205900000000000416e-01 -4.857299999999999951e-01 -1.684800000000000075e+00 -2.773530000000000051e+00
-1.065919999999999979e+00 -3.316899999999999848e-01 -5.250099999999999767e-01 -2.594000000000000195e-01 -2.001700000000000035e+00 -8.205900000000000416e-01 -4.857299999999999951e-01 -1.684800000000000075e+00 -2.773530000000000051e+00
-1.065919999999999979e+00 3.316899999999999848e-01 -5.250099999999999767e-01 2.594000000000000195e-01 -2.001700000000000035e+00 8.205900000000000416e-01 -4.857299999999999951e-01 1.684800000000000075e+00 -2.773530000000000051e+00
-1.065919999999999979e+00 3.316899999999999848e-01 -5.250099999999999767e-01 2.594000000000000195e-01 -2.001700000000000035e+00 8.205900000000000416e-01 -4.857299999999999951e-01 1.684800000000000075e+00 -2.773530000000000051e+00
