-9.694279407229809686e-02
-7.763339511310354824e-02
-6.576396115337242165e-02
2.082341522689051594e+00
2.311749587165907283e+00
2.830931122577755588e+00
3.492762552633164042e+00
3.691832108055558503e+00
3.957177321370331846e+00
4.195822570574948784e+00
4.276238266538623378e+00
4.599271173190601303e+00
4.992822159830504702e+00
5.069288434564300339e+00
5.449242833933300112e+00
5.476520584649059664e+00
5.850941434338408520e+00
6.089423974275840479e+00
7.568548243464031877e+00
7.630898657664894280e+00
7.986462449538230146e+00
8.446106557840446172e+00
9.768505427243203698e+00
1.012445075306225206e+01
1.059728298386510836e+01
1.117837159081912546e+01
1.139361879354382978e+01
1.299039066646020046e+01
1.397601903069480933e+01
1.459201242908414464e+01
