1.159839999999999982e+00 0.000000000000000000e+00 0.000000000000000000e+00 0.000000000000000000e+00 1.159839999999999982e+00 0.000000000000000000e+00 0.000000000000000000e+00 0.000000000000000000e+00 1.339069999999999983e+00
1.159839999999999982e+00 0.000000000000000000e+00 0.000000000000000000e+00 0.000000000000000000e+00 1.159839999999999982e+00 0.000000000000000000e+00 0.000000000000000000e+00 -0.000000000000000000e+00 1.339069999999999983e+00
1.203240000000000087e+00 0.000000000000000000e+00 0.000000000000000000e+00 0.000000000000000000e+00 1.203240000000000087e+00 -0.000000000000000000e+00 0.000000000000000000e+00 -0.000000000000000000e+00 1.207529999999999992e+00
1.203240000000000087e+00 0.000000000000000000e+00 0.000000000000000000e+00 0.000000000000000000e+00 1.203240000000000087e+00 0.000000000000000000e+00 0.000000000000000000e+00 0.000000000000000000e+00 1.207529999999999992e+00
4.199360000000000426e+00 0.000000000000000000e+00 -0.000000000000000000e+00 0.000000000000000000e+00 4.199360000000000426e+00 0.000000000000000000e+00 0.000000000000000000e+00 0.000000000000000000e+00 3.488589999999999858e+00
4.199360000000000426e+00 0.000000000000000000e+00 -0.000000000000000000e+00 0.000000000000000000e+00 4.199360000000000426e+00 0.000000000000000000e+00 0.000000000000000000e+00 0.000000000000000000e+00 3.488589999999999858e+00
4.670930000000000248e+00 0.000000000000000000e+00 0.000000000000000000e+00 0.000000000000000000e+00 4.670930000000000248e+00 0.000000000000000000e+00 0.000000000000000000e+00 0.000000000000000000e+00 3.073409999999999975e+00
4.670930000000000248e+00 0.000000000000000000e+00 0.000000000000000000e+00 0.000000000000000000e+00 4.670930000000000248e+00 -0.000000000000000000e+00 0.000000000000000000e+00 -0.000000000000000000e+00 3.073409999999999975e+00
-1.075720000000000010e+00 0.000000000000000000e+00 0.000000000000000000e+00 0.000000000000000000e+00 -1.075720000000000010e+00 0.000000000000000000e+00 0.000000000000000000e+00 0.000000000000000000e+00 -3.188940000000000108e+00
-1.075720000000000010e+00 0.000000000000000000e+00 0.000000000000000000e+00 0.000000000000000000e+00 -1.075720000000000010e+00 0.000000000000000000e+00 0.000000000000000000e+00 0.000000000000000000e+00 -3.188940000000000108e+00
-2.539410000000000167e+00 2.694300000000000028e-01 -7.039299999999999446e-01 2.694300000000000028e-01 -2.539410000000000167e+00 7.039299999999999446e-01 -3.143299999999999983e-01 3.143299999999999983e-01 -1.479919999999999902e+00
-2.539410000000000167e+00 2.694300000000000028e-01 7.039299999999999446e-01 2.694300000000000028e-01 -2.539410000000000167e+00 -7.039299999999999446e-01 3.143299999999999983e-01 -3.143299999999999983e-01 -1.479919999999999902e+00
-2.539410000000000167e+00 2.694300000000000028e-01 -7.039299999999999446e-01 2.694300000000000028e-01 -2.539410000000000167e+00 7.039299999999999446e-01 -3.143299999999999983e-01 3.143299999999999983e-01 -1.479919999999999902e+00
-2.539410000000000167e+00 -2.694300000000000028e-01 7.039299999999999446e-01 -2.694300000000000028e-01 -2.539410000000000167e+00 7.039299999999999446e-01 3.143299999999999983e-01 3.143299999999999983e-01 -1.479919999999999902e+00
-2.539410000000000167e+00 -2.694300000000000028e-01 -7.039299999999999446e-01 -2.694300000000000028e-01 -2.539410000000000167e+00 -7.039299999999999446e-01 -3.143299999999999983e-01 -3.143299999999999983e-01 -1.479919999999999902e+00
-2.539410000000000167e+00 -2.694300000000000028e-01 -7.039299999999999446e-01 -2.694300000000000028e-01 -2.539410000000000167e+00 -7.039299999999999446e-01 -3.143299999999999983e-01 -3.143299999999999983e-01 -1.479919999999999902e+00
-2.539410000000000167e+00 2.694300000000000028e-01 7.039299999999999446e-01 2.694300000000000028e-01 -2.539410000000000167e+00 -7.039299999999999446e-01 3.143299999999999983e-01 -3.143299999999999983e-01 -1.479919999999999902e+00
-2.539410000000000167e+00 -2.694300000000000028e-01 7.039299999999999446e-01 -2.694300000000000028e-01 -2.539410000000000167e+00 7.039299999999999446e-01 3.143299999999999983e-01 3.143299999999999983e-01 -1.479919999999999902e+00
