-9.858517626905172193e-02
-6.275352890475562051e-02
-2.200246065784461358e-02
3.299248778131167459e+00
3.894454762864758113e+00
4.054676608559553586e+00
6.641326938195408758e+00
6.931530639043587350e+00
7.299549588844506331e+00
7.407438848886975791e+00
9.390868953403620267e+00
9.758194223318163552e+00
1.063882394816269183e+01
1.072947482405359843e+01
1.085152602171694625e+01
1.122177316648309287e+01
1.164789719219739617e+01
1.314225418259744238e+01
1.353403823697864361e+01
1.485216421939913722e+01
1.557025391572019224e+01
1.587801565057800346e+01
1.680450350352547773e+01
1.763149310183343488e+01
1.828324982053245407e+01
2.221004867171614450e+01
2.440102891273234675e+01
