1.413480000000000070e+00 0.000000000000000000e+00 2.365000000000000088e-02 0.000000000000000000e+00 1.478760000000000074e+00 0.000000000000000000e+00 1.074999999999999914e-02 -0.000000000000000000e+00 1.538149999999999906e+00
1.413480000000000070e+00 0.000000000000000000e+00 -2.365000000000000088e-02 0.000000000000000000e+00 1.478760000000000074e+00 0.000000000000000000e+00 -1.074999999999999914e-02 -0.000000000000000000e+00 1.538149999999999906e+00
1.413480000000000070e+00 -0.000000000000000000e+00 2.365000000000000088e-02 0.000000000000000000e+00 1.478760000000000074e+00 0.000000000000000000e+00 1.074999999999999914e-02 -0.000000000000000000e+00 1.538149999999999906e+00
1.413480000000000070e+00 0.000000000000000000e+00 -2.365000000000000088e-02 0.000000000000000000e+00 1.478760000000000074e+00 0.000000000000000000e+00 -1.074999999999999914e-02 -0.000000000000000000e+00 1.538149999999999906e+00
1.459279999999999911e+00 0.000000000000000000e+00 5.958000000000000101e-02 0.000000000000000000e+00 1.396220000000000017e+00 0.000000000000000000e+00 -1.497000000000000067e-02 0.000000000000000000e+00 1.257779999999999898e+00
1.459279999999999911e+00 0.000000000000000000e+00 5.958000000000000101e-02 0.000000000000000000e+00 1.396220000000000017e+00 0.000000000000000000e+00 -1.497000000000000067e-02 0.000000000000000000e+00 1.257779999999999898e+00
1.459279999999999911e+00 0.000000000000000000e+00 -5.958000000000000101e-02 0.000000000000000000e+00 1.396220000000000017e+00 0.000000000000000000e+00 1.497000000000000067e-02 -0.000000000000000000e+00 1.257779999999999898e+00
1.459279999999999911e+00 0.000000000000000000e+00 -5.958000000000000101e-02 0.000000000000000000e+00 1.396220000000000017e+00 0.000000000000000000e+00 1.497000000000000067e-02 -0.000000000000000000e+00 1.257779999999999898e+00
2.453069999999999862e+00 0.000000000000000000e+00 2.991999999999999868e-02 0.000000000000000000e+00 2.553929999999999811e+00 0.000000000000000000e+00 -3.429000000000000103e-02 0.000000000000000000e+00 2.379649999999999821e+00
2.453069999999999862e+00 -0.000000000000000000e+00 2.991999999999999868e-02 0.000000000000000000e+00 2.553929999999999811e+00 0.000000000000000000e+00 -3.429000000000000103e-02 0.000000000000000000e+00 2.379649999999999821e+00
2.453069999999999862e+00 -0.000000000000000000e+00 -2.991999999999999868e-02 0.000000000000000000e+00 2.553929999999999811e+00 0.000000000000000000e+00 3.429000000000000103e-02 0.000000000000000000e+00 2.379649999999999821e+00
2.453069999999999862e+00 0.000000000000000000e+00 -2.991999999999999868e-02 0.000000000000000000e+00 2.553929999999999811e+00 0.000000000000000000e+00 3.429000000000000103e-02 0.000000000000000000e+00 2.379649999999999821e+00
-2.486749999999999794e+00 0.000000000000000000e+00 3.248000000000000193e-02 0.000000000000000000e+00 -6.014399999999999746e-01 0.000000000000000000e+00 7.370000000000000162e-02 0.000000000000000000e+00 -6.688100000000000156e-01
-2.486749999999999794e+00 0.000000000000000000e+00 3.248000000000000193e-02 0.000000000000000000e+00 -6.014399999999999746e-01 0.000000000000000000e+00 7.370000000000000162e-02 0.000000000000000000e+00 -6.688100000000000156e-01
-2.486749999999999794e+00 0.000000000000000000e+00 -3.248000000000000193e-02 0.000000000000000000e+00 -6.014399999999999746e-01 0.000000000000000000e+00 -7.370000000000000162e-02 0.000000000000000000e+00 -6.688100000000000156e-01
-2.486749999999999794e+00 0.000000000000000000e+00 -3.248000000000000193e-02 0.000000000000000000e+00 -6.014399999999999746e-01 0.000000000000000000e+00 -7.370000000000000162e-02 0.000000000000000000e+00 -6.688100000000000156e-01
-8.730900000000000327e-01 0.000000000000000000e+00 4.613099999999999978e-01 0.000000000000000000e+00 -7.767699999999999605e-01 0.000000000000000000e+00 4.362099999999999866e-01 0.000000000000000000e+00 -2.363319999999999865e+00
-8.730900000000000327e-01 0.000000000000000000e+00 -4.613099999999999978e-01 0.000000000000000000e+00 -7.767699999999999605e-01 0.000000000000000000e+00 -4.362099999999999866e-01 0.000000000000000000e+00 -2.363319999999999865e+00
-8.730900000000000327e-01 0.000000000000000000e+00 4.613099999999999978e-01 0.000000000000000000e+00 -7.767699999999999605e-01 0.000000000000000000e+00 4.362099999999999866e-01 0.000000000000000000e+00 -2.363319999999999865e+00
-8.730900000000000327e-01 0.000000000000000000e+00 -4.613099999999999978e-01 0.000000000000000000e+00 -7.767699999999999605e-01 0.000000000000000000e+00 -4.362099999999999866e-01 0.000000000000000000e+00 -2.363319999999999865e+00
-9.829999999999999849e-01 4.853299999999999836e-01 3.026400000000000201e-01 5.483599999999999586e-01 -2.025349999999999984e+00 -7.142199999999999660e-01 2.485100000000000087e-01 -6.594999999999999751e-01 -1.071730000000000071e+00
-9.829999999999999849e-01 -4.853299999999999836e-01 3.026400000000000201e-01 -5.483599999999999586e-01 -2.025349999999999984e+00 7.142199999999999660e-01 2.485100000000000087e-01 6.594999999999999751e-01 -1.071730000000000071e+00
-9.829999999999999849e-01 4.853299999999999836e-01 3.026400000000000201e-01 5.483599999999999586e-01 -2.025349999999999984e+00 -7.142199999999999660e-01 2.485100000000000087e-01 -6.594999999999999751e-01 -1.071730000000000071e+00
-9.829999999999999849e-01 4.853299999999999836e-01 -3.026400000000000201e-01 5.483599999999999586e-01 -2.025349999999999984e+00 7.142199999999999660e-01 -2.485100000000000087e-01 6.594999999999999751e-01 -1.071730000000000071e+00
-9.829999999999999849e-01 -4.853299999999999836e-01 -3.026400000000000201e-01 -5.483599999999999586e-01 -2.025349999999999984e+00 -7.142199999999999660e-01 -2.485100000000000087e-01 -6.594999999999999751e-01 -1.071730000000000071e+00
-9.829999999999999849e-01 -4.853299999999999836e-01 3.026400000000000201e-01 -5.483599999999999586e-01 -2.025349999999999984e+00 7.142199999999999660e-01 2.485100000000000087e-01 6.594999999999999751e-01 -1.071730000000000071e+00
-9.829999999999999849e-01 4.853299999999999836e-01 -3.026400000000000201e-01 5.483599999999999586e-01 -2.025349999999999984e+00 7.142199999999999660e-01 -2.485100000000000087e-01 6.594999999999999751e-01 -1.071730000000000071e+00
-9.829999999999999849e-01 -4.853299999999999836e-01 -3.026400000000000201e-01 -5.483599999999999586e-01 -2.025349999999999984e+00 -7.142199999999999660e-01 -2.485100000000000087e-01 -6.594999999999999751e-01 -1.071730000000000071e+00
