-1.289852533091617182e-01
-1.289852368062064936e-01
-1.134639575701638405e-02
1.029140203235834772e+00
1.029140205009812625e+00
1.765948091890672700e+00
1.765948093887324211e+00
2.292826267747475111e+00
2.315651769660324710e+00
2.968370365438188774e+00
2.968370365793880694e+00
3.022692530474924144e+00
4.145940294581961005e+00
4.197099501088477957e+00
4.197099501591388560e+00
5.856331373197424028e+00
5.856331373310442956e+00
6.756569405181078736e+00
8.423525966194747028e+00
8.423525966604950455e+00
9.101074100255962307e+00
9.101074101604679001e+00
9.473249080409940959e+00
9.637493181087711136e+00
9.882735288698937026e+00
9.882735288942793517e+00
9.976613708958746329e+00
9.976613709523782347e+00
2.383764244614971162e+01
2.383764244636165586e+01
2.412372608387980577e+01
2.412372608405670960e+01
2.611756807950478532e+01
2.798400145932246730e+01
2.840160060742680415e+01
2.860944959830233714e+01
