1.386209999999999942e+00 -1.284099999999999964e-01 -1.574000000000000052e-02 -1.390599999999999892e-01 1.291230000000000100e+00 7.680000000000000195e-03 -3.758000000000000229e-02 -6.271999999999999797e-02 1.302110000000000101e+00
1.386209999999999942e+00 -1.284099999999999964e-01 -1.574000000000000052e-02 -1.390599999999999892e-01 1.291230000000000100e+00 7.680000000000000195e-03 -3.758000000000000229e-02 -6.271999999999999797e-02 1.302110000000000101e+00
1.463189999999999991e+00 2.991999999999999868e-02 2.826999999999999999e-02 2.769999999999999893e-03 1.517949999999999910e+00 1.583999999999999991e-02 7.960000000000000062e-03 3.851999999999999869e-02 1.207179999999999920e+00
1.463189999999999991e+00 2.991999999999999868e-02 2.826999999999999999e-02 2.769999999999999893e-03 1.517949999999999910e+00 1.583999999999999991e-02 7.960000000000000062e-03 3.851999999999999869e-02 1.207179999999999920e+00
8.352300000000000280e-01 1.779999999999999898e-03 -1.956000000000000100e-02 2.595000000000000084e-02 1.080799999999999983e+00 -3.824000000000000316e-02 4.884999999999999759e-02 8.729000000000000647e-02 1.065569999999999906e+00
8.352300000000000280e-01 1.779999999999999898e-03 -1.956000000000000100e-02 2.595000000000000084e-02 1.080799999999999983e+00 -3.824000000000000316e-02 4.884999999999999759e-02 8.729000000000000647e-02 1.065569999999999906e+00
1.189060000000000006e+00 -5.883000000000000035e-02 -3.047000000000000056e-02 1.940000000000000101e-03 8.721900000000000208e-01 -8.143999999999999850e-02 -2.510000000000000078e-02 -1.181299999999999989e-01 9.828700000000000214e-01
1.189060000000000006e+00 -5.883000000000000035e-02 -3.047000000000000056e-02 1.940000000000000101e-03 8.721900000000000208e-01 -8.143999999999999850e-02 -2.510000000000000078e-02 -1.181299999999999989e-01 9.828700000000000214e-01
2.775749999999999940e+00 8.119999999999999440e-02 -8.361000000000000376e-02 1.608799999999999952e-01 2.657270000000000021e+00 -1.528000000000000018e-02 2.248999999999999957e-02 5.487000000000000210e-02 2.956820000000000004e+00
2.775749999999999940e+00 8.119999999999999440e-02 -8.361000000000000376e-02 1.608799999999999952e-01 2.657270000000000021e+00 -1.528000000000000018e-02 2.248999999999999957e-02 5.487000000000000210e-02 2.956820000000000004e+00
-1.775560000000000027e+00 -3.130100000000000104e-01 6.654000000000000192e-02 -4.425299999999999789e-01 -2.109020000000000117e+00 3.699999999999999817e-02 -3.980000000000000031e-03 -4.581999999999999962e-02 -1.697629999999999972e+00
-1.775560000000000027e+00 -3.130100000000000104e-01 6.654000000000000192e-02 -4.425299999999999789e-01 -2.109020000000000117e+00 3.699999999999999817e-02 -3.980000000000000031e-03 -4.581999999999999962e-02 -1.697629999999999972e+00
-1.873070000000000013e+00 3.858099999999999863e-01 3.120299999999999740e-01 3.727800000000000002e-01 -1.954399999999999915e+00 -3.114600000000000146e-01 2.267899999999999916e-01 -3.497799999999999798e-01 -1.762620000000000076e+00
-1.873070000000000013e+00 3.858099999999999863e-01 3.120299999999999740e-01 3.727800000000000002e-01 -1.954399999999999915e+00 -3.114600000000000146e-01 2.267899999999999916e-01 -3.497799999999999798e-01 -1.762620000000000076e+00
-1.764170000000000016e+00 -1.182700000000000001e-01 1.750099999999999989e-01 -1.021399999999999947e-01 -1.699600000000000000e+00 2.566200000000000148e-01 1.620099999999999874e-01 3.179299999999999904e-01 -2.195180000000000131e+00
-1.764170000000000016e+00 -1.182700000000000001e-01 1.750099999999999989e-01 -1.021399999999999947e-01 -1.699600000000000000e+00 2.566200000000000148e-01 1.620099999999999874e-01 3.179299999999999904e-01 -2.195180000000000131e+00
-2.236650000000000027e+00 1.198000000000000037e-01 -4.324700000000000211e-01 1.194000000000000061e-01 -1.656420000000000003e+00 1.292800000000000060e-01 -4.014499999999999735e-01 7.782999999999999641e-02 -1.859140000000000015e+00
-2.236650000000000027e+00 1.198000000000000037e-01 -4.324700000000000211e-01 1.194000000000000061e-01 -1.656420000000000003e+00 1.292800000000000060e-01 -4.014499999999999735e-01 7.782999999999999641e-02 -1.859140000000000015e+00
