-1.959412541956973355e-02
-1.584059478152480965e-02
-8.388381562614377271e-03
3.530677403882201748e+00
5.446311904613479804e+00
6.880109946375816854e+00
7.085886005335628290e+00
7.648576666117841150e+00
7.670243171362801426e+00
8.139484166490181138e+00
9.122511128284859439e+00
9.402809703441581846e+00
9.716625518030657105e+00
9.925835636465805578e+00
1.009577419147425736e+01
1.044389073703076676e+01
1.096840179842445551e+01
1.178515909481261836e+01
1.189048866196644560e+01
1.192723358919411680e+01
1.254912418053570988e+01
1.338500769246368094e+01
1.365048354317256596e+01
1.409238365619522071e+01
1.433397576230593984e+01
1.436106392617696592e+01
1.509058030602101574e+01
1.576290697786635242e+01
1.611395871389164824e+01
1.800659125608889255e+01
1.839604464657659477e+01
1.848548427445106412e+01
2.241813642416085628e+01
