-3.663739933455976150e-01
-1.167564906118713358e-01
-9.056511591114980997e-02
2.379727339423573618e+00
2.980251130357976841e+00
2.994825208588975496e+00
3.357788200586809157e+00
4.077677132878472221e+00
4.588543668747198545e+00
4.799377553391689588e+00
5.104591570341352913e+00
6.793649703951477825e+00
7.405982595172635463e+00
7.603666142065944378e+00
9.007307383452614502e+00
9.115405388681296017e+00
9.427883357360759220e+00
9.883763797258612982e+00
1.092125070676431342e+01
1.130259085342825287e+01
1.141672089524833744e+01
1.163671409806049972e+01
1.270309171028848461e+01
1.273837901775575254e+01
1.335156444016954858e+01
1.345050199806683722e+01
1.450707189614775494e+01
1.477613721511816536e+01
1.503596056126777647e+01
1.540559823570639608e+01
1.674362768339047847e+01
1.747278672679318134e+01
1.775352739598528373e+01
1.848030651802074331e+01
1.863527496443237297e+01
1.901221715108471955e+01
