-1.278951149057299397e-01
-3.536199360863923058e-02
-3.536189768561247976e-02
1.839254927564576647e+00
1.844026802600533754e+00
2.174631231379767105e+00
2.174631232654516300e+00
3.233585046932861751e+00
3.233585049114275467e+00
3.424793877684471077e+00
3.424793878033729921e+00
3.940192294637533621e+00
3.940192295233740705e+00
4.404465300112147652e+00
4.651716810400511548e+00
4.661191791437849119e+00
4.661191792042533422e+00
4.735584094525060017e+00
4.735584094648208620e+00
5.202285130935771384e+00
5.921491451566526010e+00
5.921491451808736706e+00
6.007772427015373395e+00
6.007772427401333104e+00
6.270129146998468350e+00
6.270129147677743653e+00
6.723897031082604059e+00
6.990566822830622584e+00
7.306540081385222152e+00
7.512407154900964557e+00
8.189437751996376136e+00
8.189437752307279439e+00
8.828095365083749257e+00
8.828095365504747605e+00
8.987483762413194910e+00
9.661089057074402575e+00
1.045270182848778617e+01
1.045787828690840904e+01
1.045787828697312349e+01
1.083776671188869756e+01
1.083776671227247412e+01
1.110282080344348010e+01
1.110282080356455481e+01
1.128620188491488641e+01
1.128620188634555710e+01
1.237010562128047830e+01
1.303993800738385112e+01
1.303993800782286350e+01
1.320439392828696690e+01
1.320439392919834809e+01
1.402587348756087415e+01
1.488856052148724274e+01
1.488856052217528436e+01
1.515509110644256019e+01
1.515509110653556846e+01
1.527464458991192409e+01
1.581767945330125080e+01
1.621298412119531207e+01
1.641689596913898441e+01
1.743651512049917329e+01
1.855803081016052403e+01
1.876765672317154454e+01
2.196689042567180650e+01
2.196689042584493734e+01
2.198370842504698075e+01
2.198370842512881040e+01
2.730710122403609574e+01
2.730710122439432297e+01
2.764129104594914210e+01
2.770069150999466245e+01
2.770069151011913178e+01
2.820039643316543376e+01
2.820039643317519307e+01
2.846005178125893309e+01
2.846005178143573033e+01
2.878854325771505529e+01
2.889226852451508876e+01
2.967448747516395713e+01
3.023259274175838840e+01
3.023259274186774448e+01
3.030659133105133307e+01
3.030659133117685755e+01
3.089609997086409265e+01
3.312422452154326180e+01
