1.062019999999999964e+00 -3.239999999999999825e-02 5.579999999999999891e-03 -2.506999999999999854e-02 1.033409999999999940e+00 -3.624000000000000138e-02 -3.232999999999999763e-02 9.860000000000000708e-03 1.043819999999999970e+00
1.062019999999999964e+00 3.239999999999999825e-02 5.579999999999999891e-03 2.506999999999999854e-02 1.033409999999999940e+00 3.624000000000000138e-02 -3.232999999999999763e-02 -9.860000000000000708e-03 1.043819999999999970e+00
1.062019999999999964e+00 3.239999999999999825e-02 -5.579999999999999891e-03 2.506999999999999854e-02 1.033409999999999940e+00 -3.624000000000000138e-02 3.232999999999999763e-02 9.860000000000000708e-03 1.043819999999999970e+00
1.062019999999999964e+00 -3.239999999999999825e-02 -5.579999999999999891e-03 -2.506999999999999854e-02 1.033409999999999940e+00 3.624000000000000138e-02 3.232999999999999763e-02 -9.860000000000000708e-03 1.043819999999999970e+00
2.991760000000000197e+00 2.008699999999999930e-01 2.778599999999999959e-01 5.437999999999999778e-02 3.134959999999999969e+00 4.495999999999999996e-02 -2.275899999999999868e-01 -3.490999999999999659e-02 3.160730000000000040e+00
2.991760000000000197e+00 2.008699999999999930e-01 -2.778599999999999959e-01 5.437999999999999778e-02 3.134959999999999969e+00 -4.495999999999999996e-02 2.275899999999999868e-01 3.490999999999999659e-02 3.160730000000000040e+00
2.991760000000000197e+00 -2.008699999999999930e-01 -2.778599999999999959e-01 -5.437999999999999778e-02 3.134959999999999969e+00 4.495999999999999996e-02 2.275899999999999868e-01 -3.490999999999999659e-02 3.160730000000000040e+00
2.991760000000000197e+00 -2.008699999999999930e-01 2.778599999999999959e-01 -5.437999999999999778e-02 3.134959999999999969e+00 -4.495999999999999996e-02 -2.275899999999999868e-01 3.490999999999999659e-02 3.160730000000000040e+00
-1.638810000000000100e+00 -3.278800000000000048e-01 1.054199999999999998e-01 -3.599899999999999767e-01 -1.697990000000000110e+00 1.173000000000000015e-01 3.599000000000000116e-02 8.422000000000000319e-02 -1.447680000000000078e+00
-1.638810000000000100e+00 3.278800000000000048e-01 1.054199999999999998e-01 3.599899999999999767e-01 -1.697990000000000110e+00 -1.173000000000000015e-01 3.599000000000000116e-02 -8.422000000000000319e-02 -1.447680000000000078e+00
-1.293959999999999999e+00 8.121199999999999530e-01 0.000000000000000000e+00 6.097200000000000397e-01 -2.790299999999999780e+00 0.000000000000000000e+00 0.000000000000000000e+00 0.000000000000000000e+00 -1.058859999999999912e+00
-1.638810000000000100e+00 -3.278800000000000048e-01 -1.054199999999999998e-01 -3.599899999999999767e-01 -1.697990000000000110e+00 -1.173000000000000015e-01 -3.599000000000000116e-02 -8.422000000000000319e-02 -1.447680000000000078e+00
-1.293959999999999999e+00 -8.121199999999999530e-01 0.000000000000000000e+00 -6.097200000000000397e-01 -2.790299999999999780e+00 0.000000000000000000e+00 0.000000000000000000e+00 0.000000000000000000e+00 -1.058859999999999912e+00
-1.768000000000000016e+00 -9.891999999999999404e-02 -6.011600000000000277e-01 -1.022200000000000053e-01 -1.075220000000000065e+00 7.514999999999999458e-02 -6.385399999999999965e-01 3.550999999999999990e-02 -2.227440000000000087e+00
-1.768000000000000016e+00 9.891999999999999404e-02 -6.011600000000000277e-01 1.022200000000000053e-01 -1.075220000000000065e+00 -7.514999999999999458e-02 -6.385399999999999965e-01 -3.550999999999999990e-02 -2.227440000000000087e+00
-1.768000000000000016e+00 9.891999999999999404e-02 6.011600000000000277e-01 1.022200000000000053e-01 -1.075220000000000065e+00 7.514999999999999458e-02 6.385399999999999965e-01 3.550999999999999990e-02 -2.227440000000000087e+00
-1.768000000000000016e+00 -9.891999999999999404e-02 6.011600000000000277e-01 -1.022200000000000053e-01 -1.075220000000000065e+00 -7.514999999999999458e-02 6.385399999999999965e-01 -3.550999999999999990e-02 -2.227440000000000087e+00
-1.638810000000000100e+00 3.278800000000000048e-01 -1.054199999999999998e-01 3.599899999999999767e-01 -1.697990000000000110e+00 1.173000000000000015e-01 -3.599000000000000116e-02 8.422000000000000319e-02 -1.447680000000000078e+00
