-1.316652000571058578e-01
-1.209550804007160363e-01
-4.109508179722191901e-02
1.343111926286112867e+00
1.553259130960435108e+00
1.784924538042103048e+00
1.819433848576914370e+00
1.942545623038404168e+00
2.514286584987448503e+00
2.676245365404131604e+00
2.872983755218332824e+00
3.174838843955670065e+00
4.368380983386275673e+00
7.525150287494409618e+00
8.012716382469402987e+00
8.264977930443915710e+00
1.452928858905000631e+01
1.607007629231020474e+01
1.618786250671998417e+01
1.662498625372497330e+01
1.688686325842763480e+01
1.732696929264856678e+01
1.759736749641559328e+01
1.785228582873157421e+01
