-4.805669815301170239e-02
-4.805669815259748512e-02
-4.805669815228906516e-02
1.645636697088347811e+00
1.645636697088362022e+00
1.645636697088372680e+00
2.592648825662973611e+00
2.592648825662976275e+00
2.592648825662988710e+00
2.693037920443848154e+00
2.693037920443853039e+00
3.166615803605072887e+00
3.166615803605079993e+00
3.166615803605081325e+00
3.838204339081918270e+00
3.838204339081922711e+00
4.095494276655685439e+00
4.095494276655688104e+00
4.095494276655694321e+00
4.979997703440234957e+00
4.979997703440240286e+00
4.979997703440250945e+00
6.243099516704083918e+00
6.879418634316610159e+00
6.879418634316611936e+00
6.879418634316613712e+00
7.319076954113456601e+00
7.319076954113461042e+00
7.319076954113468148e+00
7.882805408091787314e+00
8.370995966536774802e+00
8.370995966536781907e+00
8.370995966536787236e+00
8.959847230309565091e+00
8.959847230309566868e+00
8.959847230309570421e+00
9.126969271063998690e+00
9.126969271064004019e+00
9.126969271064005795e+00
9.535082355036676560e+00
9.535082355036678337e+00
9.713951117046718764e+00
9.713951117046718764e+00
1.061449096599326580e+01
1.078993765172394603e+01
1.078993765172395136e+01
1.078993765172395491e+01
1.168858123537193983e+01
1.168858123537194160e+01
1.168858123537194338e+01
1.460672926873936461e+01
1.525420957332979555e+01
1.525420957332979555e+01
1.525420957332979732e+01
1.530027270076151957e+01
1.530027270076153023e+01
1.530027270076153201e+01
1.733632415728078513e+01
1.733632415728079224e+01
1.733632415728079934e+01
1.779654972199303131e+01
1.779654972199303131e+01
1.779654972199304197e+01
2.306418852198915914e+01
2.306418852198915914e+01
2.306418852198916625e+01
