-2.370826198704363910e-02
-2.370826198654295280e-02
-3.957937562879155526e-03
1.803762845218900068e+00
1.803762845218902955e+00
1.962576430007932027e+00
2.625833167053887252e+00
3.594107593511107979e+00
3.594107593511109311e+00
4.230661078382098594e+00
4.388543270585985923e+00
4.388543270585985923e+00
4.447223607541513246e+00
4.447223607541515022e+00
4.727618570707505796e+00
4.795053771335625825e+00
7.213291808022479046e+00
7.213291808022479934e+00
8.750926012362809203e+00
9.214630073135865018e+00
9.214630073135870347e+00
