-1.976911155492698524e-01
-9.604687681419049605e-02
-7.200338085112102660e-02
4.743934052068543572e+00
5.346206859887589147e+00
5.639696078925589440e+00
5.819861842384833395e+00
5.915666297247855532e+00
5.983715381230243047e+00
6.126927669384956587e+00
6.128732549419512843e+00
6.600351638389670761e+00
6.929839212432405304e+00
7.189524370289344546e+00
7.201738969407030844e+00
7.203389707386890883e+00
7.446986743069541781e+00
7.929577819091698565e+00
7.994417455405411488e+00
8.903519563433563988e+00
8.944214186450659909e+00
1.118952918791063311e+01
1.149600146389919963e+01
1.193172030603871825e+01
1.202976603018667312e+01
1.440207945844443316e+01
1.507304150089671779e+01
1.550410404123355335e+01
1.700039363419611860e+01
2.085817674515028131e+01
2.546395622300495631e+01
2.614980756562840725e+01
2.779533254212843474e+01
2.839194453563453990e+01
3.000818015849473497e+01
3.003746575578010081e+01
