2.833520000000000039e+00 0.000000000000000000e+00 0.000000000000000000e+00 0.000000000000000000e+00 2.833520000000000039e+00 0.000000000000000000e+00 0.000000000000000000e+00 0.000000000000000000e+00 3.491410000000000124e+00
2.833520000000000039e+00 0.000000000000000000e+00 0.000000000000000000e+00 0.000000000000000000e+00 2.833520000000000039e+00 0.000000000000000000e+00 0.000000000000000000e+00 0.000000000000000000e+00 3.491410000000000124e+00
2.914289999999999825e+00 0.000000000000000000e+00 0.000000000000000000e+00 0.000000000000000000e+00 2.914289999999999825e+00 0.000000000000000000e+00 0.000000000000000000e+00 0.000000000000000000e+00 2.448160000000000114e+00
3.130549999999999944e+00 0.000000000000000000e+00 0.000000000000000000e+00 0.000000000000000000e+00 3.130549999999999944e+00 0.000000000000000000e+00 0.000000000000000000e+00 0.000000000000000000e+00 3.233270000000000088e+00
3.130549999999999944e+00 0.000000000000000000e+00 0.000000000000000000e+00 0.000000000000000000e+00 3.130549999999999944e+00 0.000000000000000000e+00 0.000000000000000000e+00 0.000000000000000000e+00 3.233270000000000088e+00
-9.425700000000000189e-01 -0.000000000000000000e+00 -0.000000000000000000e+00 -0.000000000000000000e+00 -9.425700000000000189e-01 -0.000000000000000000e+00 -0.000000000000000000e+00 -0.000000000000000000e+00 -3.413899999999999935e+00
-9.425700000000000189e-01 -0.000000000000000000e+00 -0.000000000000000000e+00 -0.000000000000000000e+00 -9.425700000000000189e-01 -0.000000000000000000e+00 -0.000000000000000000e+00 -0.000000000000000000e+00 -3.413899999999999935e+00
-2.584999999999999964e+00 7.369099999999999540e-01 5.488899999999999890e-01 7.369099999999999540e-01 -1.734089999999999909e+00 -3.169000000000000150e-01 5.862100000000000088e-01 -3.384499999999999731e-01 -1.511619999999999964e+00
-2.584999999999999964e+00 -7.369099999999999540e-01 -5.488899999999999890e-01 -7.369099999999999540e-01 -1.734089999999999909e+00 -3.169000000000000150e-01 -5.862100000000000088e-01 -3.384499999999999731e-01 -1.511619999999999964e+00
-1.308640000000000025e+00 -0.000000000000000000e+00 -0.000000000000000000e+00 0.000000000000000000e+00 -3.010460000000000136e+00 6.338000000000000300e-01 -0.000000000000000000e+00 6.768999999999999462e-01 -1.511619999999999964e+00
-2.584999999999999964e+00 7.369099999999999540e-01 5.488899999999999890e-01 7.369099999999999540e-01 -1.734089999999999909e+00 -3.169000000000000150e-01 5.862100000000000088e-01 -3.384499999999999731e-01 -1.511619999999999964e+00
-1.308640000000000025e+00 -0.000000000000000000e+00 -0.000000000000000000e+00 0.000000000000000000e+00 -3.010460000000000136e+00 6.338000000000000300e-01 -0.000000000000000000e+00 6.768999999999999462e-01 -1.511619999999999964e+00
-2.584999999999999964e+00 -7.369099999999999540e-01 -5.488899999999999890e-01 -7.369099999999999540e-01 -1.734089999999999909e+00 -3.169000000000000150e-01 -5.862100000000000088e-01 -3.384499999999999731e-01 -1.511619999999999964e+00
