2.660880000000000134e+00 -0.000000000000000000e+00 0.000000000000000000e+00 0.000000000000000000e+00 2.785169999999999924e+00 3.933200000000000029e-01 0.000000000000000000e+00 4.535399999999999987e-01 2.562570000000000014e+00
2.754100000000000215e+00 5.381999999999999978e-02 -3.406299999999999883e-01 5.381999999999999978e-02 2.691949999999999843e+00 -1.966600000000000015e-01 -3.927800000000000180e-01 -2.267699999999999994e-01 2.562570000000000014e+00
2.754100000000000215e+00 -5.381999999999999978e-02 3.406299999999999883e-01 -5.381999999999999978e-02 2.691949999999999843e+00 -1.966600000000000015e-01 3.927800000000000180e-01 -2.267699999999999994e-01 2.562570000000000014e+00
2.754100000000000215e+00 -5.381999999999999978e-02 3.406299999999999883e-01 -5.381999999999999978e-02 2.691949999999999843e+00 -1.966600000000000015e-01 3.927800000000000180e-01 -2.267699999999999994e-01 2.562570000000000014e+00
2.660880000000000134e+00 -0.000000000000000000e+00 0.000000000000000000e+00 0.000000000000000000e+00 2.785169999999999924e+00 3.933200000000000029e-01 0.000000000000000000e+00 4.535399999999999987e-01 2.562570000000000014e+00
2.754100000000000215e+00 5.381999999999999978e-02 -3.406299999999999883e-01 5.381999999999999978e-02 2.691949999999999843e+00 -1.966600000000000015e-01 -3.927800000000000180e-01 -2.267699999999999994e-01 2.562570000000000014e+00
9.141500000000000181e-01 -0.000000000000000000e+00 0.000000000000000000e+00 -0.000000000000000000e+00 9.141500000000000181e-01 -0.000000000000000000e+00 0.000000000000000000e+00 -0.000000000000000000e+00 1.250380000000000047e+00
9.141500000000000181e-01 -0.000000000000000000e+00 0.000000000000000000e+00 -0.000000000000000000e+00 9.141500000000000181e-01 -0.000000000000000000e+00 0.000000000000000000e+00 -0.000000000000000000e+00 1.250380000000000047e+00
4.777580000000000382e+00 -9.700000000000000289e-03 0.000000000000000000e+00 9.700000000000000289e-03 4.777580000000000382e+00 -0.000000000000000000e+00 0.000000000000000000e+00 -0.000000000000000000e+00 3.977520000000000167e+00
4.777580000000000382e+00 9.700000000000000289e-03 0.000000000000000000e+00 -9.700000000000000289e-03 4.777580000000000382e+00 -0.000000000000000000e+00 0.000000000000000000e+00 -0.000000000000000000e+00 3.977520000000000167e+00
-2.223199999999999843e+00 1.950300000000000089e-01 3.076200000000000045e-01 1.978199999999999958e-01 -2.397069999999999812e+00 -4.527499999999999858e-01 2.931900000000000062e-01 -4.335700000000000109e-01 -2.152600000000000069e+00
-2.183489999999999931e+00 -1.748899999999999899e-01 2.382799999999999918e-01 -1.721000000000000030e-01 -2.436770000000000103e+00 4.927900000000000058e-01 2.288900000000000101e-01 4.707000000000000073e-01 -2.152600000000000069e+00
-2.523709999999999898e+00 -2.432000000000000134e-02 -5.459100000000000064e-01 -2.153000000000000053e-02 -2.096560000000000201e+00 -4.003999999999999920e-02 -5.220799999999999885e-01 -3.712000000000000022e-02 -2.152600000000000069e+00
-2.183489999999999931e+00 1.748899999999999899e-01 -2.382799999999999918e-01 1.721000000000000030e-01 -2.436770000000000103e+00 4.927900000000000058e-01 -2.288900000000000101e-01 4.707000000000000073e-01 -2.152600000000000069e+00
-2.223199999999999843e+00 -1.950300000000000089e-01 -3.076200000000000045e-01 -1.978199999999999958e-01 -2.397069999999999812e+00 -4.527499999999999858e-01 -2.931900000000000062e-01 -4.335700000000000109e-01 -2.152600000000000069e+00
-2.523709999999999898e+00 2.432000000000000134e-02 5.459100000000000064e-01 2.153000000000000053e-02 -2.096560000000000201e+00 -4.003999999999999920e-02 5.220799999999999885e-01 -3.712000000000000022e-02 -2.152600000000000069e+00
-2.223199999999999843e+00 1.950300000000000089e-01 3.076200000000000045e-01 1.978199999999999958e-01 -2.397069999999999812e+00 -4.527499999999999858e-01 2.931900000000000062e-01 -4.335700000000000109e-01 -2.152600000000000069e+00
-2.183489999999999931e+00 -1.748899999999999899e-01 2.382799999999999918e-01 -1.721000000000000030e-01 -2.436770000000000103e+00 4.927900000000000058e-01 2.288900000000000101e-01 4.707000000000000073e-01 -2.152600000000000069e+00
-2.523709999999999898e+00 -2.432000000000000134e-02 -5.459100000000000064e-01 -2.153000000000000053e-02 -2.096560000000000201e+00 -4.003999999999999920e-02 -5.220799999999999885e-01 -3.712000000000000022e-02 -2.152600000000000069e+00
-2.183489999999999931e+00 1.748899999999999899e-01 -2.382799999999999918e-01 1.721000000000000030e-01 -2.436770000000000103e+00 4.927900000000000058e-01 -2.288900000000000101e-01 4.707000000000000073e-01 -2.152600000000000069e+00
-2.223199999999999843e+00 -1.950300000000000089e-01 -3.076200000000000045e-01 -1.978199999999999958e-01 -2.397069999999999812e+00 -4.527499999999999858e-01 -2.931900000000000062e-01 -4.335700000000000109e-01 -2.152600000000000069e+00
-2.523709999999999898e+00 2.432000000000000134e-02 5.459100000000000064e-01 2.153000000000000053e-02 -2.096560000000000201e+00 -4.003999999999999920e-02 5.220799999999999885e-01 -3.712000000000000022e-02 -2.152600000000000069e+00
