-1.115618867657651621e-02
-1.115593217091893040e-02
-9.393622578842960452e-03
2.418453468895641834e+00
2.418453469663124356e+00
2.597235526142491757e+00
4.179124475273887640e+00
5.943025913293936924e+00
5.943025914015977129e+00
6.921111921928370769e+00
8.358130625080187670e+00
8.412356415779752794e+00
8.412356416482015931e+00
9.103453202502867825e+00
9.103453202609362194e+00
1.409597135094984566e+01
1.409597135097173037e+01
1.488443552026192940e+01
1.488443552050607543e+01
1.580837263597595310e+01
1.585522556802581029e+01
1.585522556816307294e+01
1.745723510620727836e+01
1.878363619253855887e+01
1.898206836790964402e+01
1.898206836794424390e+01
1.914030539368761907e+01
