-1.687114173827932925e-02
-1.687114173785606019e-02
-1.687114173753778007e-02
3.567300513894488656e+00
3.567300513894493985e+00
3.567300513894495317e+00
4.036836952611764673e+00
4.036836952611768226e+00
4.036836952611773555e+00
4.318003333827201473e+00
4.318003333827203249e+00
4.318003333827208579e+00
7.535484098717384782e+00
7.535484098717387447e+00
7.535484098717391888e+00
8.815523603118499807e+00
8.815523603118499807e+00
8.815523603118499807e+00
1.056879138242124050e+01
1.056879138242124405e+01
1.056879138242124583e+01
1.259185681289630132e+01
1.259185681289630310e+01
1.259185681289630487e+01
1.590831501804171744e+01
1.590831501804172454e+01
1.776132809654501443e+01
1.776132809654501798e+01
1.776132809654502509e+01
2.332566559243968740e+01
