-4.765345975854255040e-02
-2.081020215137223753e-02
-1.111654868404533293e-02
1.738739275309824750e+00
1.865686301288171700e+00
2.452613855114392116e+00
2.973055904888836309e+00
3.267128576453119049e+00
3.321565893709212069e+00
3.341822772107509998e+00
3.458014489593500773e+00
3.903299009166278033e+00
3.997652430858548378e+00
4.276695883886569405e+00
4.700055401929653875e+00
4.853065226822528722e+00
4.865802020646087911e+00
4.867520929787843897e+00
5.473849661633130914e+00
5.708236180285275907e+00
5.943237714521548476e+00
6.377463397059129235e+00
6.435872029406060513e+00
6.575015982886668553e+00
6.613951023870772161e+00
6.661950916850380544e+00
7.991939596467511286e+00
8.217391804706345226e+00
8.321991543091247223e+00
8.401641693607741601e+00
8.569234349900025194e+00
8.830786651798666398e+00
9.521786101717683692e+00
9.523253049511172463e+00
9.582900954211444500e+00
9.939360054775802311e+00
1.002680005009511000e+01
1.005140085785590287e+01
1.055389077008655185e+01
1.086393635743517194e+01
1.108915433404527917e+01
1.116885093403732121e+01
1.131934734196662617e+01
1.188697338931559777e+01
1.222893708362539833e+01
1.227295524638247670e+01
1.273658231204403002e+01
1.274063271571245259e+01
1.311233628574216858e+01
1.339096761186192630e+01
1.339453509151332611e+01
1.344893933684350706e+01
1.675513252238515705e+01
1.707409162558593607e+01
1.757655584379383029e+01
1.834163510316129475e+01
1.885475342521245778e+01
1.909765268399906901e+01
1.923451179041236969e+01
1.952934717653450747e+01
2.003627859796186428e+01
2.034526631914901174e+01
2.146600227573813058e+01
2.212960833705611208e+01
2.255207270392406826e+01
2.272618382086653810e+01
