-3.232561861669526471e-02
-1.437762250907490859e-02
-1.007873031585435758e-02
3.189129149605582914e+00
3.968196197053600383e+00
4.157789842257616719e+00
4.337079265217123059e+00
4.372065798037563233e+00
4.704703379270950059e+00
4.853540103890650492e+00
6.161371855543257503e+00
6.328796351512140816e+00
6.407740268391405536e+00
7.004126760200090729e+00
8.224417608106008970e+00
8.229188059830860880e+00
9.171588655087028030e+00
9.554029452202357220e+00
9.558753883284699882e+00
1.065950204412044400e+01
1.080479339169928821e+01
1.195479741667066520e+01
1.214637398778107347e+01
1.222857070069731655e+01
1.232095223323734601e+01
1.299799253564650670e+01
1.321673616369134052e+01
1.600859872616848634e+01
1.647213581476468036e+01
1.681097371109940752e+01
1.782777059040030210e+01
1.874844149436004415e+01
1.881760890513436735e+01
1.985187136507633809e+01
1.992619945743756560e+01
2.079218739296581830e+01
2.183933689218131136e+01
2.240202945282619496e+01
2.370391233835822220e+01
