-2.338330730942552935e-02
-2.338284579243797567e-02
-1.154081692111035874e-02
2.935210234295458243e+00
2.935210235149714908e+00
4.006165673460871268e+00
4.006165673478987443e+00
4.024465397370520670e+00
4.024465397589704452e+00
4.793329860451111202e+00
5.033469905592024674e+00
5.288924118705349287e+00
5.288924119177353056e+00
6.126348343542440844e+00
6.391083847619250413e+00
7.030118291891704452e+00
9.493694638019375631e+00
9.493694638258753926e+00
1.090463379833045288e+01
1.090463379862144677e+01
1.240216043123234968e+01
1.390073328773848793e+01
1.395602137205404425e+01
1.395602137214621230e+01
1.444896820182185770e+01
1.466236929377105191e+01
1.466236929430255920e+01
1.479154458674528350e+01
1.479154458704033459e+01
1.552721042775407412e+01
1.552721042783325878e+01
1.565172644354780118e+01
1.614444453621837283e+01
1.622663761681539540e+01
1.648059198427229433e+01
1.648059198448920881e+01
