-6.898175969350568704e-02
-5.381149665345625471e-02
-3.661268167305928301e-02
2.884345752412984520e+00
3.681586898857564627e+00
4.115833775973226416e+00
4.384918251912922393e+00
4.808774255670478226e+00
4.855532702093117159e+00
5.059669383079287819e+00
5.750239916427049458e+00
5.819235901996963278e+00
5.947808055033999786e+00
5.974708228001196275e+00
6.097919755526689300e+00
6.221256560575520567e+00
6.286682579723611219e+00
6.301357314591387038e+00
6.927717746995606163e+00
7.030568987389225200e+00
7.098111663224152323e+00
7.545893722443411278e+00
7.601687291633607124e+00
7.612123335505915023e+00
8.070359933634490446e+00
8.083739496751173093e+00
8.142811546956101765e+00
8.143359188428558326e+00
8.147176671847629947e+00
8.704269396440549755e+00
8.802387657298957890e+00
8.928346751993807118e+00
8.931255289870739134e+00
8.950249399807432837e+00
9.294269925125256293e+00
9.321736061472586599e+00
9.534963647419587573e+00
9.748883096699316297e+00
9.811772633917126285e+00
9.898596155364996818e+00
1.064942639319257900e+01
1.069735286001613161e+01
1.070155838002991544e+01
1.086748985379423083e+01
1.163511341647993014e+01
1.164929799395102528e+01
1.180598682868717297e+01
1.182737508009707561e+01
1.199109456340327640e+01
1.203837685686842285e+01
1.281737954190000650e+01
1.288817951775468096e+01
1.313472699949236144e+01
1.324893767774083031e+01
1.400687291709634685e+01
1.415261744236646990e+01
1.459122819519869907e+01
1.473975451403681980e+01
1.488505179998806582e+01
1.512596083230515909e+01
1.515413320502729810e+01
1.600690390711414324e+01
1.643724817609901478e+01
1.663656569485314307e+01
1.693886068368822961e+01
1.696451224321505435e+01
1.717053597154312783e+01
1.734985685400238964e+01
2.383969595416269627e+01
2.399320459258182581e+01
2.400085046758616159e+01
2.410940710156720712e+01
2.482276001611604954e+01
2.500827593225863765e+01
2.558668684251604120e+01
2.562359655794951152e+01
2.583335538765578576e+01
2.599466462270125078e+01
2.623345671694185555e+01
2.780669623181452721e+01
2.791701756400970424e+01
2.808028538011156172e+01
2.827766267532938826e+01
2.830270172689063557e+01
