-4.879363743458844244e-02
-4.879357842462418021e-02
-2.419649494682583890e-02
8.727564949264916550e-01
8.727565000291087616e-01
1.134888027406545818e+00
1.229317983085328692e+00
1.229317987125287726e+00
1.230742491369978486e+00
1.230742493852306385e+00
1.746057711140664770e+00
2.390510073842100347e+00
2.439746825027637733e+00
2.546097771950198485e+00
2.767990632986514932e+00
2.808707645529278540e+00
2.901687618270464952e+00
2.901687619538212637e+00
2.925116159329257837e+00
2.925116162180335877e+00
3.422291182279448840e+00
3.422291182688319111e+00
3.612206957665877738e+00
3.612206958557926395e+00
3.736277349317382424e+00
3.736277351143813874e+00
3.826715525599959200e+00
3.826715526091746256e+00
3.866277361458618334e+00
3.866277361916377941e+00
4.331319796665691335e+00
4.331319797524049164e+00
4.486580175038272777e+00
4.549847842717453794e+00
4.549847844146758469e+00
4.838009012279814947e+00
4.838009013012135817e+00
4.952150316979889944e+00
4.970564186969350651e+00
5.231321402115666430e+00
5.275937654015695699e+00
5.275937655224411493e+00
5.536969580942720626e+00
5.536969581330404289e+00
6.225701774647009579e+00
6.586242706016530057e+00
6.595174908488513843e+00
6.958293217972716604e+00
7.749652661257385056e+00
7.803872523087843405e+00
8.487234596170445400e+00
8.838851051241611856e+00
8.838851051909042411e+00
9.143272771996354464e+00
9.143272772403101101e+00
9.309374243937812210e+00
9.309374244636750007e+00
9.335599035710142601e+00
9.335599036353961822e+00
9.574792953376245919e+00
9.574792954555579882e+00
9.638618246771406106e+00
9.638618247553818463e+00
1.006494902963663485e+01
1.030516971954492966e+01
1.061350427929417961e+01
1.287511376936158136e+01
1.287511376981084155e+01
1.288899828642736267e+01
1.288899828657453739e+01
1.331307908249255156e+01
1.331307908266671092e+01
1.332244568673132079e+01
1.332244568713346844e+01
1.478958773152684358e+01
1.616592593230909003e+01
1.617008468680558764e+01
1.745950286587169842e+01
1.923013770272096323e+01
1.923013770330686256e+01
1.923748813422130866e+01
1.923748813434061233e+01
1.943530171505011239e+01
1.943530171514781557e+01
1.944288872264214163e+01
1.944288872295108206e+01
2.294944366306937766e+01
2.399305150490799932e+01
2.404070294929056573e+01
2.425012050478569137e+01
