2.338950000000000085e+00 0.000000000000000000e+00 -0.000000000000000000e+00 0.000000000000000000e+00 2.338950000000000085e+00 -0.000000000000000000e+00 -0.000000000000000000e+00 -0.000000000000000000e+00 2.952259999999999884e+00
2.559140000000000192e+00 0.000000000000000000e+00 -0.000000000000000000e+00 0.000000000000000000e+00 2.559140000000000192e+00 -0.000000000000000000e+00 -0.000000000000000000e+00 -0.000000000000000000e+00 2.140439999999999898e+00
2.338950000000000085e+00 0.000000000000000000e+00 -0.000000000000000000e+00 0.000000000000000000e+00 2.338950000000000085e+00 -0.000000000000000000e+00 -0.000000000000000000e+00 -0.000000000000000000e+00 2.952259999999999884e+00
7.374010000000000176e+00 0.000000000000000000e+00 -0.000000000000000000e+00 0.000000000000000000e+00 7.374010000000000176e+00 -0.000000000000000000e+00 -0.000000000000000000e+00 -0.000000000000000000e+00 5.994200000000000195e+00
7.374010000000000176e+00 0.000000000000000000e+00 -0.000000000000000000e+00 0.000000000000000000e+00 7.374010000000000176e+00 -0.000000000000000000e+00 -0.000000000000000000e+00 -0.000000000000000000e+00 5.994200000000000195e+00
-2.058250000000000135e+00 -0.000000000000000000e+00 0.000000000000000000e+00 -0.000000000000000000e+00 -5.851469999999999949e+00 0.000000000000000000e+00 0.000000000000000000e+00 0.000000000000000000e+00 -1.648419999999999996e+00
-2.052960000000000118e+00 -0.000000000000000000e+00 0.000000000000000000e+00 -0.000000000000000000e+00 -2.052960000000000118e+00 0.000000000000000000e+00 0.000000000000000000e+00 0.000000000000000000e+00 -4.262959999999999638e+00
-2.059709999999999930e+00 -0.000000000000000000e+00 0.000000000000000000e+00 -0.000000000000000000e+00 -2.059709999999999930e+00 0.000000000000000000e+00 0.000000000000000000e+00 0.000000000000000000e+00 -4.913759999999999906e+00
-5.851469999999999949e+00 -0.000000000000000000e+00 0.000000000000000000e+00 -0.000000000000000000e+00 -2.058250000000000135e+00 0.000000000000000000e+00 0.000000000000000000e+00 0.000000000000000000e+00 -1.648419999999999996e+00
-2.058250000000000135e+00 -0.000000000000000000e+00 0.000000000000000000e+00 -0.000000000000000000e+00 -5.851469999999999949e+00 0.000000000000000000e+00 0.000000000000000000e+00 0.000000000000000000e+00 -1.648419999999999996e+00
-5.851469999999999949e+00 -0.000000000000000000e+00 0.000000000000000000e+00 -0.000000000000000000e+00 -2.058250000000000135e+00 0.000000000000000000e+00 0.000000000000000000e+00 0.000000000000000000e+00 -1.648419999999999996e+00
-2.052960000000000118e+00 -0.000000000000000000e+00 0.000000000000000000e+00 -0.000000000000000000e+00 -2.052960000000000118e+00 0.000000000000000000e+00 0.000000000000000000e+00 0.000000000000000000e+00 -4.262959999999999638e+00
