4.410269999999999690e+00 1.226999999999999966e-02 -4.897900000000000031e-01 1.784499999999999975e-01 3.722690000000000055e+00 2.183100000000000041e-01 5.759000000000000230e-02 4.756900000000000017e-01 3.208709999999999951e+00
4.410269999999999690e+00 -1.226999999999999966e-02 -4.897900000000000031e-01 -1.784499999999999975e-01 3.722690000000000055e+00 -2.183100000000000041e-01 5.759000000000000230e-02 -4.756900000000000017e-01 3.208709999999999951e+00
4.410269999999999690e+00 1.226999999999999966e-02 -4.897900000000000031e-01 1.784499999999999975e-01 3.722690000000000055e+00 2.183100000000000041e-01 5.759000000000000230e-02 4.756900000000000017e-01 3.208709999999999951e+00
4.410269999999999690e+00 -1.226999999999999966e-02 -4.897900000000000031e-01 -1.784499999999999975e-01 3.722690000000000055e+00 -2.183100000000000041e-01 5.759000000000000230e-02 -4.756900000000000017e-01 3.208709999999999951e+00
3.184429999999999872e+00 -3.741700000000000026e-01 1.267399999999999916e-01 -1.940300000000000080e-01 2.657589999999999897e+00 7.262100000000000222e-01 -6.317399999999999682e-01 6.407199999999999562e-01 3.007800000000000029e+00
3.184429999999999872e+00 3.741700000000000026e-01 1.267399999999999916e-01 1.940300000000000080e-01 2.657589999999999897e+00 -7.262100000000000222e-01 -6.317399999999999682e-01 -6.407199999999999562e-01 3.007800000000000029e+00
3.184429999999999872e+00 -3.741700000000000026e-01 1.267399999999999916e-01 -1.940300000000000080e-01 2.657589999999999897e+00 7.262100000000000222e-01 -6.317399999999999682e-01 6.407199999999999562e-01 3.007800000000000029e+00
3.184429999999999872e+00 3.741700000000000026e-01 1.267399999999999916e-01 1.940300000000000080e-01 2.657589999999999897e+00 -7.262100000000000222e-01 -6.317399999999999682e-01 -6.407199999999999562e-01 3.007800000000000029e+00
-3.294130000000000003e+00 -3.310400000000000009e-01 -1.118109999999999937e+00 -2.428599999999999925e-01 -1.130710000000000104e+00 -1.397700000000000053e-01 -4.173399999999999888e-01 -4.245099999999999985e-01 -2.336019999999999985e+00
-3.294130000000000003e+00 3.310400000000000009e-01 -1.118109999999999937e+00 2.428599999999999925e-01 -1.130710000000000104e+00 1.397700000000000053e-01 -4.173399999999999888e-01 4.245099999999999985e-01 -2.336019999999999985e+00
-3.294130000000000003e+00 -3.310400000000000009e-01 -1.118109999999999937e+00 -2.428599999999999925e-01 -1.130710000000000104e+00 -1.397700000000000053e-01 -4.173399999999999888e-01 -4.245099999999999985e-01 -2.336019999999999985e+00
-3.294130000000000003e+00 3.310400000000000009e-01 -1.118109999999999937e+00 2.428599999999999925e-01 -1.130710000000000104e+00 1.397700000000000053e-01 -4.173399999999999888e-01 4.245099999999999985e-01 -2.336019999999999985e+00
-3.166420000000000012e+00 -1.919500000000000095e-01 1.118910000000000071e+00 2.177800000000000014e-01 -1.418779999999999930e+00 5.210000000000000187e-01 7.248099999999999543e-01 3.214500000000000135e-01 -2.174440000000000150e+00
-3.166420000000000012e+00 1.919500000000000095e-01 1.118910000000000071e+00 -2.177800000000000014e-01 -1.418779999999999930e+00 -5.210000000000000187e-01 7.248099999999999543e-01 -3.214500000000000135e-01 -2.174440000000000150e+00
-3.166420000000000012e+00 -1.919500000000000095e-01 1.118910000000000071e+00 2.177800000000000014e-01 -1.418779999999999930e+00 5.210000000000000187e-01 7.248099999999999543e-01 3.214500000000000135e-01 -2.174440000000000150e+00
-3.166420000000000012e+00 1.919500000000000095e-01 1.118910000000000071e+00 -2.177800000000000014e-01 -1.418779999999999930e+00 -5.210000000000000187e-01 7.248099999999999543e-01 -3.214500000000000135e-01 -2.174440000000000150e+00
-1.134149999999999991e+00 -2.131599999999999884e-01 3.622500000000000164e-01 -2.881799999999999917e-01 -3.830779999999999852e+00 1.069999999999999979e-01 2.666799999999999726e-01 -9.129800000000000137e-01 -1.706050000000000066e+00
-1.134149999999999991e+00 2.131599999999999884e-01 3.622500000000000164e-01 2.881799999999999917e-01 -3.830779999999999852e+00 -1.069999999999999979e-01 2.666799999999999726e-01 9.129800000000000137e-01 -1.706050000000000066e+00
-1.134149999999999991e+00 -2.131599999999999884e-01 3.622500000000000164e-01 -2.881799999999999917e-01 -3.830779999999999852e+00 1.069999999999999979e-01 2.666799999999999726e-01 -9.129800000000000137e-01 -1.706050000000000066e+00
-1.134149999999999991e+00 2.131599999999999884e-01 3.622500000000000164e-01 2.881799999999999917e-01 -3.830779999999999852e+00 -1.069999999999999979e-01 2.666799999999999726e-01 9.129800000000000137e-01 -1.706050000000000066e+00
