-2.218177651004375403e-02
-1.862449664688375570e-02
-1.050259349658819695e-02
1.331192974400791318e+00
1.384064165198741536e+00
1.812497116843030831e+00
2.121325676209945055e+00
2.174452633528932033e+00
2.211442063219603682e+00
2.339990474711053814e+00
2.543244128945667093e+00
2.640603924621111709e+00
2.697115741646293863e+00
2.812576743434151094e+00
2.901367698426230657e+00
3.371250532293509572e+00
3.466992974990190657e+00
3.596838960366551152e+00
3.703091724527957762e+00
4.190751986775994808e+00
4.280110569447966640e+00
4.655370530465718026e+00
4.808386572495156663e+00
5.308183045825487945e+00
5.948940356374824212e+00
6.640142930800585930e+00
7.248049110047159793e+00
8.905350902944634939e+00
9.119572610136723156e+00
9.403531877332447664e+00
9.951388005209915733e+00
1.113965305930679150e+01
1.209630891934330599e+01
1.364937929062655009e+01
1.497945035745617126e+01
1.757151021893567844e+01
1.809793666709250459e+01
1.871781509030259727e+01
1.972812613536309456e+01
2.096660074116771710e+01
2.124165655382095963e+01
2.168948475387690067e+01
