-5.888526921236639927e-02
-2.883448546232792939e-02
-1.505087146776262243e-02
2.215729710197592350e+00
2.216108689217714200e+00
2.835076342159234208e+00
2.884221293795507179e+00
3.150787883353618923e+00
3.574847865287211324e+00
3.737730079350090051e+00
3.742827007723900312e+00
3.777851825730987656e+00
4.043555697454655373e+00
4.154516289056205736e+00
4.194093947273970890e+00
4.623389419820797208e+00
4.867080316903553694e+00
5.143968630311887225e+00
5.196282028833740796e+00
5.423983911179749207e+00
5.594458807655095178e+00
5.627217195073118461e+00
6.068267428925458340e+00
6.097406981664753367e+00
6.404045431798748744e+00
6.529524006640265554e+00
6.568386858416889851e+00
6.632941903195407107e+00
6.772415007253456132e+00
7.158887226170919327e+00
7.166028919007668030e+00
7.241016489248384147e+00
7.516629291593021733e+00
7.542976304308435687e+00
7.576684652687358579e+00
7.696883343311846204e+00
8.085005727967921274e+00
8.277652371808603249e+00
8.830216039423289587e+00
9.220943020826824821e+00
9.237565384338441987e+00
9.642418903580708189e+00
9.727122738025494542e+00
1.002802511421772458e+01
1.005083756476253853e+01
1.035413418200611346e+01
1.045858301987935945e+01
1.094787644353274381e+01
1.244635528009009384e+01
1.274217027492146848e+01
1.313690757576562262e+01
1.357540278611878470e+01
1.728163330024540656e+01
1.748217677339210852e+01
1.796388869637589636e+01
1.832345132667679977e+01
1.848214066093645869e+01
1.859593959248426387e+01
1.875547334307005443e+01
1.892082654943829212e+01
1.959416309308390680e+01
1.960639213794472724e+01
2.017196454672427564e+01
2.018997919333686397e+01
2.020538101278142662e+01
2.025378651905431937e+01
2.035161040635071217e+01
2.038346655815579567e+01
2.041318045884794685e+01
2.064089129601812189e+01
2.166032833578954708e+01
2.171472450357357786e+01
2.818685720943614115e+01
2.827818360000468800e+01
2.831884145762041527e+01
2.836757496244520027e+01
3.663673146480367393e+01
3.672100756524552878e+01
3.758838254071174134e+01
3.789334228534708870e+01
3.816793726647833296e+01
3.871825197825290132e+01
3.886478770359755686e+01
3.999118410457205641e+01
