3.975290000000000212e+00 0.000000000000000000e+00 0.000000000000000000e+00 0.000000000000000000e+00 3.975290000000000212e+00 -0.000000000000000000e+00 0.000000000000000000e+00 -0.000000000000000000e+00 4.189059999999999562e+00
3.975290000000000212e+00 0.000000000000000000e+00 0.000000000000000000e+00 0.000000000000000000e+00 3.975290000000000212e+00 -0.000000000000000000e+00 0.000000000000000000e+00 -0.000000000000000000e+00 4.189059999999999562e+00
3.308899999999999952e+00 0.000000000000000000e+00 0.000000000000000000e+00 0.000000000000000000e+00 3.308899999999999952e+00 -0.000000000000000000e+00 0.000000000000000000e+00 -0.000000000000000000e+00 4.238760000000000083e+00
3.308899999999999952e+00 0.000000000000000000e+00 0.000000000000000000e+00 0.000000000000000000e+00 3.308899999999999952e+00 -0.000000000000000000e+00 0.000000000000000000e+00 -0.000000000000000000e+00 4.238760000000000083e+00
-2.598250000000000171e+00 -0.000000000000000000e+00 5.276899999999999924e-01 -0.000000000000000000e+00 -1.043840000000000101e+00 0.000000000000000000e+00 4.379500000000000060e-01 0.000000000000000000e+00 -2.106949999999999878e+00
-1.043840000000000101e+00 -0.000000000000000000e+00 -0.000000000000000000e+00 -0.000000000000000000e+00 -2.598250000000000171e+00 -5.276899999999999924e-01 -0.000000000000000000e+00 -4.379500000000000060e-01 -2.106949999999999878e+00
-1.043840000000000101e+00 -0.000000000000000000e+00 -0.000000000000000000e+00 -0.000000000000000000e+00 -2.598250000000000171e+00 5.276899999999999924e-01 -0.000000000000000000e+00 4.379500000000000060e-01 -2.106949999999999878e+00
-2.598250000000000171e+00 -0.000000000000000000e+00 -5.276899999999999924e-01 -0.000000000000000000e+00 -1.043840000000000101e+00 0.000000000000000000e+00 -4.379500000000000060e-01 0.000000000000000000e+00 -2.106949999999999878e+00
-1.043840000000000101e+00 -0.000000000000000000e+00 -0.000000000000000000e+00 -0.000000000000000000e+00 -2.598250000000000171e+00 -5.276899999999999924e-01 -0.000000000000000000e+00 -4.379500000000000060e-01 -2.106949999999999878e+00
-2.598250000000000171e+00 -0.000000000000000000e+00 5.276899999999999924e-01 -0.000000000000000000e+00 -1.043840000000000101e+00 0.000000000000000000e+00 4.379500000000000060e-01 0.000000000000000000e+00 -2.106949999999999878e+00
-2.598250000000000171e+00 -0.000000000000000000e+00 -5.276899999999999924e-01 -0.000000000000000000e+00 -1.043840000000000101e+00 0.000000000000000000e+00 -4.379500000000000060e-01 0.000000000000000000e+00 -2.106949999999999878e+00
-1.043840000000000101e+00 -0.000000000000000000e+00 -0.000000000000000000e+00 -0.000000000000000000e+00 -2.598250000000000171e+00 5.276899999999999924e-01 -0.000000000000000000e+00 4.379500000000000060e-01 -2.106949999999999878e+00
