-6.226582541535938958e-02
-5.785547023994497967e-02
-2.267244113445434153e-02
1.554313240373579763e+00
1.577230571064016651e+00
2.167111111069577323e+00
2.724381388190968423e+00
2.745834262056901398e+00
2.758171410103499532e+00
3.116833105919596836e+00
3.196273438658436827e+00
3.513879085194424157e+00
3.653649853583370799e+00
3.850939330303331243e+00
3.983656832618292842e+00
3.997112482639402664e+00
4.516498991470616176e+00
4.562927002254038022e+00
4.711665594575609184e+00
5.432381162135142105e+00
5.679250406285096808e+00
5.742822153497431970e+00
5.754550033358709626e+00
6.105794460815229918e+00
6.321357090344557506e+00
6.472268654514173214e+00
6.682529572689271724e+00
6.856284317910724901e+00
6.918883936442697724e+00
7.023681159576012689e+00
7.290160121426135120e+00
7.431128815574912672e+00
7.628654253259326445e+00
7.682239906771529014e+00
8.078470881792698677e+00
8.351314987513976718e+00
8.424131553779101722e+00
8.980667679359441991e+00
9.294388621648732141e+00
9.467550326177779141e+00
9.653102819477284768e+00
9.859519184249561974e+00
1.019872736991746365e+01
1.051852582406390368e+01
1.121590262197815235e+01
1.123765438660196381e+01
1.125277937976053089e+01
1.136783195649543643e+01
1.163228937452220002e+01
1.228481707969469383e+01
1.232617536670288771e+01
1.256972725480349418e+01
1.378971194764612207e+01
1.391492121333346965e+01
1.413366232833213054e+01
1.471019806813009545e+01
1.515803697987281495e+01
1.522470832546590458e+01
1.570884502841763819e+01
1.749787837817662250e+01
1.752506944682396650e+01
1.811770056512975913e+01
1.859791991152046364e+01
1.860804912033023939e+01
1.892465048911943626e+01
1.975447789300766388e+01
2.084109723094109512e+01
2.114667486683001130e+01
2.184422241610710103e+01
2.308047286076577720e+01
2.630893131248165417e+01
2.633067824803880086e+01
