-3.404115126603787095e-02
-2.874422322214165507e-02
-1.402947245159899894e-02
7.510369556549216785e-01
1.198138670291877927e+00
1.405934383809020582e+00
1.513722984132433558e+00
1.743092056207861562e+00
2.493559201941608627e+00
2.626753289508063638e+00
2.944065963041055500e+00
2.978123249833271036e+00
3.540777561135121321e+00
3.756759013879845899e+00
4.077945981492127281e+00
8.546664827134540232e+00
8.601308684524362036e+00
9.594122992980166131e+00
9.677720537086905495e+00
9.811209032287710130e+00
2.259049242727942541e+01
2.313015267654911256e+01
2.339413748741214150e+01
2.467305752245065520e+01
