1.448380000000000001e+00 1.726100000000000134e-01 0.000000000000000000e+00 -8.519999999999999796e-02 1.351220000000000088e+00 0.000000000000000000e+00 0.000000000000000000e+00 0.000000000000000000e+00 1.140609999999999902e+00
1.448380000000000001e+00 -1.726100000000000134e-01 0.000000000000000000e+00 8.519999999999999796e-02 1.351220000000000088e+00 0.000000000000000000e+00 0.000000000000000000e+00 0.000000000000000000e+00 1.140609999999999902e+00
1.448380000000000001e+00 1.726100000000000134e-01 0.000000000000000000e+00 -8.519999999999999796e-02 1.351220000000000088e+00 0.000000000000000000e+00 0.000000000000000000e+00 0.000000000000000000e+00 1.140609999999999902e+00
1.448380000000000001e+00 -1.726100000000000134e-01 -0.000000000000000000e+00 8.519999999999999796e-02 1.351220000000000088e+00 0.000000000000000000e+00 0.000000000000000000e+00 0.000000000000000000e+00 1.140609999999999902e+00
2.739570000000000061e+00 2.069000000000000006e-01 0.000000000000000000e+00 -2.978500000000000036e-01 3.311519999999999797e+00 0.000000000000000000e+00 0.000000000000000000e+00 0.000000000000000000e+00 4.638370000000000104e+00
2.739570000000000061e+00 -2.069000000000000006e-01 0.000000000000000000e+00 2.978500000000000036e-01 3.311519999999999797e+00 -0.000000000000000000e+00 0.000000000000000000e+00 0.000000000000000000e+00 4.638370000000000104e+00
2.739570000000000061e+00 2.069000000000000006e-01 0.000000000000000000e+00 -2.978500000000000036e-01 3.311519999999999797e+00 -0.000000000000000000e+00 0.000000000000000000e+00 0.000000000000000000e+00 4.638370000000000104e+00
2.739570000000000061e+00 -2.069000000000000006e-01 -0.000000000000000000e+00 2.978500000000000036e-01 3.311519999999999797e+00 0.000000000000000000e+00 0.000000000000000000e+00 0.000000000000000000e+00 4.638370000000000104e+00
-8.159600000000000186e-01 0.000000000000000000e+00 0.000000000000000000e+00 0.000000000000000000e+00 -1.720630000000000104e+00 -1.508459999999999912e+00 0.000000000000000000e+00 -2.173319999999999919e+00 -4.101300000000000168e+00
-8.159600000000000186e-01 0.000000000000000000e+00 -0.000000000000000000e+00 0.000000000000000000e+00 -1.720630000000000104e+00 1.508459999999999912e+00 0.000000000000000000e+00 2.173319999999999919e+00 -4.101300000000000168e+00
-8.159600000000000186e-01 0.000000000000000000e+00 0.000000000000000000e+00 0.000000000000000000e+00 -1.720630000000000104e+00 -1.508459999999999912e+00 0.000000000000000000e+00 -2.173319999999999919e+00 -4.101300000000000168e+00
-8.159600000000000186e-01 0.000000000000000000e+00 -0.000000000000000000e+00 0.000000000000000000e+00 -1.720630000000000104e+00 1.508459999999999912e+00 0.000000000000000000e+00 2.173319999999999919e+00 -4.101300000000000168e+00
-1.113660000000000094e+00 -7.799899999999999611e-01 0.000000000000000000e+00 -7.868600000000000039e-01 -2.192979999999999929e+00 0.000000000000000000e+00 0.000000000000000000e+00 0.000000000000000000e+00 -8.283199999999999452e-01
-1.113660000000000094e+00 7.799899999999999611e-01 -0.000000000000000000e+00 7.868600000000000039e-01 -2.192979999999999929e+00 0.000000000000000000e+00 0.000000000000000000e+00 0.000000000000000000e+00 -8.283199999999999452e-01
-1.113660000000000094e+00 -7.799899999999999611e-01 0.000000000000000000e+00 -7.868600000000000039e-01 -2.192979999999999929e+00 0.000000000000000000e+00 0.000000000000000000e+00 0.000000000000000000e+00 -8.283199999999999452e-01
-1.113660000000000094e+00 7.799899999999999611e-01 -0.000000000000000000e+00 7.868600000000000039e-01 -2.192979999999999929e+00 0.000000000000000000e+00 0.000000000000000000e+00 0.000000000000000000e+00 -8.283199999999999452e-01
-2.258319999999999883e+00 -1.851399999999999990e-01 0.000000000000000000e+00 -2.201700000000000046e-01 -7.491299999999999626e-01 -0.000000000000000000e+00 0.000000000000000000e+00 0.000000000000000000e+00 -8.493500000000000494e-01
-2.258319999999999883e+00 1.851399999999999990e-01 0.000000000000000000e+00 2.201700000000000046e-01 -7.491299999999999626e-01 0.000000000000000000e+00 0.000000000000000000e+00 0.000000000000000000e+00 -8.493500000000000494e-01
-2.258319999999999883e+00 -1.851399999999999990e-01 0.000000000000000000e+00 -2.201700000000000046e-01 -7.491299999999999626e-01 -0.000000000000000000e+00 0.000000000000000000e+00 0.000000000000000000e+00 -8.493500000000000494e-01
-2.258319999999999883e+00 1.851399999999999990e-01 0.000000000000000000e+00 2.201700000000000046e-01 -7.491299999999999626e-01 0.000000000000000000e+00 0.000000000000000000e+00 0.000000000000000000e+00 -8.493500000000000494e-01
