2.127159999999999940e+00 0.000000000000000000e+00 0.000000000000000000e+00 0.000000000000000000e+00 2.127159999999999940e+00 -0.000000000000000000e+00 0.000000000000000000e+00 -0.000000000000000000e+00 3.397619999999999862e+00
2.127159999999999940e+00 0.000000000000000000e+00 0.000000000000000000e+00 0.000000000000000000e+00 2.127159999999999940e+00 -0.000000000000000000e+00 0.000000000000000000e+00 -0.000000000000000000e+00 3.397619999999999862e+00
4.261999999999999567e+00 -1.046759999999999913e+00 1.006590000000000096e+00 -1.046759999999999913e+00 3.053300000000000125e+00 -5.811600000000000099e-01 6.240400000000000391e-01 -3.602899999999999991e-01 9.599400000000000155e-01
4.261999999999999567e+00 1.046759999999999913e+00 -1.006590000000000096e+00 1.046759999999999913e+00 3.053300000000000125e+00 -5.811600000000000099e-01 -6.240400000000000391e-01 -3.602899999999999991e-01 9.599400000000000155e-01
2.448949999999999960e+00 0.000000000000000000e+00 0.000000000000000000e+00 0.000000000000000000e+00 4.866349999999999731e+00 1.162309999999999954e+00 0.000000000000000000e+00 7.205700000000000438e-01 9.599400000000000155e-01
-2.078879999999999839e+00 -0.000000000000000000e+00 -0.000000000000000000e+00 -0.000000000000000000e+00 -2.078879999999999839e+00 0.000000000000000000e+00 -0.000000000000000000e+00 0.000000000000000000e+00 -4.130499999999999727e-01
-2.078879999999999839e+00 -0.000000000000000000e+00 -0.000000000000000000e+00 -0.000000000000000000e+00 -2.078879999999999839e+00 0.000000000000000000e+00 -0.000000000000000000e+00 0.000000000000000000e+00 -4.130499999999999727e-01
-2.494120000000000115e+00 -0.000000000000000000e+00 -0.000000000000000000e+00 -0.000000000000000000e+00 -1.195710000000000051e+00 -3.946899999999999853e-01 -0.000000000000000000e+00 -5.634099999999999664e-01 -1.474830000000000085e+00
-1.520310000000000050e+00 -5.622300000000000075e-01 -3.418100000000000027e-01 -5.622300000000000075e-01 -2.169519999999999893e+00 1.973399999999999876e-01 -4.879299999999999748e-01 2.817000000000000060e-01 -1.474830000000000085e+00
-1.520310000000000050e+00 5.622300000000000075e-01 3.418100000000000027e-01 5.622300000000000075e-01 -2.169519999999999893e+00 1.973399999999999876e-01 4.879299999999999748e-01 2.817000000000000060e-01 -1.474830000000000085e+00
-1.520310000000000050e+00 -5.622300000000000075e-01 -3.418100000000000027e-01 -5.622300000000000075e-01 -2.169519999999999893e+00 1.973399999999999876e-01 -4.879299999999999748e-01 2.817000000000000060e-01 -1.474830000000000085e+00
-2.494120000000000115e+00 -0.000000000000000000e+00 -0.000000000000000000e+00 -0.000000000000000000e+00 -1.195710000000000051e+00 -3.946899999999999853e-01 -0.000000000000000000e+00 -5.634099999999999664e-01 -1.474830000000000085e+00
-1.520310000000000050e+00 5.622300000000000075e-01 3.418100000000000027e-01 5.622300000000000075e-01 -2.169519999999999893e+00 1.973399999999999876e-01 4.879299999999999748e-01 2.817000000000000060e-01 -1.474830000000000085e+00
