-1.095187173285312870e-01
-7.615957194711048261e-02
-5.261934956023393839e-02
9.392603497456224471e-01
2.497999840495833013e+00
3.076985949591414915e+00
3.148891783000395961e+00
3.245709255744861910e+00
3.472532884364996963e+00
3.596926026880754357e+00
3.720534591283901626e+00
3.905542713190806481e+00
3.927912404685947489e+00
4.000721346355921249e+00
4.086652682584931640e+00
4.230619983107749782e+00
4.469714701396399370e+00
4.980920952994845941e+00
4.981336232247879359e+00
4.982903374820350173e+00
5.668307946340695125e+00
5.933054218177273853e+00
6.067583092993888982e+00
6.626431800672935246e+00
6.645577470859056035e+00
6.806534758796547457e+00
7.293807906388632745e+00
7.374176156504693047e+00
7.434771618089971668e+00
7.464083427856547992e+00
7.839273507894085391e+00
7.962536409639622725e+00
8.640077360636004400e+00
9.291912392417494004e+00
9.656738206390761192e+00
1.113817857551992319e+01
1.230259699118913552e+01
1.291539103087623985e+01
1.295626285459875682e+01
1.321409004294615563e+01
1.330134485948285317e+01
1.331289048889755122e+01
1.399586914243496594e+01
1.473347764108444480e+01
1.543559110660335953e+01
1.546658716162557390e+01
1.945686911541928410e+01
1.986885484883207553e+01
