2.795720000000000205e+00 0.000000000000000000e+00 0.000000000000000000e+00 0.000000000000000000e+00 2.936659999999999826e+00 0.000000000000000000e+00 0.000000000000000000e+00 0.000000000000000000e+00 2.381730000000000125e+00
2.795720000000000205e+00 0.000000000000000000e+00 0.000000000000000000e+00 0.000000000000000000e+00 2.936659999999999826e+00 0.000000000000000000e+00 0.000000000000000000e+00 0.000000000000000000e+00 2.381730000000000125e+00
2.569389999999999841e+00 1.936700000000000088e-01 0.000000000000000000e+00 1.071200000000000069e-01 2.986130000000000173e+00 -0.000000000000000000e+00 0.000000000000000000e+00 0.000000000000000000e+00 2.917549999999999866e+00
2.569389999999999841e+00 -1.936700000000000088e-01 -0.000000000000000000e+00 -1.071200000000000069e-01 2.986130000000000173e+00 -0.000000000000000000e+00 0.000000000000000000e+00 0.000000000000000000e+00 2.917549999999999866e+00
2.569389999999999841e+00 -1.936700000000000088e-01 -0.000000000000000000e+00 -1.071200000000000069e-01 2.986130000000000173e+00 -0.000000000000000000e+00 0.000000000000000000e+00 0.000000000000000000e+00 2.917549999999999866e+00
2.569389999999999841e+00 1.936700000000000088e-01 -0.000000000000000000e+00 1.071200000000000069e-01 2.986130000000000173e+00 -0.000000000000000000e+00 0.000000000000000000e+00 0.000000000000000000e+00 2.917549999999999866e+00
2.856279999999999930e+00 4.462099999999999955e-01 -0.000000000000000000e+00 -3.433100000000000041e-01 2.780450000000000088e+00 -0.000000000000000000e+00 0.000000000000000000e+00 0.000000000000000000e+00 9.377299999999999525e-01
2.856279999999999930e+00 4.462099999999999955e-01 -0.000000000000000000e+00 -3.433100000000000041e-01 2.780450000000000088e+00 -0.000000000000000000e+00 0.000000000000000000e+00 0.000000000000000000e+00 9.377299999999999525e-01
2.856279999999999930e+00 -4.462099999999999955e-01 0.000000000000000000e+00 3.433100000000000041e-01 2.780450000000000088e+00 0.000000000000000000e+00 0.000000000000000000e+00 0.000000000000000000e+00 9.377299999999999525e-01
2.856279999999999930e+00 -4.462099999999999955e-01 0.000000000000000000e+00 3.433100000000000041e-01 2.780450000000000088e+00 -0.000000000000000000e+00 0.000000000000000000e+00 0.000000000000000000e+00 9.377299999999999525e-01
-1.737219999999999986e+00 -0.000000000000000000e+00 0.000000000000000000e+00 -0.000000000000000000e+00 -1.684819999999999984e+00 1.251599999999999935e-01 0.000000000000000000e+00 1.539999999999999980e-01 -2.409079999999999888e+00
-3.086510000000000087e+00 -0.000000000000000000e+00 0.000000000000000000e+00 -0.000000000000000000e+00 -1.220310000000000006e+00 0.000000000000000000e+00 0.000000000000000000e+00 0.000000000000000000e+00 -8.724100000000000188e-01
-1.737219999999999986e+00 -0.000000000000000000e+00 -0.000000000000000000e+00 -0.000000000000000000e+00 -1.684819999999999984e+00 -1.251599999999999935e-01 -0.000000000000000000e+00 -1.539999999999999980e-01 -2.409079999999999888e+00
-1.818070000000000075e+00 -2.712800000000000211e-01 0.000000000000000000e+00 -3.894999999999999851e-02 -2.404679999999999929e+00 -0.000000000000000000e+00 0.000000000000000000e+00 0.000000000000000000e+00 -1.120630000000000015e+00
-1.737219999999999986e+00 -0.000000000000000000e+00 0.000000000000000000e+00 -0.000000000000000000e+00 -1.684819999999999984e+00 1.251599999999999935e-01 0.000000000000000000e+00 1.539999999999999980e-01 -2.409079999999999888e+00
-1.737219999999999986e+00 -0.000000000000000000e+00 -0.000000000000000000e+00 -0.000000000000000000e+00 -1.684819999999999984e+00 -1.251599999999999935e-01 -0.000000000000000000e+00 -1.539999999999999980e-01 -2.409079999999999888e+00
-3.086510000000000087e+00 -0.000000000000000000e+00 0.000000000000000000e+00 -0.000000000000000000e+00 -1.220310000000000006e+00 0.000000000000000000e+00 0.000000000000000000e+00 0.000000000000000000e+00 -8.724100000000000188e-01
-1.724990000000000023e+00 -4.600600000000000245e-01 0.000000000000000000e+00 -6.735299999999999621e-01 -2.535250000000000004e+00 0.000000000000000000e+00 0.000000000000000000e+00 0.000000000000000000e+00 -1.080230000000000024e+00
-1.818070000000000075e+00 -2.712800000000000211e-01 0.000000000000000000e+00 -3.894999999999999851e-02 -2.404679999999999929e+00 -0.000000000000000000e+00 0.000000000000000000e+00 0.000000000000000000e+00 -1.120630000000000015e+00
-1.724990000000000023e+00 4.600600000000000245e-01 0.000000000000000000e+00 6.735299999999999621e-01 -2.535250000000000004e+00 -0.000000000000000000e+00 0.000000000000000000e+00 0.000000000000000000e+00 -1.080230000000000024e+00
-1.724990000000000023e+00 -4.600600000000000245e-01 0.000000000000000000e+00 -6.735299999999999621e-01 -2.535250000000000004e+00 0.000000000000000000e+00 0.000000000000000000e+00 0.000000000000000000e+00 -1.080230000000000024e+00
-1.818070000000000075e+00 2.712800000000000211e-01 0.000000000000000000e+00 3.894999999999999851e-02 -2.404679999999999929e+00 0.000000000000000000e+00 0.000000000000000000e+00 0.000000000000000000e+00 -1.120630000000000015e+00
-1.818070000000000075e+00 2.712800000000000211e-01 -0.000000000000000000e+00 3.894999999999999851e-02 -2.404679999999999929e+00 0.000000000000000000e+00 0.000000000000000000e+00 0.000000000000000000e+00 -1.120630000000000015e+00
-1.724990000000000023e+00 4.600600000000000245e-01 -0.000000000000000000e+00 6.735299999999999621e-01 -2.535250000000000004e+00 -0.000000000000000000e+00 0.000000000000000000e+00 0.000000000000000000e+00 -1.080230000000000024e+00
