1.061339999999999950e+00 -2.693099999999999938e-01 -7.066999999999999671e-02 -1.342399999999999982e-01 9.765000000000000346e-01 7.027999999999999525e-02 1.074100000000000055e-01 1.119499999999999940e-01 1.000820000000000043e+00
1.061339999999999950e+00 2.693099999999999938e-01 7.066999999999999671e-02 1.342399999999999982e-01 9.765000000000000346e-01 7.027999999999999525e-02 -1.074100000000000055e-01 1.119499999999999940e-01 1.000820000000000043e+00
1.061339999999999950e+00 -2.693099999999999938e-01 7.066999999999999671e-02 -1.342399999999999982e-01 9.765000000000000346e-01 -7.027999999999999525e-02 -1.074100000000000055e-01 -1.119499999999999940e-01 1.000820000000000043e+00
1.061339999999999950e+00 -2.693099999999999938e-01 -7.066999999999999671e-02 -1.342399999999999982e-01 9.765000000000000346e-01 7.027999999999999525e-02 1.074100000000000055e-01 1.119499999999999940e-01 1.000820000000000043e+00
9.914199999999999680e-01 0.000000000000000000e+00 -6.880999999999999617e-02 0.000000000000000000e+00 1.159680000000000044e+00 0.000000000000000000e+00 -2.352799999999999891e-01 -0.000000000000000000e+00 1.020289999999999919e+00
9.914199999999999680e-01 -0.000000000000000000e+00 6.880999999999999617e-02 0.000000000000000000e+00 1.159680000000000044e+00 0.000000000000000000e+00 2.352799999999999891e-01 -0.000000000000000000e+00 1.020289999999999919e+00
9.914199999999999680e-01 0.000000000000000000e+00 -6.880999999999999617e-02 0.000000000000000000e+00 1.159680000000000044e+00 0.000000000000000000e+00 -2.352799999999999891e-01 -0.000000000000000000e+00 1.020289999999999919e+00
9.914199999999999680e-01 -0.000000000000000000e+00 6.880999999999999617e-02 0.000000000000000000e+00 1.159680000000000044e+00 0.000000000000000000e+00 2.352799999999999891e-01 -0.000000000000000000e+00 1.020289999999999919e+00
1.061339999999999950e+00 2.693099999999999938e-01 -7.066999999999999671e-02 1.342399999999999982e-01 9.765000000000000346e-01 -7.027999999999999525e-02 1.074100000000000055e-01 -1.119499999999999940e-01 1.000820000000000043e+00
1.061339999999999950e+00 2.693099999999999938e-01 7.066999999999999671e-02 1.342399999999999982e-01 9.765000000000000346e-01 7.027999999999999525e-02 -1.074100000000000055e-01 1.119499999999999940e-01 1.000820000000000043e+00
1.061339999999999950e+00 2.693099999999999938e-01 -7.066999999999999671e-02 1.342399999999999982e-01 9.765000000000000346e-01 -7.027999999999999525e-02 1.074100000000000055e-01 -1.119499999999999940e-01 1.000820000000000043e+00
1.061339999999999950e+00 -2.693099999999999938e-01 7.066999999999999671e-02 -1.342399999999999982e-01 9.765000000000000346e-01 -7.027999999999999525e-02 -1.074100000000000055e-01 -1.119499999999999940e-01 1.000820000000000043e+00
1.551940000000000097e+00 -0.000000000000000000e+00 9.077000000000000346e-02 0.000000000000000000e+00 1.641329999999999956e+00 0.000000000000000000e+00 8.512000000000000122e-02 -0.000000000000000000e+00 1.022480000000000055e+00
1.551940000000000097e+00 0.000000000000000000e+00 -9.077000000000000346e-02 0.000000000000000000e+00 1.641329999999999956e+00 0.000000000000000000e+00 -8.512000000000000122e-02 -0.000000000000000000e+00 1.022480000000000055e+00
1.551940000000000097e+00 -0.000000000000000000e+00 9.077000000000000346e-02 0.000000000000000000e+00 1.641329999999999956e+00 0.000000000000000000e+00 8.512000000000000122e-02 -0.000000000000000000e+00 1.022480000000000055e+00
1.551940000000000097e+00 0.000000000000000000e+00 -9.077000000000000346e-02 0.000000000000000000e+00 1.641329999999999956e+00 0.000000000000000000e+00 -8.512000000000000122e-02 -0.000000000000000000e+00 1.022480000000000055e+00
-2.836949999999999861e+00 0.000000000000000000e+00 -8.920000000000000151e-01 0.000000000000000000e+00 -1.691940000000000000e+00 0.000000000000000000e+00 -4.314200000000000257e-01 0.000000000000000000e+00 -2.027470000000000105e+00
-2.836949999999999861e+00 0.000000000000000000e+00 8.920000000000000151e-01 0.000000000000000000e+00 -1.691940000000000000e+00 0.000000000000000000e+00 4.314200000000000257e-01 0.000000000000000000e+00 -2.027470000000000105e+00
-2.836949999999999861e+00 0.000000000000000000e+00 -8.920000000000000151e-01 0.000000000000000000e+00 -1.691940000000000000e+00 0.000000000000000000e+00 -4.314200000000000257e-01 0.000000000000000000e+00 -2.027470000000000105e+00
-2.836949999999999861e+00 0.000000000000000000e+00 8.920000000000000151e-01 0.000000000000000000e+00 -1.691940000000000000e+00 0.000000000000000000e+00 4.314200000000000257e-01 0.000000000000000000e+00 -2.027470000000000105e+00
-1.829090000000000105e+00 8.841900000000000315e-01 8.216200000000000170e-01 1.248180000000000067e+00 -3.062069999999999848e+00 -1.494089999999999918e+00 3.424599999999999866e-01 -6.098799999999999777e-01 -2.016929999999999890e+00
-1.829090000000000105e+00 8.841900000000000315e-01 -8.216200000000000170e-01 1.248180000000000067e+00 -3.062069999999999848e+00 1.494089999999999918e+00 -3.424599999999999866e-01 6.098799999999999777e-01 -2.016929999999999890e+00
-1.829090000000000105e+00 -8.841900000000000315e-01 8.216200000000000170e-01 -1.248180000000000067e+00 -3.062069999999999848e+00 1.494089999999999918e+00 3.424599999999999866e-01 6.098799999999999777e-01 -2.016929999999999890e+00
-1.829090000000000105e+00 -8.841900000000000315e-01 -8.216200000000000170e-01 -1.248180000000000067e+00 -3.062069999999999848e+00 -1.494089999999999918e+00 -3.424599999999999866e-01 -6.098799999999999777e-01 -2.016929999999999890e+00
