-5.932646633433049516e-02
-5.932644537252952655e-02
-1.992278140758196175e-02
2.926607390601603242e+00
4.907088019922530187e+00
4.907088020149416252e+00
5.105045776520653611e+00
5.283999524179987084e+00
5.283999524366929990e+00
5.464047064953085453e+00
5.621429042599303649e+00
5.621429042653003805e+00
6.429429186764068049e+00
6.429429187522767819e+00
7.120577532281796351e+00
7.515461696918475987e+00
7.577537359635781122e+00
7.577537360147401202e+00
1.255364432137882602e+01
1.255364432184796541e+01
1.285626535559989492e+01
1.285626535601288545e+01
1.444432177680660523e+01
1.460114773125050824e+01
1.460114773148013612e+01
1.476237221591578219e+01
1.643582265544027621e+01
1.643582265550803712e+01
1.650547969715532659e+01
1.659010203962242613e+01
