1.080019999999999980e+00 0.000000000000000000e+00 0.000000000000000000e+00 0.000000000000000000e+00 1.039609999999999923e+00 1.830999999999999989e-02 0.000000000000000000e+00 6.101999999999999785e-02 1.072880000000000056e+00
1.080019999999999980e+00 0.000000000000000000e+00 0.000000000000000000e+00 0.000000000000000000e+00 1.039609999999999923e+00 -1.830999999999999989e-02 0.000000000000000000e+00 -6.101999999999999785e-02 1.072880000000000056e+00
1.014450000000000074e+00 -9.521999999999999909e-02 -1.166699999999999959e-01 9.593999999999999750e-02 1.056880000000000042e+00 4.975000000000000255e-02 1.269200000000000050e-01 -5.201999999999999680e-02 1.030240000000000045e+00
1.014450000000000074e+00 9.521999999999999909e-02 -1.166699999999999959e-01 -9.593999999999999750e-02 1.056880000000000042e+00 -4.975000000000000255e-02 1.269200000000000050e-01 5.201999999999999680e-02 1.030240000000000045e+00
1.014450000000000074e+00 9.521999999999999909e-02 1.166699999999999959e-01 -9.593999999999999750e-02 1.056880000000000042e+00 4.975000000000000255e-02 -1.269200000000000050e-01 -5.201999999999999680e-02 1.030240000000000045e+00
1.014450000000000074e+00 -9.521999999999999909e-02 1.166699999999999959e-01 9.593999999999999750e-02 1.056880000000000042e+00 -4.975000000000000255e-02 -1.269200000000000050e-01 5.201999999999999680e-02 1.030240000000000045e+00
2.987270000000000092e+00 0.000000000000000000e+00 0.000000000000000000e+00 0.000000000000000000e+00 2.941819999999999879e+00 1.628999999999999893e-02 0.000000000000000000e+00 -3.054000000000000117e-02 3.110679999999999890e+00
2.987270000000000092e+00 0.000000000000000000e+00 0.000000000000000000e+00 0.000000000000000000e+00 2.941819999999999879e+00 -1.628999999999999893e-02 0.000000000000000000e+00 3.054000000000000117e-02 3.110679999999999890e+00
-1.314880000000000049e+00 0.000000000000000000e+00 0.000000000000000000e+00 0.000000000000000000e+00 -2.031270000000000131e+00 1.437700000000000089e-01 0.000000000000000000e+00 1.276500000000000135e-01 -1.229470000000000063e+00
-1.320529999999999982e+00 0.000000000000000000e+00 0.000000000000000000e+00 0.000000000000000000e+00 -1.165680000000000049e+00 1.226399999999999990e-01 0.000000000000000000e+00 1.223700000000000065e-01 -2.078409999999999869e+00
-1.314880000000000049e+00 0.000000000000000000e+00 0.000000000000000000e+00 0.000000000000000000e+00 -2.031270000000000131e+00 -1.437700000000000089e-01 0.000000000000000000e+00 -1.276500000000000135e-01 -1.229470000000000063e+00
-1.320529999999999982e+00 0.000000000000000000e+00 0.000000000000000000e+00 0.000000000000000000e+00 -1.165680000000000049e+00 -1.226399999999999990e-01 0.000000000000000000e+00 -1.223700000000000065e-01 -2.078409999999999869e+00
-1.730390000000000095e+00 3.684200000000000252e-01 3.032799999999999940e-01 2.691899999999999848e-01 -1.449109999999999898e+00 -8.450000000000000566e-02 3.125600000000000045e-01 -1.045200000000000018e-01 -1.468080000000000052e+00
-1.730390000000000095e+00 3.684200000000000252e-01 -3.032799999999999940e-01 2.691899999999999848e-01 -1.449109999999999898e+00 8.450000000000000566e-02 -3.125600000000000045e-01 1.045200000000000018e-01 -1.468080000000000052e+00
-1.730390000000000095e+00 -3.684200000000000252e-01 3.032799999999999940e-01 -2.691899999999999848e-01 -1.449109999999999898e+00 8.450000000000000566e-02 3.125600000000000045e-01 1.045200000000000018e-01 -1.468080000000000052e+00
-1.730390000000000095e+00 -3.684200000000000252e-01 -3.032799999999999940e-01 -2.691899999999999848e-01 -1.449109999999999898e+00 -8.450000000000000566e-02 -3.125600000000000045e-01 -1.045200000000000018e-01 -1.468080000000000052e+00
