2.349930000000000074e+00 5.403000000000000164e-02 0.000000000000000000e+00 -5.403000000000000164e-02 2.349930000000000074e+00 -0.000000000000000000e+00 0.000000000000000000e+00 0.000000000000000000e+00 2.716019999999999879e+00
2.349930000000000074e+00 -5.403000000000000164e-02 -0.000000000000000000e+00 5.403000000000000164e-02 2.349930000000000074e+00 -0.000000000000000000e+00 0.000000000000000000e+00 0.000000000000000000e+00 2.716019999999999879e+00
2.349930000000000074e+00 5.403000000000000164e-02 0.000000000000000000e+00 -5.403000000000000164e-02 2.349930000000000074e+00 0.000000000000000000e+00 0.000000000000000000e+00 0.000000000000000000e+00 2.716019999999999879e+00
2.349930000000000074e+00 -5.403000000000000164e-02 -0.000000000000000000e+00 5.403000000000000164e-02 2.349930000000000074e+00 0.000000000000000000e+00 0.000000000000000000e+00 0.000000000000000000e+00 2.716019999999999879e+00
2.331290000000000084e+00 3.373999999999999916e-02 0.000000000000000000e+00 -3.373999999999999916e-02 2.331290000000000084e+00 0.000000000000000000e+00 -0.000000000000000000e+00 0.000000000000000000e+00 1.536149999999999904e+00
2.331290000000000084e+00 -3.373999999999999916e-02 0.000000000000000000e+00 3.373999999999999916e-02 2.331290000000000084e+00 0.000000000000000000e+00 0.000000000000000000e+00 0.000000000000000000e+00 1.536149999999999904e+00
2.331290000000000084e+00 3.373999999999999916e-02 0.000000000000000000e+00 -3.373999999999999916e-02 2.331290000000000084e+00 0.000000000000000000e+00 0.000000000000000000e+00 0.000000000000000000e+00 1.536149999999999904e+00
2.331290000000000084e+00 -3.373999999999999916e-02 0.000000000000000000e+00 3.373999999999999916e-02 2.331290000000000084e+00 0.000000000000000000e+00 -0.000000000000000000e+00 0.000000000000000000e+00 1.536149999999999904e+00
5.093309999999999782e+00 -6.764000000000000568e-02 0.000000000000000000e+00 6.764000000000000568e-02 5.093309999999999782e+00 0.000000000000000000e+00 0.000000000000000000e+00 0.000000000000000000e+00 5.163640000000000008e+00
5.093309999999999782e+00 6.764000000000000568e-02 -0.000000000000000000e+00 -6.764000000000000568e-02 5.093309999999999782e+00 0.000000000000000000e+00 0.000000000000000000e+00 0.000000000000000000e+00 5.163640000000000008e+00
5.093309999999999782e+00 -6.764000000000000568e-02 0.000000000000000000e+00 6.764000000000000568e-02 5.093309999999999782e+00 0.000000000000000000e+00 0.000000000000000000e+00 0.000000000000000000e+00 5.163640000000000008e+00
5.093309999999999782e+00 6.764000000000000568e-02 -0.000000000000000000e+00 -6.764000000000000568e-02 5.093309999999999782e+00 0.000000000000000000e+00 0.000000000000000000e+00 0.000000000000000000e+00 5.163640000000000008e+00
-1.702110000000000012e+00 -5.629800000000000360e-01 1.149099999999999983e-01 -5.629800000000000360e-01 -2.352189999999999781e+00 -6.633999999999999619e-02 1.370300000000000129e-01 -7.911999999999999589e-02 -2.339440000000000186e+00
-1.702110000000000012e+00 5.629800000000000360e-01 -1.149099999999999983e-01 5.629800000000000360e-01 -2.352189999999999781e+00 -6.633999999999999619e-02 -1.370300000000000129e-01 -7.911999999999999589e-02 -2.339440000000000186e+00
-2.677220000000000155e+00 -0.000000000000000000e+00 0.000000000000000000e+00 -0.000000000000000000e+00 -1.377080000000000082e+00 1.326900000000000024e-01 0.000000000000000000e+00 1.582300000000000095e-01 -2.339440000000000186e+00
-1.702110000000000012e+00 -5.629800000000000360e-01 1.149099999999999983e-01 -5.629800000000000360e-01 -2.352189999999999781e+00 -6.633999999999999619e-02 1.370300000000000129e-01 -7.911999999999999589e-02 -2.339440000000000186e+00
-1.702110000000000012e+00 5.629800000000000360e-01 -1.149099999999999983e-01 5.629800000000000360e-01 -2.352189999999999781e+00 -6.633999999999999619e-02 -1.370300000000000129e-01 -7.911999999999999589e-02 -2.339440000000000186e+00
-2.677220000000000155e+00 -0.000000000000000000e+00 0.000000000000000000e+00 -0.000000000000000000e+00 -1.377080000000000082e+00 1.326900000000000024e-01 0.000000000000000000e+00 1.582300000000000095e-01 -2.339440000000000186e+00
-1.632679999999999909e+00 -6.612799999999999789e-01 -3.744500000000000051e-01 -6.211100000000000509e-01 -2.856529999999999792e+00 -6.368099999999999872e-01 -5.005500000000000504e-01 -7.586699999999999555e-01 -1.968879999999999963e+00
-3.105850000000000222e+00 -2.294299999999999951e-01 7.387200000000000433e-01 -1.892600000000000116e-01 -1.383350000000000080e+00 -5.879999999999999810e-03 9.072999999999999954e-01 -5.414999999999999675e-02 -1.968879999999999963e+00
-1.995279999999999943e+00 8.304500000000000215e-01 -3.642699999999999827e-01 8.706199999999999495e-01 -2.493930000000000202e+00 6.426899999999999835e-01 -4.067500000000000004e-01 8.128199999999999870e-01 -1.968879999999999963e+00
-1.632679999999999909e+00 6.612799999999999789e-01 3.744500000000000051e-01 6.211100000000000509e-01 -2.856529999999999792e+00 -6.368099999999999872e-01 5.005500000000000504e-01 -7.586699999999999555e-01 -1.968879999999999963e+00
-3.105850000000000222e+00 2.294299999999999951e-01 -7.387200000000000433e-01 1.892600000000000116e-01 -1.383350000000000080e+00 -5.879999999999999810e-03 -9.072999999999999954e-01 -5.414999999999999675e-02 -1.968879999999999963e+00
-1.995279999999999943e+00 -8.304500000000000215e-01 3.642699999999999827e-01 -8.706199999999999495e-01 -2.493930000000000202e+00 6.426899999999999835e-01 4.067500000000000004e-01 8.128199999999999870e-01 -1.968879999999999963e+00
-1.995279999999999943e+00 -8.304500000000000215e-01 3.642699999999999827e-01 -8.706199999999999495e-01 -2.493930000000000202e+00 6.426899999999999835e-01 4.067500000000000004e-01 8.128199999999999870e-01 -1.968879999999999963e+00
-3.105850000000000222e+00 2.294299999999999951e-01 -7.387200000000000433e-01 1.892600000000000116e-01 -1.383350000000000080e+00 -5.879999999999999810e-03 -9.072999999999999954e-01 -5.414999999999999675e-02 -1.968879999999999963e+00
-1.632679999999999909e+00 6.612799999999999789e-01 3.744500000000000051e-01 6.211100000000000509e-01 -2.856529999999999792e+00 -6.368099999999999872e-01 5.005500000000000504e-01 -7.586699999999999555e-01 -1.968879999999999963e+00
-1.995279999999999943e+00 8.304500000000000215e-01 -3.642699999999999827e-01 8.706199999999999495e-01 -2.493930000000000202e+00 6.426899999999999835e-01 -4.067500000000000004e-01 8.128199999999999870e-01 -1.968879999999999963e+00
-3.105850000000000222e+00 -2.294299999999999951e-01 7.387200000000000433e-01 -1.892600000000000116e-01 -1.383350000000000080e+00 -5.879999999999999810e-03 9.072999999999999954e-01 -5.414999999999999675e-02 -1.968879999999999963e+00
-1.632679999999999909e+00 -6.612799999999999789e-01 -3.744500000000000051e-01 -6.211100000000000509e-01 -2.856529999999999792e+00 -6.368099999999999872e-01 -5.005500000000000504e-01 -7.586699999999999555e-01 -1.968879999999999963e+00
