3.047460000000000058e+00 3.733000000000000207e-02 0.000000000000000000e+00 -3.733000000000000207e-02 3.047460000000000058e+00 0.000000000000000000e+00 0.000000000000000000e+00 0.000000000000000000e+00 1.692120000000000068e+00
3.047460000000000058e+00 3.733000000000000207e-02 0.000000000000000000e+00 -3.733000000000000207e-02 3.047460000000000058e+00 0.000000000000000000e+00 -0.000000000000000000e+00 -0.000000000000000000e+00 1.692120000000000068e+00
3.127899999999999903e+00 -1.159700000000000036e-01 -0.000000000000000000e+00 1.159700000000000036e-01 3.127899999999999903e+00 0.000000000000000000e+00 0.000000000000000000e+00 -0.000000000000000000e+00 1.932660000000000045e+00
3.127899999999999903e+00 -1.159700000000000036e-01 0.000000000000000000e+00 1.159700000000000036e-01 3.127899999999999903e+00 0.000000000000000000e+00 -0.000000000000000000e+00 0.000000000000000000e+00 1.932660000000000045e+00
3.127899999999999903e+00 -1.159700000000000036e-01 -0.000000000000000000e+00 1.159700000000000036e-01 3.127899999999999903e+00 0.000000000000000000e+00 0.000000000000000000e+00 -0.000000000000000000e+00 1.932660000000000045e+00
3.127899999999999903e+00 -1.159700000000000036e-01 0.000000000000000000e+00 1.159700000000000036e-01 3.127899999999999903e+00 0.000000000000000000e+00 -0.000000000000000000e+00 0.000000000000000000e+00 1.932660000000000045e+00
2.794430000000000192e+00 2.060099999999999987e-01 0.000000000000000000e+00 -2.060099999999999987e-01 2.794430000000000192e+00 0.000000000000000000e+00 0.000000000000000000e+00 -0.000000000000000000e+00 4.481620000000000381e+00
2.794430000000000192e+00 2.060099999999999987e-01 0.000000000000000000e+00 -2.060099999999999987e-01 2.794430000000000192e+00 -0.000000000000000000e+00 0.000000000000000000e+00 -0.000000000000000000e+00 4.481620000000000381e+00
5.315050000000000274e+00 3.713000000000000328e-02 0.000000000000000000e+00 -3.713000000000000328e-02 5.315050000000000274e+00 0.000000000000000000e+00 0.000000000000000000e+00 0.000000000000000000e+00 4.303889999999999993e+00
5.315050000000000274e+00 3.713000000000000328e-02 0.000000000000000000e+00 -3.713000000000000328e-02 5.315050000000000274e+00 0.000000000000000000e+00 0.000000000000000000e+00 0.000000000000000000e+00 4.303889999999999993e+00
5.315050000000000274e+00 3.713000000000000328e-02 0.000000000000000000e+00 -3.713000000000000328e-02 5.315050000000000274e+00 -0.000000000000000000e+00 0.000000000000000000e+00 0.000000000000000000e+00 4.303889999999999993e+00
5.315050000000000274e+00 3.713000000000000328e-02 0.000000000000000000e+00 -3.713000000000000328e-02 5.315050000000000274e+00 0.000000000000000000e+00 0.000000000000000000e+00 -0.000000000000000000e+00 4.303889999999999993e+00
-1.767430000000000057e+00 -2.607200000000000073e-01 -0.000000000000000000e+00 -2.642300000000000204e-01 -3.192550000000000221e+00 0.000000000000000000e+00 0.000000000000000000e+00 0.000000000000000000e+00 -2.288349999999999884e+00
-3.063579999999999970e+00 -4.840999999999999748e-01 -0.000000000000000000e+00 -4.876099999999999879e-01 -1.896400000000000086e+00 -0.000000000000000000e+00 0.000000000000000000e+00 0.000000000000000000e+00 -2.288349999999999884e+00
-2.608960000000000168e+00 7.500900000000000345e-01 -0.000000000000000000e+00 7.465800000000000214e-01 -2.351020000000000110e+00 0.000000000000000000e+00 0.000000000000000000e+00 0.000000000000000000e+00 -2.288349999999999884e+00
-1.767430000000000057e+00 -2.607200000000000073e-01 0.000000000000000000e+00 -2.642300000000000204e-01 -3.192550000000000221e+00 0.000000000000000000e+00 0.000000000000000000e+00 0.000000000000000000e+00 -2.288349999999999884e+00
-3.063579999999999970e+00 -4.840999999999999748e-01 -0.000000000000000000e+00 -4.876099999999999879e-01 -1.896400000000000086e+00 -0.000000000000000000e+00 0.000000000000000000e+00 0.000000000000000000e+00 -2.288349999999999884e+00
-2.608960000000000168e+00 7.500900000000000345e-01 0.000000000000000000e+00 7.465800000000000214e-01 -2.351020000000000110e+00 0.000000000000000000e+00 0.000000000000000000e+00 0.000000000000000000e+00 -2.288349999999999884e+00
-1.771889999999999965e+00 -5.027700000000000502e-01 -1.416699999999999904e-01 -4.724599999999999911e-01 -3.324050000000000171e+00 -1.075260000000000105e+00 -8.787000000000000366e-02 -1.110729999999999995e+00 -1.963629999999999987e+00
-3.358299999999999841e+00 -4.434500000000000108e-01 1.002040000000000042e+00 -4.131400000000000072e-01 -1.737640000000000073e+00 4.149399999999999755e-01 1.005849999999999911e+00 4.792699999999999738e-01 -1.963629999999999987e+00
-2.513720000000000176e+00 9.007600000000000051e-01 -8.603699999999999681e-01 9.310699999999999532e-01 -2.582219999999999960e+00 6.603200000000000180e-01 -9.179800000000000182e-01 6.314600000000000213e-01 -1.963629999999999987e+00
-1.771889999999999965e+00 -5.027700000000000502e-01 1.416699999999999904e-01 -4.724599999999999911e-01 -3.324050000000000171e+00 1.075260000000000105e+00 8.787000000000000366e-02 1.110729999999999995e+00 -1.963629999999999987e+00
-3.358299999999999841e+00 -4.434500000000000108e-01 -1.002040000000000042e+00 -4.131400000000000072e-01 -1.737640000000000073e+00 -4.149399999999999755e-01 -1.005849999999999911e+00 -4.792699999999999738e-01 -1.963629999999999987e+00
-2.513720000000000176e+00 9.007600000000000051e-01 8.603699999999999681e-01 9.310699999999999532e-01 -2.582219999999999960e+00 -6.603200000000000180e-01 9.179800000000000182e-01 -6.314600000000000213e-01 -1.963629999999999987e+00
-1.771889999999999965e+00 -5.027700000000000502e-01 -1.416699999999999904e-01 -4.724599999999999911e-01 -3.324050000000000171e+00 -1.075260000000000105e+00 -8.787000000000000366e-02 -1.110729999999999995e+00 -1.963629999999999987e+00
-3.358299999999999841e+00 -4.434500000000000108e-01 1.002040000000000042e+00 -4.131400000000000072e-01 -1.737640000000000073e+00 4.149399999999999755e-01 1.005849999999999911e+00 4.792699999999999738e-01 -1.963629999999999987e+00
-2.513720000000000176e+00 9.007600000000000051e-01 -8.603699999999999681e-01 9.310699999999999532e-01 -2.582219999999999960e+00 6.603200000000000180e-01 -9.179800000000000182e-01 6.314600000000000213e-01 -1.963629999999999987e+00
-1.771889999999999965e+00 -5.027700000000000502e-01 1.416699999999999904e-01 -4.724599999999999911e-01 -3.324050000000000171e+00 1.075260000000000105e+00 8.787000000000000366e-02 1.110729999999999995e+00 -1.963629999999999987e+00
-3.358299999999999841e+00 -4.434500000000000108e-01 -1.002040000000000042e+00 -4.131400000000000072e-01 -1.737640000000000073e+00 -4.149399999999999755e-01 -1.005849999999999911e+00 -4.792699999999999738e-01 -1.963629999999999987e+00
-2.513720000000000176e+00 9.007600000000000051e-01 8.603699999999999681e-01 9.310699999999999532e-01 -2.582219999999999960e+00 -6.603200000000000180e-01 9.179800000000000182e-01 -6.314600000000000213e-01 -1.963629999999999987e+00
