-5.140723189854119746e-02
-4.878442662396141605e-02
-4.234527780481228687e-02
1.348876997547817203e+00
1.569701395037121916e+00
1.810506329214990551e+00
2.147657372137715015e+00
2.214197638975420990e+00
2.416476841439084033e+00
2.635725867668120781e+00
2.641872814419570226e+00
2.930268334011051135e+00
2.990237644336486866e+00
3.164163509090240467e+00
3.186433361717753598e+00
3.440845270002239165e+00
3.462213656114412785e+00
3.937691485268944636e+00
4.183847285959869211e+00
4.480118512804294184e+00
4.627203385637100652e+00
5.341317954111810096e+00
5.549750497715074005e+00
5.833135625467387619e+00
5.912698733392714345e+00
6.117175811920436246e+00
6.131337104216583178e+00
6.162899724103945154e+00
6.755808860748923728e+00
6.756107808891090194e+00
7.477904782340869083e+00
7.524087704556367662e+00
7.839317289107272657e+00
8.785653467885653711e+00
8.840390760207828436e+00
8.939940673120275960e+00
8.965908688734176124e+00
9.299650964134897890e+00
9.842743291125241711e+00
1.056739154437878270e+01
1.106277901099940664e+01
1.142485008038257455e+01
1.302183631528230734e+01
1.307545331140732792e+01
1.440663520385085405e+01
1.488557063114291346e+01
1.567483378835277819e+01
1.597370234658737509e+01
1.672251845390382385e+01
1.696794190892801169e+01
1.698846208150946779e+01
1.701940020459544911e+01
1.717091462071263308e+01
1.801912005128054517e+01
1.842345139497641071e+01
2.170545375244793362e+01
2.372430337124447419e+01
2.446970769285242042e+01
2.550261169375084336e+01
2.625137447150289915e+01
