-3.598056905944840150e-02
-1.434182518980559040e-02
-1.191618075059470983e-02
2.084005618485588851e+00
2.248031730981432830e+00
2.320376893928725259e+00
3.752966241344600107e+00
4.054665213527856693e+00
4.115267697755177423e+00
4.122219458465147035e+00
5.294646752682552027e+00
5.534739919075236436e+00
5.911630476096731535e+00
6.336708891222651019e+00
6.391011126562158751e+00
6.416988697417859377e+00
6.534994993119571660e+00
6.718079716826543368e+00
6.887473784486251915e+00
7.186865802233393552e+00
7.735266062483006522e+00
7.962485909199683576e+00
8.266041843195436556e+00
8.571814407284602311e+00
8.605336961937473106e+00
8.741110961427017045e+00
9.569777598339001656e+00
1.007397347302604551e+01
1.255542201258768031e+01
1.261389507492207507e+01
1.279255413926112439e+01
1.303706539951329724e+01
1.323887993951315423e+01
1.404353026493563661e+01
1.461930752494036057e+01
1.504934456534851606e+01
1.505446057118680336e+01
1.530587062942834997e+01
2.013000475181017990e+01
2.133451949790840629e+01
2.157003173843377297e+01
2.177011325716586398e+01
2.223533309528657398e+01
2.225495292901338118e+01
2.363002061853411817e+01
2.507784282927950770e+01
2.515848565340403908e+01
2.567249548019953309e+01
