3.151139999999999830e+00 2.045500000000000096e-01 -0.000000000000000000e+00 -2.045500000000000096e-01 3.151139999999999830e+00 -0.000000000000000000e+00 -0.000000000000000000e+00 -0.000000000000000000e+00 2.813299999999999912e+00
3.151139999999999830e+00 2.045500000000000096e-01 -0.000000000000000000e+00 -2.045500000000000096e-01 3.151139999999999830e+00 -0.000000000000000000e+00 -0.000000000000000000e+00 -0.000000000000000000e+00 2.813299999999999912e+00
4.906740000000000101e+00 -4.199700000000000100e-01 -0.000000000000000000e+00 4.199700000000000100e-01 4.906740000000000101e+00 -0.000000000000000000e+00 -0.000000000000000000e+00 -0.000000000000000000e+00 5.158800000000000274e+00
4.906740000000000101e+00 -4.199700000000000100e-01 -0.000000000000000000e+00 4.199700000000000100e-01 4.906740000000000101e+00 -0.000000000000000000e+00 -0.000000000000000000e+00 -0.000000000000000000e+00 5.158800000000000274e+00
-2.320289999999999964e+00 9.640499999999999625e-01 -8.407999999999999918e-01 8.563300000000000356e-01 -1.708650000000000002e+00 8.577799999999999869e-01 -9.753199999999999648e-01 7.001899999999999791e-01 -1.993030000000000079e+00
-1.708650000000000002e+00 -8.563300000000000356e-01 -8.577799999999999869e-01 -9.640499999999999625e-01 -2.320289999999999964e+00 -8.407999999999999918e-01 -7.001899999999999791e-01 -9.753199999999999648e-01 -1.993030000000000079e+00
-1.708650000000000002e+00 -8.563300000000000356e-01 8.577799999999999869e-01 -9.640499999999999625e-01 -2.320289999999999964e+00 8.407999999999999918e-01 7.001899999999999791e-01 9.753199999999999648e-01 -1.993030000000000079e+00
-2.320289999999999964e+00 9.640499999999999625e-01 8.407999999999999918e-01 8.563300000000000356e-01 -1.708650000000000002e+00 -8.577799999999999869e-01 9.753199999999999648e-01 -7.001899999999999791e-01 -1.993030000000000079e+00
-2.320289999999999964e+00 9.640499999999999625e-01 8.407999999999999918e-01 8.563300000000000356e-01 -1.708650000000000002e+00 -8.577799999999999869e-01 9.753199999999999648e-01 -7.001899999999999791e-01 -1.993030000000000079e+00
-1.708650000000000002e+00 -8.563300000000000356e-01 8.577799999999999869e-01 -9.640499999999999625e-01 -2.320289999999999964e+00 8.407999999999999918e-01 7.001899999999999791e-01 9.753199999999999648e-01 -1.993030000000000079e+00
-1.708650000000000002e+00 -8.563300000000000356e-01 -8.577799999999999869e-01 -9.640499999999999625e-01 -2.320289999999999964e+00 -8.407999999999999918e-01 -7.001899999999999791e-01 -9.753199999999999648e-01 -1.993030000000000079e+00
-2.320289999999999964e+00 9.640499999999999625e-01 -8.407999999999999918e-01 8.563300000000000356e-01 -1.708650000000000002e+00 8.577799999999999869e-01 -9.753199999999999648e-01 7.001899999999999791e-01 -1.993030000000000079e+00
