-2.343840481099327203e-02
-1.500602258313128365e-02
-1.155999034716946247e-02
8.462086997160958024e-01
1.196859085983563720e+00
1.298012704460658862e+00
1.363222140756538359e+00
2.619881849504350768e+00
3.117894419588698174e+00
3.179858710806252375e+00
4.247651768279689932e+00
4.380473431318970157e+00
4.505258677645811005e+00
4.989494644391244904e+00
5.370762155934509785e+00
5.429225645774352849e+00
5.577490144555651952e+00
6.287786779555042393e+00
6.418692458385202748e+00
6.653337391629823294e+00
6.770720410534174505e+00
7.146231848099414030e+00
7.610252354735613345e+00
7.992517573444001933e+00
8.252504201398794592e+00
8.392944204852746282e+00
8.588904419114207656e+00
9.411040519673271376e+00
1.119151701595705894e+01
1.403875066444615349e+01
1.470686960645509522e+01
1.605439049639677407e+01
1.605777076824742977e+01
1.609008243339878064e+01
1.648457536823764968e+01
1.650554848634692462e+01
1.668859235929653906e+01
1.708040243413736547e+01
2.038187030441222447e+01
2.038803057564997445e+01
2.569367179032486703e+01
2.995487173020112337e+01
