-4.550478515507742905e-02
-4.550476082364218744e-02
-4.975185767346577796e-03
8.310723875617422873e-01
8.310723954248662171e-01
1.833249410205670671e+00
2.443538343358977460e+00
2.443538344685642461e+00
3.655864419422825140e+00
4.353125141850836322e+00
4.361944380101092200e+00
4.361944380697766022e+00
4.958837738113685667e+00
4.958837739858785731e+00
5.250605377846107480e+00
5.250605378460717176e+00
5.278573369808603921e+00
5.823081478655426579e+00
7.124122862563275760e+00
7.124122862577396909e+00
7.211410732249374789e+00
7.718946804731095845e+00
7.718946805100221020e+00
9.262979176441263007e+00
9.262979176945030702e+00
9.332802040266267696e+00
9.983223550187911854e+00
9.983223550243240041e+00
1.056633572631748486e+01
1.056633572635456453e+01
1.100722159658049648e+01
1.104851345940844354e+01
1.104851346019419367e+01
1.111615530366879057e+01
1.835947514655977741e+01
1.835947514706004213e+01
2.263145854928736966e+01
2.263145854942765567e+01
2.285871669583156063e+01
2.285871669589045041e+01
2.496727861583529773e+01
2.879776264995531321e+01
2.954096090864627300e+01
3.023787603140038982e+01
3.143242258667639177e+01
