-3.798202620869600005e-02
-3.798178608851764115e-02
-3.074670845180194415e-02
3.240801041508125646e+00
3.240801042076016714e+00
3.389582143719306107e+00
3.493738906746096440e+00
3.493738907198724597e+00
3.537143056321828016e+00
3.664247476786052449e+00
3.675743637497615346e+00
3.675743638235087207e+00
3.751801122984586900e+00
3.751801123395471560e+00
3.846521675044560329e+00
3.846521675288031794e+00
3.874001677092414830e+00
4.365137259623399046e+00
4.365137260068640224e+00
4.668332288138720365e+00
4.894325265966879890e+00
5.016460904872462656e+00
5.016460906813545506e+00
5.053875964878439042e+00
5.053875966223068339e+00
5.413931211207756000e+00
5.413931211895686602e+00
5.677064214628849470e+00
5.677064215531347102e+00
5.731059377870810323e+00
6.127977201953051178e+00
6.393437017870139627e+00
6.393437019355260986e+00
6.499101162236438078e+00
6.576787332449891110e+00
6.660839246995239549e+00
8.127612587639694297e+00
8.127612587857703019e+00
8.145685237402989998e+00
8.941233123892988743e+00
9.160906295413242972e+00
9.160906295494466889e+00
9.245433870767577389e+00
9.779644993606257941e+00
9.779644993841991152e+00
1.070498908979016051e+01
1.070498909003497801e+01
1.095074011698337557e+01
1.095074011709472117e+01
1.110292587500962647e+01
1.133268811858931890e+01
1.133268811878451388e+01
1.208217961981484478e+01
1.348046558863913091e+01
1.645414814226116818e+01
1.654111774404428203e+01
1.654111774473657448e+01
1.741665448035621822e+01
1.752987189926919598e+01
1.752987189933092793e+01
1.828474252817698797e+01
1.828474252829995095e+01
1.869309729089851757e+01
1.869309729096086770e+01
1.879824248442609047e+01
1.910696303082532665e+01
