2.462019999999999875e+00 0.000000000000000000e+00 -1.444199999999999928e-01 0.000000000000000000e+00 2.433440000000000047e+00 0.000000000000000000e+00 -1.274000000000000132e-01 -0.000000000000000000e+00 2.545129999999999892e+00
2.462019999999999875e+00 0.000000000000000000e+00 1.444199999999999928e-01 0.000000000000000000e+00 2.433440000000000047e+00 0.000000000000000000e+00 1.274000000000000132e-01 0.000000000000000000e+00 2.545129999999999892e+00
2.462019999999999875e+00 0.000000000000000000e+00 1.444199999999999928e-01 0.000000000000000000e+00 2.433440000000000047e+00 0.000000000000000000e+00 1.274000000000000132e-01 0.000000000000000000e+00 2.545129999999999892e+00
2.462019999999999875e+00 0.000000000000000000e+00 -1.444199999999999928e-01 0.000000000000000000e+00 2.433440000000000047e+00 0.000000000000000000e+00 -1.274000000000000132e-01 -0.000000000000000000e+00 2.545129999999999892e+00
5.919340000000000046e+00 -7.974000000000000532e-02 -2.089600000000000068e-01 -1.543499999999999872e-01 5.940579999999999750e+00 -3.588000000000000078e-01 3.262900000000000245e-01 5.133600000000000385e-01 5.944149999999999601e+00
5.919340000000000046e+00 -7.974000000000000532e-02 2.089600000000000068e-01 -1.543499999999999872e-01 5.940579999999999750e+00 3.588000000000000078e-01 -3.262900000000000245e-01 -5.133600000000000385e-01 5.944149999999999601e+00
5.919340000000000046e+00 7.974000000000000532e-02 2.089600000000000068e-01 1.543499999999999872e-01 5.940579999999999750e+00 -3.588000000000000078e-01 -3.262900000000000245e-01 5.133600000000000385e-01 5.944149999999999601e+00
5.919340000000000046e+00 7.974000000000000532e-02 -2.089600000000000068e-01 1.543499999999999872e-01 5.940579999999999750e+00 3.588000000000000078e-01 3.262900000000000245e-01 -5.133600000000000385e-01 5.944149999999999601e+00
-3.294350000000000112e+00 6.961000000000000520e-02 -1.384819999999999940e+00 8.544000000000000206e-02 -1.873820000000000041e+00 -3.050000000000000194e-03 -1.351159999999999917e+00 -4.729999999999999830e-03 -3.241299999999999848e+00
-3.294350000000000112e+00 6.961000000000000520e-02 1.384819999999999940e+00 8.544000000000000206e-02 -1.873820000000000041e+00 3.050000000000000194e-03 1.351159999999999917e+00 4.729999999999999830e-03 -3.241299999999999848e+00
-3.294350000000000112e+00 -6.961000000000000520e-02 1.384819999999999940e+00 -8.544000000000000206e-02 -1.873820000000000041e+00 -3.050000000000000194e-03 1.351159999999999917e+00 -4.729999999999999830e-03 -3.241299999999999848e+00
-3.294350000000000112e+00 -6.961000000000000520e-02 -1.384819999999999940e+00 -8.544000000000000206e-02 -1.873820000000000041e+00 3.050000000000000194e-03 -1.351159999999999917e+00 4.729999999999999830e-03 -3.241299999999999848e+00
-3.294350000000000112e+00 6.961000000000000520e-02 -1.384819999999999940e+00 8.544000000000000206e-02 -1.873820000000000041e+00 -3.050000000000000194e-03 -1.351159999999999917e+00 -4.729999999999999830e-03 -3.241299999999999848e+00
-3.294350000000000112e+00 6.961000000000000520e-02 1.384819999999999940e+00 8.544000000000000206e-02 -1.873820000000000041e+00 3.050000000000000194e-03 1.351159999999999917e+00 4.729999999999999830e-03 -3.241299999999999848e+00
-3.294350000000000112e+00 -6.961000000000000520e-02 1.384819999999999940e+00 -8.544000000000000206e-02 -1.873820000000000041e+00 -3.050000000000000194e-03 1.351159999999999917e+00 -4.729999999999999830e-03 -3.241299999999999848e+00
-3.294350000000000112e+00 -6.961000000000000520e-02 -1.384819999999999940e+00 -8.544000000000000206e-02 -1.873820000000000041e+00 3.050000000000000194e-03 -1.351159999999999917e+00 4.729999999999999830e-03 -3.241299999999999848e+00
-1.792669999999999986e+00 0.000000000000000000e+00 8.995999999999999830e-02 0.000000000000000000e+00 -4.626369999999999649e+00 0.000000000000000000e+00 2.000000000000000042e-02 0.000000000000000000e+00 -2.006699999999999928e+00
-1.792669999999999986e+00 0.000000000000000000e+00 -8.995999999999999830e-02 0.000000000000000000e+00 -4.626369999999999649e+00 0.000000000000000000e+00 -2.000000000000000042e-02 0.000000000000000000e+00 -2.006699999999999928e+00
-1.792669999999999986e+00 0.000000000000000000e+00 -8.995999999999999830e-02 0.000000000000000000e+00 -4.626369999999999649e+00 0.000000000000000000e+00 -2.000000000000000042e-02 0.000000000000000000e+00 -2.006699999999999928e+00
-1.792669999999999986e+00 0.000000000000000000e+00 8.995999999999999830e-02 0.000000000000000000e+00 -4.626369999999999649e+00 0.000000000000000000e+00 2.000000000000000042e-02 0.000000000000000000e+00 -2.006699999999999928e+00
