-7.652555869191166038e-02
-1.947705105577149723e-02
-1.947692444927234812e-02
2.078337860230393019e+00
2.078337863506394267e+00
2.194832741892585037e+00
2.194832745522661721e+00
2.420076650300969412e+00
2.538416967471002650e+00
2.868205842819674167e+00
3.031990664905976907e+00
3.047819694569648519e+00
3.047819697024087393e+00
3.075067876924880927e+00
3.075067879203892129e+00
3.111375537975193506e+00
3.111375539770336207e+00
3.563205819116459949e+00
3.563205820591129225e+00
3.579676238890646012e+00
4.227240431028851830e+00
4.525005694666345946e+00
4.525005697594007614e+00
4.675256162690855533e+00
4.675256163438113788e+00
4.883883023999032957e+00
5.343207597591252522e+00
5.343207599027136823e+00
5.580972171027665851e+00
5.580972172581634361e+00
5.621296149865061764e+00
6.392939824496403745e+00
6.392939826042641549e+00
6.666046450670131129e+00
7.426295239512789692e+00
7.880437052565844702e+00
7.880437053230155975e+00
8.154288067653498118e+00
8.435156684118734205e+00
8.435156685455517334e+00
9.253195030391921705e+00
9.713955350745269612e+00
9.731138865621559830e+00
1.006198082709012631e+01
1.006198082753923728e+01
1.022008340064181731e+01
1.022008340136957116e+01
1.051997117795915848e+01
1.051997117821285599e+01
1.068499142054196760e+01
1.076115155155013170e+01
1.076115155187904193e+01
1.249757286897350106e+01
1.249757286988522509e+01
1.290024340905801736e+01
1.290024340932026270e+01
1.330353358927571428e+01
1.406435104690174320e+01
1.494476117520582115e+01
1.494476117538477133e+01
1.522381252504325744e+01
1.522381252510078653e+01
1.594627021487668372e+01
1.606369590798922076e+01
1.623040910748870047e+01
1.698129218616162461e+01
1.829987930845517496e+01
1.852245127909834466e+01
2.140185825759696669e+01
2.140185825779934703e+01
2.144439527139599022e+01
2.144439527173956250e+01
2.723401597141206665e+01
2.723401597159344689e+01
2.741142623024104807e+01
2.741142623049353944e+01
2.822261210972195045e+01
2.825714198134244626e+01
2.855455145319830024e+01
2.902182625144894601e+01
2.902182625151414186e+01
2.909530614214506272e+01
2.909530614223943346e+01
2.976821026494882716e+01
2.989704888992205412e+01
2.989704889011197508e+01
2.996048412683413176e+01
2.996048412714187492e+01
3.090090555173013342e+01
3.376805797127288855e+01
