-3.459226961737702638e-02
-3.197126794305301528e-02
-1.798898548632349437e-02
2.120668696522052699e+00
2.573934536069348411e+00
2.791844446408221270e+00
2.918674236889615248e+00
3.004150554245569982e+00
3.167284271253851813e+00
3.233587231318470145e+00
3.246091623980067453e+00
3.344761424496849322e+00
3.629286537701929216e+00
3.779499940568140204e+00
4.058567967403606147e+00
4.078980004399020309e+00
4.231094600994943278e+00
4.557325212122493419e+00
4.559934648093364018e+00
4.630448343408994916e+00
4.733112022270808517e+00
4.829757648829479777e+00
5.140330957390020217e+00
5.371830379185429827e+00
5.441024075480735966e+00
5.458809881227635330e+00
5.541194154301694930e+00
6.200979529748678942e+00
6.826862455708469390e+00
7.329480112298935701e+00
7.346040221457367458e+00
7.490112677232786176e+00
7.749141861873541259e+00
7.946390536533186832e+00
8.562739779436537191e+00
8.665617048423094104e+00
9.025279597890250471e+00
9.607831371097796946e+00
9.782613112990413029e+00
1.096873766679703444e+01
1.120097695877355726e+01
1.137614718097875688e+01
1.190927091064240884e+01
1.244977462058600537e+01
1.272574160980351721e+01
1.276285776337942757e+01
1.291247366839202115e+01
1.347468833193259741e+01
1.662643939179159958e+01
1.683120171645755647e+01
1.693115082986860642e+01
1.698404899392021861e+01
1.707708597888173685e+01
1.746853602271309924e+01
1.754001685601941318e+01
1.763661158050732070e+01
1.815414606198241287e+01
2.077380388884056117e+01
2.384390795780009498e+01
2.417227234140645464e+01
