-9.600541312863561383e-02
-9.600538995285629040e-02
-2.557911315898188029e-02
7.000602131245569071e-01
7.000603795387937422e-01
9.833111216700439750e-01
9.833113565905765574e-01
1.400257112104773327e+00
2.155680880835565638e+00
2.155681386476210992e+00
2.246332442004077112e+00
2.450936302721880455e+00
2.660858697864281641e+00
4.284616517262659130e+00
4.927974076636361112e+00
4.927974908621187033e+00
5.097278558211233879e+00
5.097279391989417263e+00
5.558078615852783955e+00
6.121817287374722305e+00
6.121818626846110334e+00
7.417492494097988498e+00
7.417494037746171109e+00
7.449911214236045964e+00
7.877388025227651802e+00
8.302996344693884367e+00
8.302996453088487883e+00
8.968122590598323285e+00
8.968123477071443972e+00
9.377860262341298991e+00
9.661757521279449534e+00
9.661758649438517921e+00
1.034814683892724752e+01
1.034814727378770982e+01
1.242394156457603316e+01
1.270334231609933440e+01
1.553849419988951297e+01
1.553849465038360833e+01
1.629618519776944652e+01
1.629618660914264439e+01
1.719011652083836239e+01
1.722018873299592912e+01
1.722018995249471729e+01
2.341955565334235700e+01
2.394875598021742746e+01
