-5.108161789401913233e-02
-4.474556198910732696e-02
-4.190440839532291045e-02
1.260912844402810817e+00
1.367343427983384041e+00
1.406360957022624980e+00
1.421323858537916429e+00
1.928624533784983219e+00
2.545821109505272517e+00
2.820151711769092628e+00
2.842940089945817927e+00
3.126865884126222905e+00
3.460917170110524577e+00
3.638508356021697754e+00
4.280313297555867535e+00
4.371961798069992966e+00
5.130707039806401859e+00
6.116584458227608323e+00
6.469918463012988674e+00
6.544856605963376595e+00
6.761010462372291308e+00
7.204890417647170864e+00
7.266900989763207086e+00
7.452958227201057717e+00
7.739475039748799468e+00
8.381260497569984480e+00
8.766900438764750447e+00
8.832343558795988869e+00
9.352101595609482843e+00
9.554014979314104039e+00
1.014566053460749373e+01
1.016091877785986775e+01
1.034883370128675217e+01
1.126726965692520466e+01
1.158754231701806603e+01
1.188264630775779374e+01
1.204280828994362551e+01
1.247130895530096950e+01
1.249961030807822127e+01
1.322295691442179688e+01
1.379329626993227009e+01
1.485502517813395329e+01
1.599070648506498316e+01
1.680492496339285324e+01
1.758739392810419488e+01
1.788671181361709017e+01
1.812535435101599290e+01
1.977450260039997332e+01
2.021399237463637277e+01
2.217455707282771726e+01
2.307141476321478635e+01
2.771112360491654059e+01
2.854157136527274474e+01
2.881024016551110378e+01
