-7.662614572886462805e-02
-5.856121821570533376e-02
-4.188877750225743907e-02
1.897071819693656014e+00
2.343129446126884119e+00
2.545317083951635251e+00
2.824832958215289569e+00
3.670485207237418557e+00
3.710435780730885647e+00
4.017771347846839092e+00
4.042140576597477164e+00
4.378318806876841052e+00
4.413111618338956710e+00
4.543104942099239096e+00
4.743887881388155314e+00
4.882517016966724022e+00
5.168138407645392007e+00
5.187120736753787931e+00
5.436334055089131034e+00
5.572778450840957021e+00
5.735529344174340238e+00
5.895266895083143943e+00
5.913128729403765327e+00
6.117365097347764902e+00
6.207828267241808362e+00
6.347373824212480642e+00
6.619727932438528306e+00
6.621493629831523009e+00
6.719756427888002648e+00
6.803331904398589813e+00
7.008111906006659453e+00
7.214104071562088549e+00
7.612798249863009126e+00
7.659494815800123035e+00
7.741146809770376613e+00
7.962693410328324894e+00
8.236552593648662324e+00
8.288831719384504026e+00
8.361023450333576079e+00
8.546835930867038300e+00
8.677075565875362884e+00
8.751627688091584645e+00
9.137003028929541415e+00
9.361093857302615007e+00
1.015668661864396860e+01
1.074144865107484748e+01
1.555876531583859190e+01
1.571480650712043037e+01
1.619855230850868821e+01
1.654002615453342173e+01
1.685819024740684569e+01
1.733440526162041806e+01
1.758804625748649997e+01
1.766843512415520578e+01
