-6.930771637069872704e-02
-5.611066895896071882e-02
-4.775672536691581010e-02
1.393835507689100472e+00
1.427284929047368811e+00
1.531065354071769358e+00
1.840322409123729797e+00
2.027315998798762564e+00
2.035070361338862988e+00
2.041531648605345861e+00
2.208459080948701470e+00
2.330894307457099135e+00
2.397696712856811185e+00
2.608268553923279498e+00
2.691049902985226616e+00
2.703165918297529835e+00
2.734225645638905355e+00
3.389592747672272033e+00
3.588427894105275406e+00
3.642798554013304546e+00
4.136913423471778373e+00
5.038709486815789340e+00
5.873565593898321779e+00
5.885777868203035723e+00
6.074530756855278213e+00
7.421394314675293202e+00
1.006237085760974637e+01
1.097054198922869439e+01
1.160150380106066414e+01
1.256859337545453492e+01
1.356590853127126373e+01
1.395059722877346253e+01
1.459583494143869586e+01
1.482811599139314218e+01
1.675062603959834107e+01
1.728231978395034929e+01
