-4.945775146114719800e-02
-3.414844038712627761e-02
-3.286683828442137079e-02
3.235836134651568052e+00
3.484518649310249572e+00
4.920479872285767442e+00
5.262400512952868148e+00
5.322668001333665799e+00
5.513845151721277205e+00
5.631894157077034890e+00
5.796526023385434989e+00
6.018677144409989133e+00
6.208182009965672599e+00
6.231599796024058335e+00
7.078100593133754614e+00
7.627239157776369183e+00
7.695524048126702432e+00
7.929794527584348884e+00
8.004911097978618884e+00
8.092974542443652552e+00
8.141022537907890211e+00
8.605958262886840515e+00
8.774887305917960845e+00
9.318585779169847427e+00
9.456155195831582816e+00
9.782130209298463441e+00
9.851068197973940954e+00
1.005439014228150185e+01
1.006008677805250606e+01
1.034855798315634168e+01
1.112014776785287573e+01
1.140824267061684516e+01
1.146637064510815840e+01
1.155441781241855637e+01
1.190768414436261224e+01
1.205687963383936889e+01
1.211650729323447884e+01
1.259760757470636428e+01
1.279364001412241336e+01
1.342204699562091541e+01
1.362874923620258549e+01
1.373538384868345830e+01
1.376555333673735504e+01
1.417251263246563120e+01
1.640733620581051255e+01
1.698513823949577173e+01
1.751561923119325570e+01
1.781207361380627674e+01
2.013284209474972997e+01
2.015469577134869539e+01
2.111103004232856151e+01
2.125857257313681004e+01
2.212676823648869728e+01
2.300017606616222565e+01
2.303190489214016168e+01
2.370286946374299575e+01
2.474830077584072896e+01
2.492426135909185092e+01
2.498721959332195297e+01
2.517594568605210270e+01
