-6.802329845253636542e-02
-4.281776669350999959e-02
-7.638304386241063712e-03
1.093559407519107962e+00
1.645275080448153959e+00
2.019186156210781569e+00
2.233375429050612926e+00
3.772888513594322202e+00
4.256143865493786649e+00
4.678215621407848523e+00
5.941293275948328123e+00
6.567894542362004984e+00
6.621870551975526098e+00
9.450838678058534725e+00
1.164633640504435697e+01
1.233450827487880908e+01
1.311665012214251824e+01
1.429074512877564729e+01
1.666455773304303634e+01
1.711772866525815573e+01
1.756749184375820860e+01
1.779930383294743024e+01
1.814564400000015709e+01
1.858809745990464890e+01
