1.024480000000000057e+00 1.768899999999999917e-01 -9.039999999999999425e-03 1.215799999999999936e-01 1.055970000000000075e+00 8.590000000000000413e-02 -3.510000000000000099e-03 1.290600000000000080e-01 1.258580000000000032e+00
1.024480000000000057e+00 1.768899999999999917e-01 9.039999999999999425e-03 1.215799999999999936e-01 1.055970000000000075e+00 -8.590000000000000413e-02 3.510000000000000099e-03 -1.290600000000000080e-01 1.258580000000000032e+00
1.024480000000000057e+00 -1.768899999999999917e-01 -9.039999999999999425e-03 -1.215799999999999936e-01 1.055970000000000075e+00 -8.590000000000000413e-02 -3.510000000000000099e-03 -1.290600000000000080e-01 1.258580000000000032e+00
1.024480000000000057e+00 -1.768899999999999917e-01 9.039999999999999425e-03 -1.215799999999999936e-01 1.055970000000000075e+00 8.590000000000000413e-02 3.510000000000000099e-03 1.290600000000000080e-01 1.258580000000000032e+00
3.545900000000000052e+00 -0.000000000000000000e+00 2.315000000000000044e-02 0.000000000000000000e+00 3.512010000000000076e+00 0.000000000000000000e+00 -1.496699999999999975e-01 0.000000000000000000e+00 3.200260000000000105e+00
3.545900000000000052e+00 0.000000000000000000e+00 -2.315000000000000044e-02 0.000000000000000000e+00 3.512010000000000076e+00 0.000000000000000000e+00 1.496699999999999975e-01 -0.000000000000000000e+00 3.200260000000000105e+00
3.545900000000000052e+00 -0.000000000000000000e+00 2.315000000000000044e-02 0.000000000000000000e+00 3.512010000000000076e+00 0.000000000000000000e+00 -1.496699999999999975e-01 0.000000000000000000e+00 3.200260000000000105e+00
3.545900000000000052e+00 0.000000000000000000e+00 -2.315000000000000044e-02 0.000000000000000000e+00 3.512010000000000076e+00 0.000000000000000000e+00 1.496699999999999975e-01 0.000000000000000000e+00 3.200260000000000105e+00
3.057500000000000107e+00 -0.000000000000000000e+00 2.109499999999999986e-01 0.000000000000000000e+00 2.905699999999999950e+00 0.000000000000000000e+00 -2.988799999999999790e-01 -0.000000000000000000e+00 2.917139999999999844e+00
3.057500000000000107e+00 0.000000000000000000e+00 -2.109499999999999986e-01 0.000000000000000000e+00 2.905699999999999950e+00 0.000000000000000000e+00 2.988799999999999790e-01 -0.000000000000000000e+00 2.917139999999999844e+00
3.057500000000000107e+00 0.000000000000000000e+00 2.109499999999999986e-01 0.000000000000000000e+00 2.905699999999999950e+00 0.000000000000000000e+00 -2.988799999999999790e-01 -0.000000000000000000e+00 2.917139999999999844e+00
3.057500000000000107e+00 0.000000000000000000e+00 -2.109499999999999986e-01 0.000000000000000000e+00 2.905699999999999950e+00 0.000000000000000000e+00 2.988799999999999790e-01 -0.000000000000000000e+00 2.917139999999999844e+00
-1.738499999999999934e+00 -3.449400000000000244e-01 -2.966300000000000048e-01 -3.859799999999999898e-01 -2.337169999999999970e+00 7.088999999999999468e-02 -3.033500000000000085e-01 1.138500000000000068e-01 -1.735649999999999915e+00
-1.738499999999999934e+00 -3.449400000000000244e-01 -2.966300000000000048e-01 -3.859799999999999898e-01 -2.337169999999999970e+00 7.088999999999999468e-02 -3.033500000000000085e-01 1.138500000000000068e-01 -1.735649999999999915e+00
-1.738499999999999934e+00 -3.449400000000000244e-01 2.966300000000000048e-01 -3.859799999999999898e-01 -2.337169999999999970e+00 -7.088999999999999468e-02 3.033500000000000085e-01 -1.138500000000000068e-01 -1.735649999999999915e+00
-1.738499999999999934e+00 3.449400000000000244e-01 -2.966300000000000048e-01 3.859799999999999898e-01 -2.337169999999999970e+00 -7.088999999999999468e-02 -3.033500000000000085e-01 -1.138500000000000068e-01 -1.735649999999999915e+00
-1.738499999999999934e+00 3.449400000000000244e-01 2.966300000000000048e-01 3.859799999999999898e-01 -2.337169999999999970e+00 7.088999999999999468e-02 3.033500000000000085e-01 1.138500000000000068e-01 -1.735649999999999915e+00
-1.584780000000000078e+00 0.000000000000000000e+00 -3.372100000000000097e-01 0.000000000000000000e+00 -1.362349999999999950e+00 0.000000000000000000e+00 -2.976900000000000102e-01 -0.000000000000000000e+00 -2.401959999999999873e+00
-1.738499999999999934e+00 -3.449400000000000244e-01 2.966300000000000048e-01 -3.859799999999999898e-01 -2.337169999999999970e+00 -7.088999999999999468e-02 3.033500000000000085e-01 -1.138500000000000068e-01 -1.735649999999999915e+00
-1.738499999999999934e+00 3.449400000000000244e-01 -2.966300000000000048e-01 3.859799999999999898e-01 -2.337169999999999970e+00 -7.088999999999999468e-02 -3.033500000000000085e-01 -1.138500000000000068e-01 -1.735649999999999915e+00
-1.584780000000000078e+00 0.000000000000000000e+00 -3.372100000000000097e-01 0.000000000000000000e+00 -1.362349999999999950e+00 0.000000000000000000e+00 -2.976900000000000102e-01 0.000000000000000000e+00 -2.401959999999999873e+00
-1.584780000000000078e+00 0.000000000000000000e+00 3.372100000000000097e-01 0.000000000000000000e+00 -1.362349999999999950e+00 0.000000000000000000e+00 2.976900000000000102e-01 -0.000000000000000000e+00 -2.401959999999999873e+00
-2.566089999999999982e+00 -0.000000000000000000e+00 -9.198000000000000620e-02 0.000000000000000000e+00 -1.436979999999999924e+00 0.000000000000000000e+00 9.371999999999999775e-02 0.000000000000000000e+00 -1.502720000000000056e+00
-1.584780000000000078e+00 0.000000000000000000e+00 3.372100000000000097e-01 0.000000000000000000e+00 -1.362349999999999950e+00 0.000000000000000000e+00 2.976900000000000102e-01 0.000000000000000000e+00 -2.401959999999999873e+00
-2.566089999999999982e+00 0.000000000000000000e+00 9.198000000000000620e-02 0.000000000000000000e+00 -1.436979999999999924e+00 0.000000000000000000e+00 -9.371999999999999775e-02 0.000000000000000000e+00 -1.502720000000000056e+00
-2.566089999999999982e+00 0.000000000000000000e+00 9.198000000000000620e-02 0.000000000000000000e+00 -1.436979999999999924e+00 0.000000000000000000e+00 -9.371999999999999775e-02 0.000000000000000000e+00 -1.502720000000000056e+00
-2.566089999999999982e+00 -0.000000000000000000e+00 -9.198000000000000620e-02 0.000000000000000000e+00 -1.436979999999999924e+00 0.000000000000000000e+00 9.371999999999999775e-02 0.000000000000000000e+00 -1.502720000000000056e+00
-1.738499999999999934e+00 3.449400000000000244e-01 2.966300000000000048e-01 3.859799999999999898e-01 -2.337169999999999970e+00 7.088999999999999468e-02 3.033500000000000085e-01 1.138500000000000068e-01 -1.735649999999999915e+00
