-9.122353025777082958e-02
-4.273150521745212177e-02
-2.507307661121952261e-02
3.554291754378655632e+00
3.834765501262820564e+00
5.083631230030190018e+00
5.455858862283536226e+00
6.143621514269610451e+00
7.564422362495563767e+00
7.633194653375787730e+00
7.979768809366905913e+00
8.277961280365206065e+00
8.311979225727993636e+00
8.477000928356405396e+00
8.749299173455954204e+00
8.809220669724778574e+00
9.251805294410424096e+00
9.323765402372353961e+00
1.020479663809319426e+01
1.028718843561385832e+01
1.062922384925556862e+01
1.065733501068379319e+01
1.089768357174284219e+01
1.151127741150430772e+01
1.161355859777645172e+01
1.162298357404852389e+01
1.187135127491908726e+01
1.263197046235488763e+01
1.307595945322838737e+01
1.310548187484500282e+01
1.321197910346259619e+01
1.363954248762395061e+01
1.395513218485185547e+01
1.454009637803372534e+01
1.457008674757484989e+01
1.461306092370895371e+01
1.461719278318474302e+01
1.467405012297863820e+01
1.467477614650555751e+01
1.613583295328589173e+01
1.659914077565985480e+01
1.666296460507896882e+01
1.678401492477637191e+01
1.692388898179494205e+01
1.721399901650805475e+01
1.775128984616031147e+01
2.028566674435711903e+01
2.031851654625914705e+01
2.100736623516537804e+01
2.135907854455571808e+01
2.150702861608559147e+01
2.196181341106352747e+01
2.222852017337429587e+01
2.244117115316819167e+01
