1.315039999999999987e+00 -1.053299999999999931e-01 0.000000000000000000e+00 -1.053299999999999931e-01 1.315039999999999987e+00 -0.000000000000000000e+00 0.000000000000000000e+00 0.000000000000000000e+00 1.199680000000000080e+00
1.315039999999999987e+00 1.053299999999999931e-01 0.000000000000000000e+00 1.053299999999999931e-01 1.315039999999999987e+00 0.000000000000000000e+00 0.000000000000000000e+00 0.000000000000000000e+00 1.199680000000000080e+00
1.315039999999999987e+00 1.053299999999999931e-01 -0.000000000000000000e+00 1.053299999999999931e-01 1.315039999999999987e+00 0.000000000000000000e+00 0.000000000000000000e+00 0.000000000000000000e+00 1.199680000000000080e+00
1.315039999999999987e+00 -1.053299999999999931e-01 -0.000000000000000000e+00 -1.053299999999999931e-01 1.315039999999999987e+00 -0.000000000000000000e+00 0.000000000000000000e+00 0.000000000000000000e+00 1.199680000000000080e+00
8.755399999999999849e-01 -1.639700000000000046e-01 0.000000000000000000e+00 -1.639700000000000046e-01 8.755399999999999849e-01 -0.000000000000000000e+00 0.000000000000000000e+00 0.000000000000000000e+00 9.340100000000000069e-01
8.755399999999999849e-01 -1.639700000000000046e-01 0.000000000000000000e+00 -1.639700000000000046e-01 8.755399999999999849e-01 -0.000000000000000000e+00 0.000000000000000000e+00 0.000000000000000000e+00 9.340100000000000069e-01
8.755399999999999849e-01 1.639700000000000046e-01 -0.000000000000000000e+00 1.639700000000000046e-01 8.755399999999999849e-01 0.000000000000000000e+00 0.000000000000000000e+00 0.000000000000000000e+00 9.340100000000000069e-01
8.755399999999999849e-01 1.639700000000000046e-01 -0.000000000000000000e+00 1.639700000000000046e-01 8.755399999999999849e-01 0.000000000000000000e+00 0.000000000000000000e+00 0.000000000000000000e+00 9.340100000000000069e-01
1.841560000000000086e+00 -1.213000000000000050e-01 -0.000000000000000000e+00 -3.060800000000000187e-01 1.900930000000000009e+00 0.000000000000000000e+00 0.000000000000000000e+00 0.000000000000000000e+00 2.028519999999999879e+00
1.841560000000000086e+00 -1.213000000000000050e-01 -0.000000000000000000e+00 -3.060800000000000187e-01 1.900930000000000009e+00 0.000000000000000000e+00 0.000000000000000000e+00 0.000000000000000000e+00 2.028519999999999879e+00
1.900930000000000009e+00 3.060800000000000187e-01 0.000000000000000000e+00 1.213000000000000050e-01 1.841560000000000086e+00 -0.000000000000000000e+00 0.000000000000000000e+00 0.000000000000000000e+00 2.028519999999999879e+00
1.900930000000000009e+00 3.060800000000000187e-01 0.000000000000000000e+00 1.213000000000000050e-01 1.841560000000000086e+00 0.000000000000000000e+00 0.000000000000000000e+00 0.000000000000000000e+00 2.028519999999999879e+00
1.900930000000000009e+00 -3.060800000000000187e-01 0.000000000000000000e+00 -1.213000000000000050e-01 1.841560000000000086e+00 0.000000000000000000e+00 0.000000000000000000e+00 0.000000000000000000e+00 2.028519999999999879e+00
1.841560000000000086e+00 1.213000000000000050e-01 0.000000000000000000e+00 3.060800000000000187e-01 1.900930000000000009e+00 0.000000000000000000e+00 0.000000000000000000e+00 0.000000000000000000e+00 2.028519999999999879e+00
1.841560000000000086e+00 1.213000000000000050e-01 -0.000000000000000000e+00 3.060800000000000187e-01 1.900930000000000009e+00 0.000000000000000000e+00 0.000000000000000000e+00 0.000000000000000000e+00 2.028519999999999879e+00
1.900930000000000009e+00 -3.060800000000000187e-01 0.000000000000000000e+00 -1.213000000000000050e-01 1.841560000000000086e+00 -0.000000000000000000e+00 0.000000000000000000e+00 0.000000000000000000e+00 2.028519999999999879e+00
-2.147209999999999841e+00 -2.076999999999999957e-01 -0.000000000000000000e+00 -2.743999999999999911e-02 -1.620840000000000058e+00 0.000000000000000000e+00 0.000000000000000000e+00 0.000000000000000000e+00 -2.256650000000000045e+00
-1.620840000000000058e+00 -2.743999999999999911e-02 0.000000000000000000e+00 -2.076999999999999957e-01 -2.147209999999999841e+00 0.000000000000000000e+00 0.000000000000000000e+00 0.000000000000000000e+00 -2.256650000000000045e+00
-1.620840000000000058e+00 -2.743999999999999911e-02 0.000000000000000000e+00 -2.076999999999999957e-01 -2.147209999999999841e+00 0.000000000000000000e+00 0.000000000000000000e+00 0.000000000000000000e+00 -2.256650000000000045e+00
-2.147209999999999841e+00 2.076999999999999957e-01 0.000000000000000000e+00 2.743999999999999911e-02 -1.620840000000000058e+00 -0.000000000000000000e+00 0.000000000000000000e+00 0.000000000000000000e+00 -2.256650000000000045e+00
-2.165020000000000167e+00 3.797800000000000065e-01 0.000000000000000000e+00 3.797800000000000065e-01 -2.165020000000000167e+00 0.000000000000000000e+00 0.000000000000000000e+00 0.000000000000000000e+00 -1.677419999999999911e+00
-2.165020000000000167e+00 -3.797800000000000065e-01 0.000000000000000000e+00 -3.797800000000000065e-01 -2.165020000000000167e+00 -0.000000000000000000e+00 0.000000000000000000e+00 0.000000000000000000e+00 -1.677419999999999911e+00
-2.165020000000000167e+00 -3.797800000000000065e-01 0.000000000000000000e+00 -3.797800000000000065e-01 -2.165020000000000167e+00 0.000000000000000000e+00 0.000000000000000000e+00 0.000000000000000000e+00 -1.677419999999999911e+00
-2.165020000000000167e+00 3.797800000000000065e-01 -0.000000000000000000e+00 3.797800000000000065e-01 -2.165020000000000167e+00 0.000000000000000000e+00 0.000000000000000000e+00 0.000000000000000000e+00 -1.677419999999999911e+00
-2.147209999999999841e+00 -2.076999999999999957e-01 -0.000000000000000000e+00 -2.743999999999999911e-02 -1.620840000000000058e+00 0.000000000000000000e+00 0.000000000000000000e+00 0.000000000000000000e+00 -2.256650000000000045e+00
-1.620840000000000058e+00 2.743999999999999911e-02 0.000000000000000000e+00 2.076999999999999957e-01 -2.147209999999999841e+00 0.000000000000000000e+00 0.000000000000000000e+00 0.000000000000000000e+00 -2.256650000000000045e+00
-1.620840000000000058e+00 2.743999999999999911e-02 0.000000000000000000e+00 2.076999999999999957e-01 -2.147209999999999841e+00 0.000000000000000000e+00 0.000000000000000000e+00 0.000000000000000000e+00 -2.256650000000000045e+00
-2.147209999999999841e+00 2.076999999999999957e-01 0.000000000000000000e+00 2.743999999999999911e-02 -1.620840000000000058e+00 -0.000000000000000000e+00 0.000000000000000000e+00 0.000000000000000000e+00 -2.256650000000000045e+00
