-1.064342461802848250e-01
-1.008915010101287674e-01
-4.502096831912516528e-02
1.894536161479460912e+00
2.052407326530165665e+00
2.104819817079654598e+00
3.119976271513794419e+00
3.294983703783729734e+00
3.392688142554132202e+00
3.788121304172372028e+00
4.070198364622715559e+00
4.344155036342080223e+00
4.648107591260716376e+00
5.274552441349037224e+00
5.431534269547997340e+00
5.671121599540687619e+00
5.756014237720473048e+00
5.803435070387851447e+00
6.012948441532839361e+00
6.025508173731411787e+00
6.204386998749480853e+00
6.570664341649491647e+00
6.768699008751879020e+00
6.798785556363138305e+00
6.924521716012854711e+00
6.973441255220538260e+00
7.256331422266954156e+00
7.371646425406106928e+00
7.638852103566478036e+00
8.168046297874154149e+00
1.574254870791723171e+01
1.584465248518770863e+01
1.708186433939945204e+01
1.713146104769954547e+01
2.271695822553486721e+01
2.274171880959388403e+01
2.591156687471876552e+01
2.596589060078997591e+01
3.348438295666829845e+01
3.439757645978722422e+01
3.635638414320263223e+01
3.644065755170020537e+01
