-2.762472348984640336e-02
-2.762472348764439048e-02
-2.762472348685278759e-02
2.942117228478873248e+00
3.424534461941608043e+00
3.424534461941623142e+00
3.634448710179381425e+00
3.634448710179404962e+00
3.634448710179409403e+00
3.953876984602996636e+00
3.953876984603020173e+00
3.953876984603055700e+00
4.258153560081023414e+00
4.258153560081049172e+00
4.466677596779772053e+00
4.477658286627464790e+00
4.477658286627480777e+00
4.477658286627486106e+00
5.516016182927770295e+00
5.516016182927776512e+00
5.516016182927780065e+00
6.232353020922311693e+00
6.232353020922325015e+00
6.232353020922338338e+00
6.804550752417479309e+00
6.856212157893830650e+00
6.856212157893839532e+00
6.856212157893846637e+00
7.119302778787549357e+00
7.119302778787558239e+00
7.609367596584338145e+00
7.609367596584347027e+00
7.609367596584364790e+00
8.261931082409846638e+00
8.261931082409853744e+00
8.261931082409859073e+00
8.917136197333348946e+00
8.917136197333357828e+00
8.917136197333366709e+00
1.060994169750079408e+01
1.110566993022392523e+01
1.110566993022392701e+01
1.111946389187224327e+01
1.111946389187227169e+01
1.111946389187228768e+01
1.214702657179483403e+01
1.214702657179486422e+01
1.214702657179489620e+01
1.785396912267249903e+01
1.785396912267250613e+01
1.825257404310896092e+01
1.825257404310896803e+01
1.825257404310897158e+01
1.889198392898764212e+01
1.889198392898764567e+01
1.889198392898764922e+01
2.110938961898443367e+01
2.132831695989730036e+01
2.132831695989730747e+01
2.132831695989731458e+01
2.701468241769302736e+01
2.701468241769305223e+01
2.701468241769305578e+01
2.705597418584702041e+01
3.863251184338515287e+01
3.863251184338516708e+01
3.882102020479153026e+01
3.882102020479153737e+01
3.882102020479156579e+01
3.928348679405063137e+01
3.928348679405066690e+01
3.928348679405067401e+01
