-2.194852848590424232e-02
-1.432999458489147247e-02
-1.432969494410797108e-02
3.966613312994062834e+00
3.966613313526655915e+00
4.102557134809010186e+00
4.421289919659287193e+00
4.722092076504003977e+00
4.722092077023454237e+00
4.930923232863147376e+00
5.947719658594698977e+00
5.947719658637472762e+00
7.125020584216172459e+00
7.923673571860773812e+00
8.687419927726629965e+00
8.687419928031564709e+00
8.952182297898968244e+00
8.952182298124659710e+00
1.405366279745945590e+01
1.405366279764108306e+01
1.457640275702944166e+01
1.457640275727325196e+01
1.579199827782448118e+01
1.579199827809159373e+01
1.726052458038119042e+01
1.751063023153592724e+01
1.887863323712604924e+01
1.887863323718942254e+01
1.892859520539567697e+01
1.900305973573275153e+01
