-7.875047652779558482e-02
-6.929184431591829674e-02
-5.140595013637474370e-02
1.027685071935303673e+00
1.086707481337721104e+00
1.312596136443250794e+00
1.528869437148238308e+00
1.574003847418003588e+00
1.666887566063159465e+00
1.716471665741740038e+00
1.857340734906842483e+00
2.011247165557492611e+00
2.126387555665493423e+00
2.149336276165608961e+00
2.464916528564240927e+00
2.522916700915300847e+00
2.532228142157173956e+00
2.600330741219489816e+00
2.753014076189756132e+00
3.028365053572030785e+00
3.442946915736778024e+00
3.728731811478003255e+00
3.752857651026550556e+00
4.006210145272056877e+00
8.437713499211488610e+00
8.692354435987237338e+00
8.817510193519192185e+00
8.946063036284799708e+00
9.110824991396217598e+00
9.217064266403854234e+00
9.283481428721779949e+00
9.424917153569539963e+00
9.835548450245260810e+00
9.991346429725325606e+00
2.415607685212566835e+01
2.418592182811163482e+01
2.421851890012265329e+01
2.424717071878286845e+01
2.440753743852188506e+01
2.451586891523226797e+01
2.746367528299787253e+01
2.747866414326849949e+01
