-3.937089420476398705e-02
-3.937081804756500936e-02
-1.110249861761779255e-02
9.214109201348820166e-01
9.214109203582666607e-01
2.216755208781662212e+00
2.216755211180789775e+00
3.160521836129465356e+00
5.698988865654979641e+00
5.894950786398378995e+00
7.218726775738447898e+00
7.218726776092927899e+00
9.365255030383938362e+00
1.018674834290460218e+01
1.018674834298499476e+01
1.047437777955813409e+01
1.169989115928258627e+01
1.169989115950714442e+01
1.527368594582734040e+01
1.527368594610241814e+01
1.547708006138348757e+01
1.547708006184935492e+01
1.710749989715558783e+01
1.710749989720367736e+01
1.863273444507316157e+01
1.921242825148863886e+01
2.031090257541476518e+01
2.089267056031304293e+01
2.132153129226256283e+01
2.132153129228116484e+01
