-3.463576255760655864e-02
-1.760757580279948692e-02
-1.098012324428358777e-02
4.404756381614759242e+00
4.884887552581507641e+00
7.193329587918914747e+00
7.226079966520327247e+00
7.508262037935450550e+00
7.597854403545050594e+00
8.121966539672177632e+00
8.439316114449249895e+00
8.674886315513324675e+00
9.244907718420860121e+00
1.018228781339133882e+01
1.073915375056876975e+01
1.091132547580896528e+01
1.097881102724019442e+01
1.127898638841310053e+01
1.142774561692054469e+01
1.150812642813472841e+01
1.286444075771492201e+01
1.333051491785965403e+01
1.352463011036728524e+01
1.448781180185674167e+01
1.459179498888021165e+01
1.469164839017103930e+01
1.472880077383575070e+01
1.473903812473423081e+01
1.481060447884214426e+01
1.656742182650242157e+01
1.970638320281070932e+01
2.092878746459416206e+01
2.324036955837583562e+01
2.373386245758910817e+01
2.373823213746934968e+01
2.374370245956571424e+01
