-2.170384267296487230e-02
-1.408248612048594757e-02
-1.408248611949030303e-02
5.025190849437564111e-01
5.025190849437753959e-01
1.156045607136009457e+00
1.523486225808338590e+00
1.574027077282537990e+00
1.574027077282547316e+00
1.601632630746458119e+00
1.669898356920110016e+00
1.669898356920114013e+00
1.876049566029314830e+00
1.876049566029321047e+00
2.060513766406256497e+00
2.061090227861554602e+00
2.067566304243480868e+00
2.153744555948508665e+00
2.228570559636914084e+00
2.237283385904712318e+00
2.237283385904714983e+00
2.418664936037753233e+00
2.418664936037766111e+00
2.483686219828823205e+00
2.525931185675569512e+00
3.037014258782865017e+00
3.162719234087271847e+00
3.162719234087274511e+00
3.286830616055556487e+00
3.286830616055571586e+00
3.551436588529328198e+00
3.588667851462220337e+00
3.724766111752604747e+00
3.885904344506309727e+00
4.372531567293237664e+00
4.497626358523069356e+00
4.571370348073586776e+00
4.571370348073606316e+00
4.793307590714931621e+00
4.793307590714932509e+00
5.547660391097359422e+00
5.547660391097362087e+00
6.233524043381523327e+00
6.401742668564748051e+00
7.145925974414564230e+00
7.637003696558449128e+00
8.231290296215782121e+00
8.231290296215783897e+00
9.672936595644680224e+00
9.691260391295633880e+00
9.712683433878122941e+00
9.712683433878128270e+00
1.025578439573474299e+01
1.025578439573474299e+01
1.089079860170725134e+01
1.105900774503792761e+01
1.110672028750173190e+01
1.184973216734813306e+01
1.184973216734813661e+01
1.222630651778269950e+01
1.222630651778270661e+01
1.246250952825654501e+01
1.254729336515856453e+01
1.263761899362528851e+01
1.263761899362529739e+01
1.331184160178595732e+01
1.410868224953447836e+01
1.453568634181014474e+01
1.463939706536737084e+01
1.463939706536737262e+01
1.467825703653581293e+01
1.472321323329757270e+01
1.484441260022573950e+01
1.484441260022574127e+01
1.535052044283400896e+01
1.568929787647888219e+01
1.568929787647888574e+01
1.575332495901793806e+01
1.629921274898430994e+01
1.629921274898430994e+01
1.637389508115993308e+01
1.654267079375253502e+01
1.675553295843850421e+01
1.730978687868087462e+01
