-2.006098168138118615e-02
-1.297479367195543236e-02
-1.297474932017416913e-02
3.079511915884248996e+00
3.952007774423249131e+00
3.952007774850136101e+00
4.389602472213723239e+00
4.389602472376035180e+00
4.582225293645127095e+00
4.638847513558189917e+00
6.654644934176784155e+00
6.654644934945388002e+00
8.075829005675702277e+00
8.075829006314355851e+00
8.660982032859827484e+00
8.660982033261051427e+00
9.572118139276190263e+00
9.812778269508687146e+00
1.250410414304434070e+01
1.250410414315438956e+01
1.316471482685624039e+01
1.316471482721059338e+01
1.409528819072227002e+01
1.463156082051535378e+01
1.463156082074634234e+01
1.585302921120742070e+01
1.738329359497317483e+01
1.759828666334347247e+01
1.759828666342480474e+01
1.810734133607833130e+01
