1.267770000000000064e+00 0.000000000000000000e+00 1.300699999999999912e-01 0.000000000000000000e+00 1.369399999999999951e+00 -0.000000000000000000e+00 2.222600000000000131e-01 -0.000000000000000000e+00 1.285670000000000091e+00
1.267770000000000064e+00 0.000000000000000000e+00 1.300699999999999912e-01 0.000000000000000000e+00 1.369399999999999951e+00 -0.000000000000000000e+00 2.222600000000000131e-01 -0.000000000000000000e+00 1.285670000000000091e+00
1.297439999999999927e+00 0.000000000000000000e+00 -1.414999999999999869e-01 0.000000000000000000e+00 1.135340000000000016e+00 -0.000000000000000000e+00 -2.204099999999999948e-01 -0.000000000000000000e+00 1.238650000000000029e+00
1.297439999999999927e+00 0.000000000000000000e+00 -1.414999999999999869e-01 0.000000000000000000e+00 1.135340000000000016e+00 -0.000000000000000000e+00 -2.204099999999999948e-01 -0.000000000000000000e+00 1.238650000000000029e+00
2.935220000000000162e+00 0.000000000000000000e+00 7.685000000000000164e-02 0.000000000000000000e+00 2.976199999999999957e+00 -0.000000000000000000e+00 4.741999999999999688e-02 -0.000000000000000000e+00 2.980599999999999916e+00
2.935220000000000162e+00 0.000000000000000000e+00 7.685000000000000164e-02 0.000000000000000000e+00 2.976199999999999957e+00 -0.000000000000000000e+00 4.741999999999999688e-02 -0.000000000000000000e+00 2.980599999999999916e+00
-7.518000000000000238e-01 -5.383999999999999897e-02 1.529999999999999893e-03 -1.247499999999999998e-01 -2.034740000000000215e+00 8.460900000000000087e-01 2.493000000000000077e-02 8.025299999999999656e-01 -1.328729999999999967e+00
-7.518000000000000238e-01 5.383999999999999897e-02 1.529999999999999893e-03 1.247499999999999998e-01 -2.034740000000000215e+00 -8.460900000000000087e-01 2.493000000000000077e-02 -8.025299999999999656e-01 -1.328729999999999967e+00
-7.518000000000000238e-01 -5.383999999999999897e-02 1.529999999999999893e-03 -1.247499999999999998e-01 -2.034740000000000215e+00 8.460900000000000087e-01 2.493000000000000077e-02 8.025299999999999656e-01 -1.328729999999999967e+00
-7.518000000000000238e-01 5.383999999999999897e-02 1.529999999999999893e-03 1.247499999999999998e-01 -2.034740000000000215e+00 -8.460900000000000087e-01 2.493000000000000077e-02 -8.025299999999999656e-01 -1.328729999999999967e+00
-2.081249999999999822e+00 -0.000000000000000000e+00 7.538899999999999491e-01 -0.000000000000000000e+00 -6.837999999999999634e-01 0.000000000000000000e+00 7.974400000000000377e-01 -0.000000000000000000e+00 -1.361450000000000049e+00
-2.081249999999999822e+00 -0.000000000000000000e+00 7.538899999999999491e-01 -0.000000000000000000e+00 -6.837999999999999634e-01 0.000000000000000000e+00 7.974400000000000377e-01 -0.000000000000000000e+00 -1.361450000000000049e+00
-1.915569999999999995e+00 -0.000000000000000000e+00 -8.223599999999999799e-01 -0.000000000000000000e+00 -7.276599999999999735e-01 0.000000000000000000e+00 -8.965699999999999781e-01 0.000000000000000000e+00 -1.486010000000000053e+00
-1.915569999999999995e+00 -0.000000000000000000e+00 -8.223599999999999799e-01 -0.000000000000000000e+00 -7.276599999999999735e-01 0.000000000000000000e+00 -8.965699999999999781e-01 0.000000000000000000e+00 -1.486010000000000053e+00
