-3.050887155832070902e-02
-3.047136677945641234e-02
-3.047136677743874159e-02
4.552683466573046900e+00
5.061151305988857985e+00
7.045345756983550700e+00
7.045345756983559582e+00
8.664099093380352556e+00
8.664099093380354333e+00
9.446660456108372017e+00
9.446660456108372017e+00
1.140681753156941092e+01
1.152362093338560278e+01
1.162607556718014834e+01
1.162607556718015189e+01
1.190657399659774640e+01
1.190657399659774995e+01
1.300431651180859660e+01
1.336958391411364744e+01
1.417950927270420003e+01
1.417950927270420003e+01
1.515054543327208236e+01
1.560557399045154092e+01
1.560557399045154625e+01
