-2.535688831527792286e-02
-2.514046320520095523e-02
-1.656867605857662712e-02
3.156871677182768288e+00
3.345327369197039324e+00
4.058221712587010366e+00
4.190032276062296113e+00
4.317913284102071536e+00
4.763009344696219394e+00
4.932345562954108864e+00
5.517293829443757680e+00
5.606568884658503116e+00
6.176269364336224754e+00
6.481683191050878534e+00
6.713858867049299128e+00
7.310752216291080074e+00
8.072780345256461487e+00
8.108566643858516443e+00
8.881749127913039388e+00
9.925245696085415403e+00
1.000875089716065425e+01
1.011550825752436289e+01
1.032150161252146425e+01
1.038270453161302598e+01
1.045883244692589109e+01
1.102275534265321966e+01
1.111799652459800747e+01
1.116366753688863689e+01
1.122895137282401201e+01
1.127737394667033932e+01
1.206456064496986258e+01
1.229378135514047976e+01
1.272745467583001755e+01
1.380490254813070550e+01
1.387118364750343957e+01
1.394772764345848515e+01
1.395301314925051805e+01
1.601603374149858894e+01
1.637868397528667330e+01
1.748054780238812000e+01
1.775722663062390438e+01
1.809205334335916504e+01
