-6.854511922814052194e-02
-6.102679132971026293e-02
-4.301413465362287358e-02
6.755344424971978512e-01
6.911475218793741160e-01
8.856890667723069654e-01
1.334139381773883359e+00
1.419050073112291477e+00
1.489694015561585205e+00
1.631140600929300577e+00
1.676726047987565416e+00
1.720653617088576004e+00
1.729988965282726943e+00
1.869262231469945412e+00
2.136213573124185583e+00
2.146148098338043209e+00
2.182482174039458211e+00
2.187332219851387816e+00
2.256033997970775307e+00
2.305794598397697737e+00
2.436082759267427011e+00
2.460650281937683204e+00
2.585276248295334423e+00
2.692492139264291318e+00
2.856879684200928970e+00
2.884296080502138704e+00
3.311061959553158296e+00
3.314209981277589367e+00
3.453308312328918106e+00
3.629490308569510493e+00
3.637783281065544827e+00
3.704309503807693638e+00
3.795479231928426511e+00
3.875414158512609841e+00
3.895677476383279991e+00
3.898431376848898733e+00
4.187789213893172935e+00
4.269357316974066840e+00
4.275155564421019072e+00
4.418756680334412934e+00
4.430900213274949984e+00
4.715899309781751647e+00
4.909531332011233928e+00
4.949299505990721215e+00
4.979679327024984836e+00
4.982071998676855351e+00
5.383575048236998839e+00
5.419165443128674653e+00
5.521274934288275205e+00
5.549548666333145697e+00
5.694312961192069977e+00
5.697705134525653747e+00
5.711624690050983943e+00
5.814816652311575851e+00
5.927591627296873611e+00
5.933014402477041038e+00
5.933158930957437072e+00
5.989000784772030350e+00
6.098622828147351349e+00
6.107738820545620229e+00
6.779452750775685210e+00
6.832883761633882891e+00
6.874414513251291936e+00
7.027990630329553845e+00
7.150168060961924255e+00
7.186479562344834093e+00
7.256580579033075296e+00
7.282437071475454715e+00
7.327369193646516621e+00
7.340577552209362366e+00
7.507660507774708947e+00
7.530581119674629953e+00
7.706344574439946804e+00
7.727138687767937775e+00
7.753848425137030098e+00
7.844059822566372908e+00
7.848527001928450986e+00
7.866211407024350066e+00
7.871360365273591064e+00
7.949869621572418943e+00
8.228124585833638704e+00
8.232899987246293350e+00
8.307712609376903146e+00
8.334254669735020826e+00
8.545034540597246320e+00
8.648437853161691891e+00
8.670544573439432412e+00
8.672212093808592925e+00
8.686032362362000825e+00
8.714175440051686650e+00
8.790238000190893075e+00
8.843024358215915370e+00
8.959424384412203679e+00
9.025469007204002025e+00
9.030044379735905125e+00
9.042566234205862585e+00
9.045593767133254914e+00
9.265913743393038970e+00
9.274501086311866871e+00
9.393502429871405823e+00
9.529919684866184681e+00
9.637193372554065718e+00
9.844192267525050610e+00
9.860614783064999500e+00
9.930332950107967349e+00
9.933136146253104926e+00
1.003171316376220901e+01
1.004388196864140781e+01
1.006802453314452350e+01
1.007833577531528668e+01
1.028798493389254531e+01
1.030374048586240399e+01
1.043080174291506701e+01
1.051666444268333578e+01
1.051866854692170605e+01
1.052713417792325856e+01
1.064196964851901939e+01
1.072873389547899947e+01
1.073532137385742224e+01
1.083060418443957396e+01
1.089977265817961971e+01
1.108634340077917635e+01
1.142538721444485539e+01
1.148903142131659294e+01
1.149138394624424642e+01
1.163041516885790294e+01
1.163353355606111528e+01
1.203181860734278175e+01
1.574802593978051668e+01
1.580029271880745867e+01
1.582035236649297794e+01
1.583118823714758250e+01
1.826650502969848233e+01
1.856029102681312892e+01
1.904283384898371878e+01
1.905285566522771745e+01
1.969885887557957105e+01
1.973163946558927151e+01
2.006291282441310742e+01
2.006681561683367931e+01
2.035033520608444491e+01
2.057207532068653677e+01
2.058058944734090900e+01
2.083403813474478738e+01
2.090194603380269101e+01
2.092434417132350433e+01
2.092930653414011033e+01
2.094470212249389007e+01
2.113913642985446018e+01
2.114219430428166291e+01
2.118814772461245610e+01
2.122706776735779144e+01
2.135842042380475192e+01
2.802869117529393250e+01
2.803338803997833040e+01
2.804095476263245956e+01
2.839537729983526759e+01
2.841231407330279524e+01
2.880143248173604320e+01
2.890262417151771146e+01
2.966363627406458292e+01
2.966925170947187951e+01
2.972816780428958694e+01
2.977253066166865381e+01
3.014117796304583763e+01
3.026294934404113945e+01
3.037445922152359756e+01
3.038328025411344768e+01
