9.826599999999999779e-01 -7.689000000000000001e-02 1.379000000000000017e-02 3.291000000000000175e-02 1.052640000000000020e+00 -5.075000000000000344e-02 -4.234999999999999876e-02 5.525000000000000050e-02 1.033360000000000056e+00
9.826599999999999779e-01 7.689000000000000001e-02 -1.379000000000000017e-02 -3.291000000000000175e-02 1.052640000000000020e+00 -5.075000000000000344e-02 4.234999999999999876e-02 5.525000000000000050e-02 1.033360000000000056e+00
9.826599999999999779e-01 7.689000000000000001e-02 1.379000000000000017e-02 -3.291000000000000175e-02 1.052640000000000020e+00 5.075000000000000344e-02 -4.234999999999999876e-02 -5.525000000000000050e-02 1.033360000000000056e+00
9.826599999999999779e-01 -7.689000000000000001e-02 -1.379000000000000017e-02 3.291000000000000175e-02 1.052640000000000020e+00 5.075000000000000344e-02 4.234999999999999876e-02 -5.525000000000000050e-02 1.033360000000000056e+00
2.716019999999999879e+00 2.753999999999999782e-01 -4.753000000000000280e-02 -2.125299999999999967e-01 2.499600000000000044e+00 2.701600000000000112e-01 1.375099999999999933e-01 -2.412900000000000045e-01 2.708600000000000119e+00
2.716019999999999879e+00 2.753999999999999782e-01 4.753000000000000280e-02 -2.125299999999999967e-01 2.499600000000000044e+00 -2.701600000000000112e-01 -1.375099999999999933e-01 2.412900000000000045e-01 2.708600000000000119e+00
2.716019999999999879e+00 -2.753999999999999782e-01 4.753000000000000280e-02 2.125299999999999967e-01 2.499600000000000044e+00 2.701600000000000112e-01 -1.375099999999999933e-01 -2.412900000000000045e-01 2.708600000000000119e+00
2.716019999999999879e+00 -2.753999999999999782e-01 -4.753000000000000280e-02 2.125299999999999967e-01 2.499600000000000044e+00 -2.701600000000000112e-01 1.375099999999999933e-01 2.412900000000000045e-01 2.708600000000000119e+00
-1.492620000000000058e+00 -6.673999999999999377e-02 1.015100000000000030e-01 -2.441699999999999982e-01 -1.780219999999999914e+00 2.989499999999999935e-01 1.364200000000000135e-01 3.053100000000000258e-01 -2.211370000000000058e+00
-1.492620000000000058e+00 6.673999999999999377e-02 1.015100000000000030e-01 2.441699999999999982e-01 -1.780219999999999914e+00 -2.989499999999999935e-01 1.364200000000000135e-01 -3.053100000000000258e-01 -2.211370000000000058e+00
-1.492620000000000058e+00 -6.673999999999999377e-02 -1.015100000000000030e-01 -2.441699999999999982e-01 -1.780219999999999914e+00 -2.989499999999999935e-01 -1.364200000000000135e-01 -3.053100000000000258e-01 -2.211370000000000058e+00
-1.492620000000000058e+00 6.673999999999999377e-02 -1.015100000000000030e-01 2.441699999999999982e-01 -1.780219999999999914e+00 2.989499999999999935e-01 -1.364200000000000135e-01 3.053100000000000258e-01 -2.211370000000000058e+00
-2.206059999999999910e+00 -2.969600000000000017e-01 6.550999999999999879e-02 -3.819600000000000217e-01 -1.772029999999999994e+00 -9.682000000000000328e-02 1.626999999999999974e-02 -9.078999999999999571e-02 -1.530589999999999895e+00
-2.206059999999999910e+00 -2.969600000000000017e-01 -6.550999999999999879e-02 -3.819600000000000217e-01 -1.772029999999999994e+00 9.682000000000000328e-02 -1.626999999999999974e-02 9.078999999999999571e-02 -1.530589999999999895e+00
-2.206059999999999910e+00 2.969600000000000017e-01 -6.550999999999999879e-02 3.819600000000000217e-01 -1.772029999999999994e+00 -9.682000000000000328e-02 -1.626999999999999974e-02 -9.078999999999999571e-02 -1.530589999999999895e+00
-2.206059999999999910e+00 2.969600000000000017e-01 6.550999999999999879e-02 3.819600000000000217e-01 -1.772029999999999994e+00 9.682000000000000328e-02 1.626999999999999974e-02 9.078999999999999571e-02 -1.530589999999999895e+00
