-5.712885010485548032e-02
-3.889013701315208876e-02
-3.889012441884059229e-02
3.035906696421270645e+00
3.035906698124748004e+00
3.043073467270450028e+00
4.378745462580712733e+00
4.378745462913347097e+00
5.553907106586753351e+00
5.553907107320886105e+00
5.699861540733758503e+00
5.748280576760035565e+00
6.108407149784740753e+00
6.275771948741798667e+00
6.678655557968803613e+00
6.678655558212654775e+00
6.801621742284646999e+00
6.801621742422826244e+00
7.138314991928337960e+00
7.138314992620347965e+00
7.225735114223338584e+00
7.529722366980931447e+00
7.529722367727840648e+00
7.587027000831948698e+00
7.846787913528221914e+00
7.846787914148278809e+00
8.854660533513495579e+00
8.854660533763649255e+00
8.890716137488899662e+00
8.890716137748610137e+00
8.912770759780608287e+00
9.120136967042705933e+00
9.187553615432914711e+00
9.532882680124590280e+00
9.532882680457563040e+00
9.631973807251947406e+00
1.053903888887208495e+01
1.058572252170847960e+01
1.058572252221621390e+01
1.240036665021914253e+01
1.240036665039000319e+01
1.253559642259750362e+01
1.264045870258796000e+01
1.282381078718359468e+01
1.282381078776396066e+01
1.287406549936932443e+01
1.380662495439498016e+01
1.380662495484737029e+01
1.567667576597410850e+01
1.672058272047892302e+01
1.672058272058358952e+01
1.751288605101783702e+01
1.759044708380988098e+01
1.759044708394290879e+01
1.786679281182361478e+01
1.786679281211555903e+01
1.949133141156847415e+01
1.949133141178934991e+01
2.365391527450228537e+01
2.410448614765169140e+01
