2.216699999999999893e+00 1.932300000000000129e-01 2.385400000000000020e-01 -6.679000000000000214e-02 2.429009999999999891e+00 -3.613700000000000245e-01 -2.310699999999999976e-01 3.845399999999999929e-01 2.185900000000000176e+00
2.216699999999999893e+00 -1.932300000000000129e-01 2.385400000000000020e-01 6.679000000000000214e-02 2.429009999999999891e+00 3.613700000000000245e-01 -2.310699999999999976e-01 -3.845399999999999929e-01 2.185900000000000176e+00
2.270799999999999930e+00 -6.564000000000000390e-02 -1.585300000000000042e-01 4.086500000000000132e-01 2.205680000000000085e+00 -2.302999999999999839e-02 7.219999999999999855e-03 -1.495900000000000007e-01 1.968069999999999986e+00
2.270799999999999930e+00 -6.564000000000000390e-02 -1.585300000000000042e-01 4.086500000000000132e-01 2.205680000000000085e+00 -2.302999999999999839e-02 7.219999999999999855e-03 -1.495900000000000007e-01 1.968069999999999986e+00
2.270799999999999930e+00 6.564000000000000390e-02 -1.585300000000000042e-01 -4.086500000000000132e-01 2.205680000000000085e+00 2.302999999999999839e-02 7.219999999999999855e-03 1.495900000000000007e-01 1.968069999999999986e+00
2.270799999999999930e+00 6.564000000000000390e-02 -1.585300000000000042e-01 -4.086500000000000132e-01 2.205680000000000085e+00 2.302999999999999839e-02 7.219999999999999855e-03 1.495900000000000007e-01 1.968069999999999986e+00
3.642180000000000195e+00 -1.021800000000000069e-01 -1.413000000000000020e-02 7.919999999999999957e-03 3.060270000000000046e+00 2.613400000000000167e-01 -6.151000000000000217e-02 1.116800000000000015e-01 3.396659999999999791e+00
3.642180000000000195e+00 -1.021800000000000069e-01 -1.413000000000000020e-02 7.919999999999999957e-03 3.060270000000000046e+00 2.613400000000000167e-01 -6.151000000000000217e-02 1.116800000000000015e-01 3.396659999999999791e+00
3.642180000000000195e+00 1.021800000000000069e-01 -1.413000000000000020e-02 -7.919999999999999957e-03 3.060270000000000046e+00 -2.613400000000000167e-01 -6.151000000000000217e-02 -1.116800000000000015e-01 3.396659999999999791e+00
3.642180000000000195e+00 1.021800000000000069e-01 -1.413000000000000020e-02 -7.919999999999999957e-03 3.060270000000000046e+00 -2.613400000000000167e-01 -6.151000000000000217e-02 -1.116800000000000015e-01 3.396659999999999791e+00
-1.954129999999999923e+00 -3.898999999999999688e-02 4.206500000000000239e-01 -9.321000000000000119e-02 -1.438870000000000093e+00 1.582399999999999918e-01 5.107000000000000428e-01 2.578400000000000136e-01 -1.568869999999999987e+00
-1.954129999999999923e+00 -3.898999999999999688e-02 4.206500000000000239e-01 -9.321000000000000119e-02 -1.438870000000000093e+00 1.582399999999999918e-01 5.107000000000000428e-01 2.578400000000000136e-01 -1.568869999999999987e+00
-1.954129999999999923e+00 3.898999999999999688e-02 4.206500000000000239e-01 9.321000000000000119e-02 -1.438870000000000093e+00 -1.582399999999999918e-01 5.107000000000000428e-01 -2.578400000000000136e-01 -1.568869999999999987e+00
-1.954129999999999923e+00 3.898999999999999688e-02 4.206500000000000239e-01 9.321000000000000119e-02 -1.438870000000000093e+00 -1.582399999999999918e-01 5.107000000000000428e-01 -2.578400000000000136e-01 -1.568869999999999987e+00
-1.085090000000000110e+00 -1.398000000000000076e-01 -3.366999999999999854e-02 -2.945499999999999785e-01 -1.921450000000000102e+00 -5.191200000000000259e-01 -9.007999999999999341e-02 -4.430000000000000049e-01 -2.209560000000000191e+00
-1.085090000000000110e+00 -1.398000000000000076e-01 -3.366999999999999854e-02 -2.945499999999999785e-01 -1.921450000000000102e+00 -5.191200000000000259e-01 -9.007999999999999341e-02 -4.430000000000000049e-01 -2.209560000000000191e+00
-1.085090000000000110e+00 1.398000000000000076e-01 -3.366999999999999854e-02 2.945499999999999785e-01 -1.921450000000000102e+00 5.191200000000000259e-01 -9.007999999999999341e-02 4.430000000000000049e-01 -2.209560000000000191e+00
-1.085090000000000110e+00 1.398000000000000076e-01 -3.366999999999999854e-02 2.945499999999999785e-01 -1.921450000000000102e+00 5.191200000000000259e-01 -9.007999999999999341e-02 4.430000000000000049e-01 -2.209560000000000191e+00
-1.556959999999999900e+00 2.829999999999999738e-01 1.594099999999999961e-01 4.242400000000000060e-01 -1.720480000000000009e+00 3.354199999999999959e-01 2.375200000000000089e-01 2.670699999999999741e-01 -1.480220000000000091e+00
-1.556959999999999900e+00 2.829999999999999738e-01 1.594099999999999961e-01 4.242400000000000060e-01 -1.720480000000000009e+00 3.354199999999999959e-01 2.375200000000000089e-01 2.670699999999999741e-01 -1.480220000000000091e+00
-1.556959999999999900e+00 -2.829999999999999738e-01 1.594099999999999961e-01 -4.242400000000000060e-01 -1.720480000000000009e+00 -3.354199999999999959e-01 2.375200000000000089e-01 -2.670699999999999741e-01 -1.480220000000000091e+00
-1.556959999999999900e+00 -2.829999999999999738e-01 1.594099999999999961e-01 -4.242400000000000060e-01 -1.720480000000000009e+00 -3.354199999999999959e-01 2.375200000000000089e-01 -2.670699999999999741e-01 -1.480220000000000091e+00
-2.425149999999999917e+00 -1.731300000000000061e-01 -4.929999999999999938e-01 -2.776600000000000179e-01 -1.399650000000000061e+00 -4.821999999999999897e-02 -4.883199999999999763e-01 5.974999999999999756e-02 -1.199030000000000040e+00
-2.425149999999999917e+00 -1.731300000000000061e-01 -4.929999999999999938e-01 -2.776600000000000179e-01 -1.399650000000000061e+00 -4.821999999999999897e-02 -4.883199999999999763e-01 5.974999999999999756e-02 -1.199030000000000040e+00
-2.425149999999999917e+00 1.731300000000000061e-01 -4.929999999999999938e-01 2.776600000000000179e-01 -1.399650000000000061e+00 4.821999999999999897e-02 -4.883199999999999763e-01 -5.974999999999999756e-02 -1.199030000000000040e+00
-2.425149999999999917e+00 1.731300000000000061e-01 -4.929999999999999938e-01 2.776600000000000179e-01 -1.399650000000000061e+00 4.821999999999999897e-02 -4.883199999999999763e-01 -5.974999999999999756e-02 -1.199030000000000040e+00
