-1.870878814757162834e-01
-1.346596957575637854e-01
-3.382308285753558158e-02
7.116889021760154366e-01
8.602556390078535120e-01
8.889956615572847110e-01
1.025529700138071432e+00
1.052536151302468914e+00
1.076025012301500272e+00
1.186097233412083840e+00
1.231189364362399008e+00
1.253489588800789534e+00
1.267779414163413554e+00
1.366798798919983682e+00
1.406749717500866081e+00
1.420978204665051869e+00
1.438630188039344393e+00
1.572701750689061040e+00
1.588265363697300092e+00
1.604017800527036686e+00
1.654476467725227717e+00
1.714846615741683955e+00
1.786227204637682142e+00
1.808795918462093866e+00
1.919776516633774799e+00
1.988232524258710443e+00
1.994749803764322316e+00
2.115235027010074820e+00
2.138590569823623166e+00
2.143338594139428288e+00
2.152369558626822776e+00
2.218825389073442178e+00
2.249485862682460091e+00
2.279431405295492041e+00
2.335340081452513594e+00
2.348803038155477640e+00
2.464867319723811345e+00
2.474011740678706772e+00
2.496802358750140449e+00
2.539142774683259329e+00
2.659764709758863255e+00
2.741840218300728882e+00
2.742343016608611794e+00
2.761138836081630465e+00
2.821378113079121785e+00
2.835608967123912638e+00
3.280362306129970484e+00
3.566020947713530731e+00
3.578667175019413893e+00
3.683544281174892632e+00
3.818286521546883971e+00
3.828250019521434844e+00
4.097079027791228789e+00
4.099686456254915790e+00
4.105387650814090073e+00
4.302326935752894599e+00
4.379178396083791114e+00
4.538433436367688145e+00
4.755236801218991616e+00
4.818051272120367656e+00
4.967061373756021858e+00
5.013321279517553464e+00
5.360407417505676619e+00
5.592343563596759104e+00
5.614051511084173995e+00
5.935055851231044066e+00
6.156772613487426327e+00
6.598895130812725718e+00
9.968338078460208251e+00
1.003791075577151837e+01
1.003987160479102592e+01
1.014530107973332385e+01
1.111285887573335707e+01
1.143200201467788091e+01
1.160406249930718658e+01
1.186251272394585499e+01
1.312811293603358465e+01
1.315477470108541169e+01
1.360697058598312559e+01
1.379051975208893843e+01
1.440417251686255895e+01
1.456699708958282713e+01
1.474594694435720221e+01
1.479184622603061605e+01
