8.402509999999999479e+00 0.000000000000000000e+00 0.000000000000000000e+00 0.000000000000000000e+00 8.402509999999999479e+00 -0.000000000000000000e+00 -0.000000000000000000e+00 0.000000000000000000e+00 5.765920000000000378e+00
4.751210000000000377e+00 0.000000000000000000e+00 0.000000000000000000e+00 0.000000000000000000e+00 4.751210000000000377e+00 0.000000000000000000e+00 0.000000000000000000e+00 0.000000000000000000e+00 3.607240000000000002e+00
4.751210000000000377e+00 0.000000000000000000e+00 0.000000000000000000e+00 0.000000000000000000e+00 4.751210000000000377e+00 0.000000000000000000e+00 0.000000000000000000e+00 0.000000000000000000e+00 3.607240000000000002e+00
-5.008399999999999519e-01 -0.000000000000000000e+00 0.000000000000000000e+00 -0.000000000000000000e+00 -5.008399999999999519e-01 0.000000000000000000e+00 -0.000000000000000000e+00 -0.000000000000000000e+00 -2.009939999999999838e+00
-5.008399999999999519e-01 -0.000000000000000000e+00 0.000000000000000000e+00 -0.000000000000000000e+00 -5.008399999999999519e-01 0.000000000000000000e+00 -0.000000000000000000e+00 -0.000000000000000000e+00 -2.009939999999999838e+00
-3.810490000000000155e+00 1.720420000000000060e+00 -1.785989999999999966e+00 1.720420000000000060e+00 -1.823919999999999986e+00 1.031139999999999946e+00 -1.270029999999999992e+00 7.332499999999999574e-01 -1.493419999999999970e+00
-3.810490000000000155e+00 1.720420000000000060e+00 -1.785989999999999966e+00 1.720420000000000060e+00 -1.823919999999999986e+00 1.031139999999999946e+00 -1.270029999999999992e+00 7.332499999999999574e-01 -1.493419999999999970e+00
-8.306400000000000450e-01 -0.000000000000000000e+00 -0.000000000000000000e+00 -0.000000000000000000e+00 -4.803779999999999717e+00 -2.062279999999999891e+00 -0.000000000000000000e+00 -1.466499999999999915e+00 -1.493419999999999970e+00
-3.810490000000000155e+00 -1.720420000000000060e+00 1.785989999999999966e+00 -1.720420000000000060e+00 -1.823919999999999986e+00 1.031139999999999946e+00 1.270029999999999992e+00 7.332499999999999574e-01 -1.493419999999999970e+00
-3.810490000000000155e+00 -1.720420000000000060e+00 1.785989999999999966e+00 -1.720420000000000060e+00 -1.823919999999999986e+00 1.031139999999999946e+00 1.270029999999999992e+00 7.332499999999999574e-01 -1.493419999999999970e+00
-8.306400000000000450e-01 -0.000000000000000000e+00 -0.000000000000000000e+00 -0.000000000000000000e+00 -4.803779999999999717e+00 -2.062279999999999891e+00 -0.000000000000000000e+00 -1.466499999999999915e+00 -1.493419999999999970e+00
