-5.592092801447415273e-02
-3.619579934191258924e-02
-2.122141738904355021e-02
7.192662198379679017e-01
1.924617897142183454e+00
2.305155001296008255e+00
2.596493356432863830e+00
3.489858564469339619e+00
3.846837311350715272e+00
3.876718161022283837e+00
3.970194088454618520e+00
4.105608298413280899e+00
4.300355868995030306e+00
4.499165555967017838e+00
4.606577026383038564e+00
4.845896655934791575e+00
4.973097968067792252e+00
5.042719940666941625e+00
5.141607462652122429e+00
5.666273281443456433e+00
5.700019201722043682e+00
5.897536129605311928e+00
6.054263918925239629e+00
6.269900956155527894e+00
6.596257363080976432e+00
6.608554274574735210e+00
6.846756407234011910e+00
7.259112039361288460e+00
7.355448769449760782e+00
7.696669331600520358e+00
7.776919100775061544e+00
8.308577080342939070e+00
8.389352889228108623e+00
8.736136319907101822e+00
9.058911121100592823e+00
9.168668120288790746e+00
9.431486844607269049e+00
9.655218552679167843e+00
1.004733835401197162e+01
1.024699858495159610e+01
1.049423012898040142e+01
1.050633294732277179e+01
1.080225606065695843e+01
1.083462445126733442e+01
1.086490156421124631e+01
1.125289664930767941e+01
1.148446833771594378e+01
1.178455777702328433e+01
1.182842905883955531e+01
1.195863190335750836e+01
1.203982458343974393e+01
1.259992099181578062e+01
1.269049939915683645e+01
1.321681640940813018e+01
1.346902238471671787e+01
1.385158933119228664e+01
1.388764774898902665e+01
1.397591174127827784e+01
1.430956550703060337e+01
1.437255053913535541e+01
1.478774086870607896e+01
1.478831650323998304e+01
1.672974034466763626e+01
1.674176095875222003e+01
1.767891190090611886e+01
1.789010606452628238e+01
1.822085225778421247e+01
1.857497512784337346e+01
1.879014342680757821e+01
1.941474939318043269e+01
1.971139018435787449e+01
2.020060033761373219e+01
2.094676843811474498e+01
2.449061822412819467e+01
2.593399356057604876e+01
2.602802309050766283e+01
2.783555284164480170e+01
2.863485741190271838e+01
