-3.109367916085557793e-02
-2.668098699294684656e-02
-2.184096899755679985e-02
3.518687495750000949e+00
3.686898208423326828e+00
4.695546227525527527e+00
6.067295024433297712e+00
6.478548750850809945e+00
7.335761617477236207e+00
7.505165474434726036e+00
7.709573418737540429e+00
7.819163309211855761e+00
8.024772917558721019e+00
8.591758669950076310e+00
8.658532645040434517e+00
1.001541699618202585e+01
1.092053121113237779e+01
1.147954340945864260e+01
1.159590800604203942e+01
1.167827165824537161e+01
1.174941504418441163e+01
1.175931660748349294e+01
1.195919163660434492e+01
1.196932482036739742e+01
1.201627818740511877e+01
1.227926181837788988e+01
1.259890708819779803e+01
1.371619136479409740e+01
1.376280891986668919e+01
1.389431767393817019e+01
1.431391634580306516e+01
1.465286305883981655e+01
1.493218443881797519e+01
1.511502126587211059e+01
1.560728900953383480e+01
1.590831588107373662e+01
1.601258767930910309e+01
1.681307227767356949e+01
1.732571152253474978e+01
1.823867924966671694e+01
1.862477746239980192e+01
1.938475492184724658e+01
