3.022370000000000001e+00 0.000000000000000000e+00 0.000000000000000000e+00 0.000000000000000000e+00 2.578609999999999847e+00 0.000000000000000000e+00 0.000000000000000000e+00 0.000000000000000000e+00 2.485110000000000152e+00
2.411760000000000126e+00 0.000000000000000000e+00 0.000000000000000000e+00 0.000000000000000000e+00 2.625589999999999868e+00 0.000000000000000000e+00 0.000000000000000000e+00 0.000000000000000000e+00 2.404700000000000060e+00
2.460519999999999818e+00 6.271000000000000185e-02 -3.807400000000000229e-01 -9.690000000000000002e-02 2.725719999999999921e+00 -1.621100000000000041e-01 3.783000000000000251e-02 2.447100000000000108e-01 2.725150000000000183e+00
2.460519999999999818e+00 -6.271000000000000185e-02 -3.807400000000000229e-01 9.690000000000000002e-02 2.725719999999999921e+00 1.621100000000000041e-01 3.783000000000000251e-02 -2.447100000000000108e-01 2.725150000000000183e+00
2.460519999999999818e+00 6.271000000000000185e-02 3.807400000000000229e-01 -9.690000000000000002e-02 2.725719999999999921e+00 1.621100000000000041e-01 -3.783000000000000251e-02 -2.447100000000000108e-01 2.725150000000000183e+00
2.460519999999999818e+00 -6.271000000000000185e-02 3.807400000000000229e-01 9.690000000000000002e-02 2.725719999999999921e+00 -1.621100000000000041e-01 -3.783000000000000251e-02 2.447100000000000108e-01 2.725150000000000183e+00
-1.673130000000000006e+00 3.296100000000000141e-01 -2.091200000000000003e-01 2.506599999999999939e-01 -1.970490000000000075e+00 2.265399999999999914e-01 -1.005400000000000044e-01 1.823099999999999998e-01 -2.248029999999999973e+00
-1.673130000000000006e+00 3.296100000000000141e-01 2.091200000000000003e-01 2.506599999999999939e-01 -1.970490000000000075e+00 -2.265399999999999914e-01 1.005400000000000044e-01 -1.823099999999999998e-01 -2.248029999999999973e+00
-1.673920000000000075e+00 -0.000000000000000000e+00 -2.273300000000000043e-01 -0.000000000000000000e+00 -2.377920000000000034e+00 -0.000000000000000000e+00 -2.248400000000000121e-01 -0.000000000000000000e+00 -1.823129999999999917e+00
-1.673920000000000075e+00 -0.000000000000000000e+00 2.273300000000000043e-01 -0.000000000000000000e+00 -2.377920000000000034e+00 -0.000000000000000000e+00 2.248400000000000121e-01 -0.000000000000000000e+00 -1.823129999999999917e+00
-1.673130000000000006e+00 -3.296100000000000141e-01 -2.091200000000000003e-01 -2.506599999999999939e-01 -1.970490000000000075e+00 -2.265399999999999914e-01 -1.005400000000000044e-01 -1.823099999999999998e-01 -2.248029999999999973e+00
-1.673130000000000006e+00 -3.296100000000000141e-01 2.091200000000000003e-01 -2.506599999999999939e-01 -1.970490000000000075e+00 2.265399999999999914e-01 1.005400000000000044e-01 1.823099999999999998e-01 -2.248029999999999973e+00
-2.617929999999999868e+00 -0.000000000000000000e+00 -0.000000000000000000e+00 -0.000000000000000000e+00 -1.734660000000000091e+00 -2.278900000000000092e-01 -0.000000000000000000e+00 -1.240099999999999952e-01 -1.576009999999999911e+00
-2.617929999999999868e+00 -0.000000000000000000e+00 -0.000000000000000000e+00 -0.000000000000000000e+00 -1.734660000000000091e+00 2.278900000000000092e-01 -0.000000000000000000e+00 1.240099999999999952e-01 -1.576009999999999911e+00
