-6.917827427032041676e-02
-4.649076304477506305e-02
-3.511106255655516845e-02
4.074614538617426618e+00
4.560247967669027958e+00
5.385529526366030773e+00
5.402025055101084661e+00
5.907411048077806370e+00
5.949513897433295284e+00
6.041073090327976125e+00
6.050803797819015450e+00
6.372907724381835948e+00
8.037987558834162272e+00
8.666849211523709684e+00
9.870334396485105799e+00
9.978435276451529390e+00
9.988156076300095165e+00
1.020296490003432055e+01
1.042565532262918993e+01
1.104094128329646018e+01
1.110280873789299960e+01
1.171231308713270103e+01
1.231833501642777939e+01
1.255303598862096415e+01
1.272728764577836813e+01
1.280165892736504141e+01
1.339127390393594652e+01
1.339155607462975617e+01
1.361792010492141358e+01
1.433221340195192717e+01
1.494054634104277746e+01
1.498571552576985333e+01
1.555723581180126480e+01
1.583138476843738651e+01
1.629330266815177097e+01
1.681196372941325734e+01
1.695735548302439355e+01
1.751223242200132546e+01
1.807639089079282968e+01
1.855255486401478038e+01
2.083252282660064125e+01
2.120276665286938567e+01
