-1.948756090594641055e-01
-4.462562497957173191e-02
-3.656271342017276132e-02
9.112547553466852079e-01
1.029134423170782409e+00
1.119007557489692939e+00
1.210346545054245215e+00
1.449984932233675750e+00
1.468829815408914996e+00
1.637464347928038633e+00
1.638101033790595018e+00
1.932425433410077886e+00
2.273450148717414354e+00
2.320451076815036817e+00
2.481709260668041317e+00
2.504633314851675951e+00
2.530172400459759441e+00
2.611145372192084313e+00
2.635691488079167755e+00
2.771126366319038414e+00
2.786552829573756718e+00
3.092531799127862691e+00
3.121546948849393210e+00
3.158539751407400509e+00
3.182200522999405923e+00
3.183973105061024711e+00
3.190818280500950177e+00
3.224063784191103732e+00
3.330874982244187432e+00
3.447371120169065328e+00
3.468847410526451291e+00
3.531811477686309875e+00
3.593835601301897498e+00
3.841249535240147228e+00
3.972274765245507933e+00
4.000763204554816710e+00
4.122260791620191434e+00
4.125453901811413360e+00
4.142502700430773288e+00
4.143506144059031726e+00
4.238820343766329657e+00
4.538323924261644216e+00
4.655866715101362630e+00
4.738219679260694761e+00
4.743632633598542370e+00
4.955517577546376451e+00
5.188585627523038646e+00
5.198034268835543870e+00
1.007561243104717974e+01
1.013766646439830588e+01
1.020639387316975011e+01
1.023423144376922522e+01
1.024563255140398077e+01
1.034560168756279985e+01
1.036847433514087058e+01
1.050849093244619858e+01
1.132404396495183896e+01
1.134315019046642981e+01
1.136576380042394696e+01
1.138755263138468266e+01
1.139636056662931907e+01
1.142952497784820309e+01
1.155255888823446675e+01
1.169058583256735240e+01
1.176909064638864422e+01
1.179838885279592375e+01
1.182099610493919606e+01
1.188367892495356415e+01
2.690864855486715612e+01
2.691148193860041360e+01
2.691235725491012332e+01
2.693131252242949003e+01
2.763678596490873574e+01
2.795162202440592480e+01
2.795722315832409421e+01
2.797470587365321038e+01
2.797661817188214428e+01
2.801783001632300341e+01
2.806722906844277787e+01
2.832549597464005231e+01
2.875159040615346484e+01
2.879847021236062332e+01
2.913856446210370521e+01
2.926900402776958643e+01
