-2.226969343379401889e-01
-3.048720053194652058e-02
-1.269739885307430600e-02
3.672791031057881739e+00
3.861369703735340053e+00
4.092075612368774706e+00
4.281595981834507292e+00
4.987560863829317626e+00
5.281035597226440004e+00
5.451012201298383708e+00
5.802400572742492102e+00
6.079826331990765276e+00
6.249968245482881102e+00
6.474425384697306995e+00
6.622321460860576714e+00
8.385419020745414898e+00
8.770849937635896154e+00
8.905773202304519742e+00
9.321806025740773549e+00
1.005123408029147392e+01
1.012082912099380749e+01
1.036708203468056233e+01
1.064589377843505247e+01
1.091369202037757979e+01
1.136284306453020143e+01
1.138990272347384369e+01
1.151014139513685564e+01
1.193212569907320564e+01
1.241491716832341652e+01
1.278559531217451806e+01
1.279589523821972286e+01
1.290887636444144881e+01
1.338704853474283141e+01
1.349307969595667345e+01
1.353389794279357261e+01
1.390019749172369501e+01
1.394662996723552162e+01
1.413660347083211910e+01
1.442061993292186095e+01
1.450927973740341237e+01
2.318739833303051867e+01
2.321007690540947266e+01
2.344776230289615171e+01
2.350069592626051929e+01
2.402398758646831212e+01
2.417656107355520589e+01
2.475248470205630724e+01
2.497707478724741392e+01
