-7.583378253222942955e-02
-6.410315938641283906e-02
-6.248548487104305799e-02
2.839387982562231905e+00
3.196649811919421325e+00
3.279465001748859354e+00
3.288091005286538859e+00
3.336484355039818883e+00
3.428724371246660851e+00
3.614899707004584073e+00
3.805504080649128706e+00
4.099896335946785264e+00
4.108772887835081100e+00
4.163648193254559260e+00
4.327955421392384316e+00
4.526581705763565111e+00
4.661089387792546113e+00
4.722950226089477788e+00
4.830202502617663818e+00
5.272195191287338822e+00
5.342973634030229846e+00
5.579437883177987167e+00
5.593879436472158240e+00
5.852610959889235076e+00
5.866279079443132538e+00
6.056664788757652573e+00
6.715697979232390757e+00
7.038317679781559200e+00
7.677672667344037194e+00
7.780547809060806230e+00
7.871516778225607247e+00
8.078753052403895296e+00
8.236601762127154558e+00
8.380860588974609726e+00
8.428836544755757387e+00
8.836450859843841599e+00
9.072910058982387227e+00
9.132189030434364696e+00
9.135261250302374236e+00
9.405336875770393235e+00
9.645951727641088880e+00
9.683627195477855665e+00
9.836498344926772219e+00
9.992245342220792637e+00
1.024629713838444012e+01
1.026347840743008533e+01
1.045969090131711710e+01
1.048656857671107190e+01
1.074518551250047516e+01
1.089653766108579269e+01
1.092874615905684266e+01
1.100529862358338384e+01
1.115250362964072472e+01
1.123105733104289072e+01
1.126622842020540993e+01
1.142670453560374177e+01
1.205260993958473570e+01
1.208269745609116086e+01
1.208290090107436221e+01
1.209516874973993872e+01
1.210139421177239427e+01
1.210833993247486262e+01
1.217012943420664683e+01
1.251683866643752729e+01
1.253225227893363325e+01
1.256533358025152936e+01
1.266563370591918769e+01
1.322897277214175382e+01
1.359805820865796200e+01
1.370399396101493927e+01
1.412824961240633925e+01
1.445846226324585793e+01
1.462859082361415552e+01
1.627902169947773103e+01
1.643786502072176603e+01
1.657838724788424400e+01
1.707959926634870840e+01
1.795524389189385062e+01
1.798439715678372508e+01
1.816790545577801907e+01
1.899668964888518019e+01
1.916985066139649163e+01
1.931126360020855159e+01
1.940863973624471939e+01
