-1.130649556670854511e-01
-6.843186779564035260e-02
-3.151095933163571700e-02
1.024351887780756698e+00
2.092528795500792960e+00
2.117944224950222942e+00
3.173465408666053200e+00
3.230337257934533302e+00
3.396090413990770163e+00
3.763098165076218304e+00
3.807345085489362457e+00
3.910756755411924246e+00
4.045621040087665321e+00
4.050978005371048241e+00
4.210030047398712227e+00
4.543995037409262139e+00
5.016024930161332662e+00
5.675497599329947462e+00
6.092510705776396307e+00
6.262336153545256856e+00
6.670500685855597744e+00
6.740353418033805610e+00
6.779522099676348112e+00
6.936037644073163477e+00
7.671106862767588908e+00
8.035918877141556393e+00
8.439433766550928695e+00
8.467362375616151127e+00
8.771671562478841722e+00
9.448238454865542479e+00
9.707271336477619528e+00
9.977859204258196613e+00
1.052464118153203287e+01
1.058759661112945771e+01
1.073365208118839753e+01
1.080658692649996588e+01
1.085585694452538341e+01
1.096941119659574149e+01
1.097634861873473788e+01
1.098221557792415659e+01
1.154560782289092025e+01
1.157178067541897271e+01
1.176487424497176626e+01
1.235434988172182180e+01
1.262535916320799245e+01
1.293620357755705719e+01
1.294177236702917710e+01
1.342175800705704880e+01
1.351817717001815389e+01
1.353585826610193266e+01
1.361679143557688576e+01
1.480219524259830877e+01
1.484664635532213417e+01
1.519623703421343741e+01
1.552389232763484550e+01
1.552752610688515311e+01
1.574122495233455332e+01
1.621011795145242118e+01
1.625778229033714339e+01
1.676349533957640858e+01
1.704187483817434767e+01
1.773831502708191366e+01
1.793124016904575413e+01
1.828394355712136843e+01
1.836356945149825748e+01
2.116678617551563946e+01
2.192642966832493912e+01
2.353366913594223320e+01
2.409351315188385101e+01
2.467461422190831399e+01
2.473450136954452461e+01
2.473560781545502962e+01
