2.506590000000000096e+00 -0.000000000000000000e+00 0.000000000000000000e+00 -0.000000000000000000e+00 2.584700000000000220e+00 9.196000000000000008e-02 0.000000000000000000e+00 3.760999999999999760e-02 2.190290000000000070e+00
2.565170000000000172e+00 3.382000000000000284e-02 -7.964000000000000246e-02 3.382000000000000284e-02 2.526120000000000143e+00 -4.598000000000000004e-02 -3.257000000000000173e-02 -1.881000000000000033e-02 2.190290000000000070e+00
2.565170000000000172e+00 -3.382000000000000284e-02 7.964000000000000246e-02 -3.382000000000000284e-02 2.526120000000000143e+00 -4.598000000000000004e-02 3.257000000000000173e-02 -1.881000000000000033e-02 2.190290000000000070e+00
2.506590000000000096e+00 -0.000000000000000000e+00 0.000000000000000000e+00 -0.000000000000000000e+00 2.584700000000000220e+00 9.196000000000000008e-02 0.000000000000000000e+00 3.760999999999999760e-02 2.190290000000000070e+00
2.565170000000000172e+00 3.382000000000000284e-02 -7.964000000000000246e-02 3.382000000000000284e-02 2.526120000000000143e+00 -4.598000000000000004e-02 -3.257000000000000173e-02 -1.881000000000000033e-02 2.190290000000000070e+00
2.565170000000000172e+00 -3.382000000000000284e-02 7.964000000000000246e-02 -3.382000000000000284e-02 2.526120000000000143e+00 -4.598000000000000004e-02 3.257000000000000173e-02 -1.881000000000000033e-02 2.190290000000000070e+00
2.614120000000000221e+00 1.136999999999999990e-02 0.000000000000000000e+00 -1.136999999999999990e-02 2.614120000000000221e+00 0.000000000000000000e+00 0.000000000000000000e+00 0.000000000000000000e+00 7.303500000000000547e-01
2.614120000000000221e+00 1.136999999999999990e-02 0.000000000000000000e+00 -1.136999999999999990e-02 2.614120000000000221e+00 0.000000000000000000e+00 0.000000000000000000e+00 0.000000000000000000e+00 7.303500000000000547e-01
2.614120000000000221e+00 -1.136999999999999990e-02 0.000000000000000000e+00 1.136999999999999990e-02 2.614120000000000221e+00 0.000000000000000000e+00 0.000000000000000000e+00 0.000000000000000000e+00 7.303500000000000547e-01
2.614120000000000221e+00 -1.136999999999999990e-02 0.000000000000000000e+00 1.136999999999999990e-02 2.614120000000000221e+00 0.000000000000000000e+00 0.000000000000000000e+00 0.000000000000000000e+00 7.303500000000000547e-01
-1.945230000000000015e+00 3.412799999999999723e-01 -7.628000000000000058e-02 3.234099999999999753e-01 -2.343160000000000132e+00 1.164800000000000002e-01 -6.859999999999999432e-02 1.128099999999999936e-01 -1.338589999999999947e+00
-1.955859999999999932e+00 -3.295399999999999996e-01 -6.272999999999999410e-02 -3.474099999999999966e-01 -2.332530000000000214e+00 -1.242999999999999938e-01 -6.339999999999999802e-02 -1.158099999999999963e-01 -1.338589999999999947e+00
-2.531489999999999796e+00 1.507000000000000006e-02 1.390099999999999947e-01 -2.799999999999999972e-03 -1.756890000000000063e+00 7.820000000000000562e-03 1.320000000000000062e-01 3.000000000000000062e-03 -1.338589999999999947e+00
-2.531489999999999796e+00 -1.507000000000000006e-02 -1.390099999999999947e-01 2.799999999999999972e-03 -1.756890000000000063e+00 7.820000000000000562e-03 -1.320000000000000062e-01 3.000000000000000062e-03 -1.338589999999999947e+00
-1.945230000000000015e+00 -3.412799999999999723e-01 7.628000000000000058e-02 -3.234099999999999753e-01 -2.343160000000000132e+00 1.164800000000000002e-01 6.859999999999999432e-02 1.128099999999999936e-01 -1.338589999999999947e+00
-1.955859999999999932e+00 3.295399999999999996e-01 6.272999999999999410e-02 3.474099999999999966e-01 -2.332530000000000214e+00 -1.242999999999999938e-01 6.339999999999999802e-02 -1.158099999999999963e-01 -1.338589999999999947e+00
-1.955859999999999932e+00 -3.295399999999999996e-01 -6.272999999999999410e-02 -3.474099999999999966e-01 -2.332530000000000214e+00 -1.242999999999999938e-01 -6.339999999999999802e-02 -1.158099999999999963e-01 -1.338589999999999947e+00
-1.945230000000000015e+00 3.412799999999999723e-01 -7.628000000000000058e-02 3.234099999999999753e-01 -2.343160000000000132e+00 1.164800000000000002e-01 -6.859999999999999432e-02 1.128099999999999936e-01 -1.338589999999999947e+00
-2.531489999999999796e+00 1.507000000000000006e-02 1.390099999999999947e-01 -2.799999999999999972e-03 -1.756890000000000063e+00 7.820000000000000562e-03 1.320000000000000062e-01 3.000000000000000062e-03 -1.338589999999999947e+00
-1.945230000000000015e+00 -3.412799999999999723e-01 7.628000000000000058e-02 -3.234099999999999753e-01 -2.343160000000000132e+00 1.164800000000000002e-01 6.859999999999999432e-02 1.128099999999999936e-01 -1.338589999999999947e+00
-1.955859999999999932e+00 3.295399999999999996e-01 6.272999999999999410e-02 3.474099999999999966e-01 -2.332530000000000214e+00 -1.242999999999999938e-01 6.339999999999999802e-02 -1.158099999999999963e-01 -1.338589999999999947e+00
-2.531489999999999796e+00 -1.507000000000000006e-02 -1.390099999999999947e-01 2.799999999999999972e-03 -1.756890000000000063e+00 7.820000000000000562e-03 -1.320000000000000062e-01 3.000000000000000062e-03 -1.338589999999999947e+00
