2.125090000000000146e+00 -0.000000000000000000e+00 -0.000000000000000000e+00 -0.000000000000000000e+00 1.575029999999999930e+00 -4.463099999999999845e-01 -0.000000000000000000e+00 -3.040300000000000225e-01 1.548839999999999995e+00
2.125090000000000146e+00 -0.000000000000000000e+00 -0.000000000000000000e+00 -0.000000000000000000e+00 1.575029999999999930e+00 4.463099999999999845e-01 -0.000000000000000000e+00 3.040300000000000225e-01 1.548839999999999995e+00
5.843029999999999724e+00 1.633010000000000073e+00 -0.000000000000000000e+00 1.222460000000000102e+00 6.622869999999999813e+00 0.000000000000000000e+00 -0.000000000000000000e+00 0.000000000000000000e+00 5.427279999999999660e+00
5.843029999999999724e+00 -1.633010000000000073e+00 -0.000000000000000000e+00 -1.222460000000000102e+00 6.622869999999999813e+00 0.000000000000000000e+00 -0.000000000000000000e+00 0.000000000000000000e+00 5.427279999999999660e+00
7.341179999999999595e+00 -0.000000000000000000e+00 -0.000000000000000000e+00 -0.000000000000000000e+00 6.769969999999999821e+00 1.310529999999999973e+00 -0.000000000000000000e+00 1.471109999999999918e+00 8.372759999999999536e+00
7.341179999999999595e+00 -0.000000000000000000e+00 -0.000000000000000000e+00 -0.000000000000000000e+00 6.769969999999999821e+00 -1.310529999999999973e+00 -0.000000000000000000e+00 -1.471109999999999918e+00 8.372759999999999536e+00
-7.949100000000000055e-01 0.000000000000000000e+00 -0.000000000000000000e+00 0.000000000000000000e+00 -9.390300000000000313e-01 2.206100000000000005e-01 -0.000000000000000000e+00 3.014700000000000157e-01 -5.435990000000000322e+00
-2.903449999999999864e+00 0.000000000000000000e+00 0.000000000000000000e+00 0.000000000000000000e+00 -2.351410000000000000e+00 7.013999999999999402e-02 0.000000000000000000e+00 -5.439999999999999697e-02 -1.586379999999999901e+00
-2.685890000000000111e+00 1.343439999999999968e+00 -8.545599999999999863e-01 1.484029999999999960e+00 -2.796199999999999797e+00 1.232469999999999954e+00 -1.085970000000000102e+00 1.264280000000000070e+00 -2.263900000000000023e+00
-3.119569999999999954e+00 -1.514329999999999954e+00 -4.580000000000000043e-02 -1.465770000000000017e+00 -3.042520000000000113e+00 -7.405699999999999505e-01 -6.136700000000000488e-01 -1.055180000000000007e+00 -1.899359999999999937e+00
-2.685890000000000111e+00 -1.343439999999999968e+00 8.545599999999999863e-01 -1.484029999999999960e+00 -2.796199999999999797e+00 1.232469999999999954e+00 1.085970000000000102e+00 1.264280000000000070e+00 -2.263900000000000023e+00
-3.119569999999999954e+00 1.514329999999999954e+00 4.580000000000000043e-02 1.465770000000000017e+00 -3.042520000000000113e+00 -7.405699999999999505e-01 6.136700000000000488e-01 -1.055180000000000007e+00 -1.899359999999999937e+00
-7.949100000000000055e-01 0.000000000000000000e+00 -0.000000000000000000e+00 0.000000000000000000e+00 -9.390300000000000313e-01 -2.206100000000000005e-01 -0.000000000000000000e+00 -3.014700000000000157e-01 -5.435990000000000322e+00
-2.903449999999999864e+00 0.000000000000000000e+00 0.000000000000000000e+00 0.000000000000000000e+00 -2.351410000000000000e+00 -7.013999999999999402e-02 0.000000000000000000e+00 5.439999999999999697e-02 -1.586379999999999901e+00
-3.119569999999999954e+00 1.514329999999999954e+00 -4.580000000000000043e-02 1.465770000000000017e+00 -3.042520000000000113e+00 7.405699999999999505e-01 -6.136700000000000488e-01 1.055180000000000007e+00 -1.899359999999999937e+00
-2.685890000000000111e+00 -1.343439999999999968e+00 -8.545599999999999863e-01 -1.484029999999999960e+00 -2.796199999999999797e+00 -1.232469999999999954e+00 -1.085970000000000102e+00 -1.264280000000000070e+00 -2.263900000000000023e+00
-3.119569999999999954e+00 -1.514329999999999954e+00 4.580000000000000043e-02 -1.465770000000000017e+00 -3.042520000000000113e+00 7.405699999999999505e-01 6.136700000000000488e-01 1.055180000000000007e+00 -1.899359999999999937e+00
-2.685890000000000111e+00 1.343439999999999968e+00 8.545599999999999863e-01 1.484029999999999960e+00 -2.796199999999999797e+00 -1.232469999999999954e+00 1.085970000000000102e+00 -1.264280000000000070e+00 -2.263900000000000023e+00
