2.735259999999999803e+00 -3.190000000000000127e-03 -0.000000000000000000e+00 3.190000000000000127e-03 2.735259999999999803e+00 0.000000000000000000e+00 -0.000000000000000000e+00 0.000000000000000000e+00 2.593999999999999861e+00
2.735259999999999803e+00 -3.190000000000000127e-03 -0.000000000000000000e+00 3.190000000000000127e-03 2.735259999999999803e+00 0.000000000000000000e+00 -0.000000000000000000e+00 0.000000000000000000e+00 2.593999999999999861e+00
4.447449999999999903e+00 -1.789100000000000135e-01 -0.000000000000000000e+00 1.789100000000000135e-01 4.447449999999999903e+00 0.000000000000000000e+00 -0.000000000000000000e+00 0.000000000000000000e+00 4.168689999999999785e+00
5.046140000000000292e+00 1.352099999999999969e-01 -0.000000000000000000e+00 -1.352099999999999969e-01 5.046140000000000292e+00 0.000000000000000000e+00 -0.000000000000000000e+00 0.000000000000000000e+00 5.133560000000000123e+00
-2.708969999999999878e+00 -4.119300000000000184e-01 5.948700000000000099e-01 -4.286300000000000110e-01 -2.279059999999999864e+00 3.837099999999999955e-01 6.331799999999999651e-01 3.503399999999999848e-01 -2.415039999999999853e+00
-2.750509999999999788e+00 4.046399999999999997e-01 -6.297399999999999665e-01 3.879500000000000171e-01 -2.237519999999999953e+00 3.233199999999999963e-01 -6.199900000000000411e-01 3.731800000000000117e-01 -2.415039999999999853e+00
-2.022569999999999979e+00 3.232999999999999763e-02 3.486999999999999822e-02 1.564000000000000112e-02 -2.965469999999999828e+00 -7.070300000000000473e-01 -1.319000000000000034e-02 -7.235200000000000520e-01 -2.415039999999999853e+00
-2.022569999999999979e+00 3.232999999999999763e-02 3.486999999999999822e-02 1.564000000000000112e-02 -2.965469999999999828e+00 -7.070300000000000473e-01 -1.319000000000000034e-02 -7.235200000000000520e-01 -2.415039999999999853e+00
-2.750509999999999788e+00 4.046399999999999997e-01 -6.297399999999999665e-01 3.879500000000000171e-01 -2.237519999999999953e+00 3.233199999999999963e-01 -6.199900000000000411e-01 3.731800000000000117e-01 -2.415039999999999853e+00
-2.708969999999999878e+00 -4.119300000000000184e-01 5.948700000000000099e-01 -4.286300000000000110e-01 -2.279059999999999864e+00 3.837099999999999955e-01 6.331799999999999651e-01 3.503399999999999848e-01 -2.415039999999999853e+00
