2.570520000000000138e+00 1.490599999999999981e-01 -1.600100000000000133e-01 1.881400000000000017e-01 2.521580000000000155e+00 -1.185599999999999987e-01 7.455000000000000515e-02 -2.582999999999999741e-01 2.460020000000000095e+00
2.570520000000000138e+00 -1.490599999999999981e-01 -1.600100000000000133e-01 -1.881400000000000017e-01 2.521580000000000155e+00 1.185599999999999987e-01 7.455000000000000515e-02 2.582999999999999741e-01 2.460020000000000095e+00
2.570520000000000138e+00 -1.490599999999999981e-01 -1.600100000000000133e-01 -1.881400000000000017e-01 2.521580000000000155e+00 1.185599999999999987e-01 7.455000000000000515e-02 2.582999999999999741e-01 2.460020000000000095e+00
2.570520000000000138e+00 1.490599999999999981e-01 -1.600100000000000133e-01 1.881400000000000017e-01 2.521580000000000155e+00 -1.185599999999999987e-01 7.455000000000000515e-02 -2.582999999999999741e-01 2.460020000000000095e+00
3.151279999999999859e+00 -3.317100000000000048e-01 4.545699999999999741e-01 2.654299999999999993e-01 3.277810000000000112e+00 4.308000000000000024e-02 -4.037000000000000033e-01 1.487900000000000056e-01 3.219349999999999934e+00
3.151279999999999859e+00 3.317100000000000048e-01 4.545699999999999741e-01 -2.654299999999999993e-01 3.277810000000000112e+00 -4.308000000000000024e-02 -4.037000000000000033e-01 -1.487900000000000056e-01 3.219349999999999934e+00
7.344689999999999941e+00 -2.721000000000000085e-01 -1.736099999999999866e-01 -2.274299999999999933e-01 7.322110000000000340e+00 -1.438200000000000034e-01 -1.130899999999999961e-01 -3.685000000000000081e-02 7.312990000000000101e+00
7.344689999999999941e+00 2.721000000000000085e-01 -1.736099999999999866e-01 2.274299999999999933e-01 7.322110000000000340e+00 1.438200000000000034e-01 -1.130899999999999961e-01 3.685000000000000081e-02 7.312990000000000101e+00
-1.947449999999999903e+00 1.684000000000000080e-02 -6.253999999999999559e-01 8.630999999999999783e-02 -1.707219999999999960e+00 -2.681999999999999940e-01 -5.924800000000000066e-01 -2.724199999999999955e-01 -4.150780000000000136e+00
-1.947449999999999903e+00 -1.684000000000000080e-02 -6.253999999999999559e-01 -8.630999999999999783e-02 -1.707219999999999960e+00 2.681999999999999940e-01 -5.924800000000000066e-01 2.724199999999999955e-01 -4.150780000000000136e+00
-1.947449999999999903e+00 1.684000000000000080e-02 -6.253999999999999559e-01 8.630999999999999783e-02 -1.707219999999999960e+00 -2.681999999999999940e-01 -5.924800000000000066e-01 -2.724199999999999955e-01 -4.150780000000000136e+00
-1.947449999999999903e+00 -1.684000000000000080e-02 -6.253999999999999559e-01 -8.630999999999999783e-02 -1.707219999999999960e+00 2.681999999999999940e-01 -5.924800000000000066e-01 2.724199999999999955e-01 -4.150780000000000136e+00
-2.515089999999999826e+00 -1.172099999999999920e+00 3.433499999999999885e-01 -1.224690000000000056e+00 -3.512169999999999792e+00 4.947099999999999831e-01 3.939300000000000024e-01 5.069200000000000372e-01 -1.799390000000000045e+00
-2.515089999999999826e+00 1.172099999999999920e+00 3.433499999999999885e-01 1.224690000000000056e+00 -3.512169999999999792e+00 -4.947099999999999831e-01 3.939300000000000024e-01 -5.069200000000000372e-01 -1.799390000000000045e+00
-2.515089999999999826e+00 -1.172099999999999920e+00 3.433499999999999885e-01 -1.224690000000000056e+00 -3.512169999999999792e+00 4.947099999999999831e-01 3.939300000000000024e-01 5.069200000000000372e-01 -1.799390000000000045e+00
-2.515089999999999826e+00 1.172099999999999920e+00 3.433499999999999885e-01 1.224690000000000056e+00 -3.512169999999999792e+00 -4.947099999999999831e-01 3.939300000000000024e-01 -5.069200000000000372e-01 -1.799390000000000045e+00
-3.355960000000000054e+00 -1.175470000000000015e+00 3.015900000000000247e-01 -1.118870000000000031e+00 -2.602139999999999898e+00 2.511700000000000044e-01 3.823900000000000077e-01 1.875900000000000067e-01 -1.776019999999999932e+00
-3.355960000000000054e+00 1.175470000000000015e+00 3.015900000000000247e-01 1.118870000000000031e+00 -2.602139999999999898e+00 -2.511700000000000044e-01 3.823900000000000077e-01 -1.875900000000000067e-01 -1.776019999999999932e+00
-3.355960000000000054e+00 -1.175470000000000015e+00 3.015900000000000247e-01 -1.118870000000000031e+00 -2.602139999999999898e+00 2.511700000000000044e-01 3.823900000000000077e-01 1.875900000000000067e-01 -1.776019999999999932e+00
-3.355960000000000054e+00 1.175470000000000015e+00 3.015900000000000247e-01 1.118870000000000031e+00 -2.602139999999999898e+00 -2.511700000000000044e-01 3.823900000000000077e-01 -1.875900000000000067e-01 -1.776019999999999932e+00
