-1.752268860235682915e-02
-1.752268860112961985e-02
-6.277203410672918711e-03
2.163634873837855022e+00
2.296747251971522630e+00
2.607751135089205974e+00
2.607751135089217964e+00
2.810907085434811048e+00
3.131043616197160873e+00
3.131043616197161317e+00
3.189138986876714377e+00
3.503961263739719723e+00
5.437724832391595875e+00
6.829964596659684695e+00
7.326311542640412178e+00
7.326311542640415730e+00
9.145094789249617051e+00
9.173080982423153173e+00
9.173080982423165608e+00
9.867439768919656018e+00
9.867439768919657794e+00
1.022181462826964626e+01
1.140967020763719120e+01
1.308840231106535867e+01
1.343002682286792648e+01
1.343002682286793181e+01
1.345802119484207005e+01
1.416101168181566017e+01
1.434963352452902896e+01
1.434963352452903074e+01
1.438880318022729732e+01
1.637594786551768777e+01
1.648054177943348719e+01
1.704564894908436301e+01
1.704564894908438077e+01
1.835117535363722041e+01
