1.204809999999999937e+00 2.154999999999999971e-02 0.000000000000000000e+00 3.599999999999999901e-03 1.169119999999999937e+00 0.000000000000000000e+00 0.000000000000000000e+00 0.000000000000000000e+00 1.094919999999999893e+00
1.204809999999999937e+00 -2.154999999999999971e-02 0.000000000000000000e+00 -3.599999999999999901e-03 1.169119999999999937e+00 0.000000000000000000e+00 -0.000000000000000000e+00 0.000000000000000000e+00 1.094919999999999893e+00
1.204809999999999937e+00 2.154999999999999971e-02 0.000000000000000000e+00 3.599999999999999901e-03 1.169119999999999937e+00 0.000000000000000000e+00 0.000000000000000000e+00 0.000000000000000000e+00 1.094919999999999893e+00
1.204809999999999937e+00 -2.154999999999999971e-02 0.000000000000000000e+00 -3.599999999999999901e-03 1.169119999999999937e+00 0.000000000000000000e+00 -0.000000000000000000e+00 0.000000000000000000e+00 1.094919999999999893e+00
4.911979999999999791e+00 -1.718000000000000083e-02 0.000000000000000000e+00 5.177899999999999725e-01 3.942050000000000054e+00 0.000000000000000000e+00 0.000000000000000000e+00 0.000000000000000000e+00 4.913380000000000081e+00
4.911979999999999791e+00 1.718000000000000083e-02 0.000000000000000000e+00 -5.177899999999999725e-01 3.942050000000000054e+00 0.000000000000000000e+00 -0.000000000000000000e+00 -0.000000000000000000e+00 4.913380000000000081e+00
4.911979999999999791e+00 -1.718000000000000083e-02 0.000000000000000000e+00 5.177899999999999725e-01 3.942050000000000054e+00 0.000000000000000000e+00 0.000000000000000000e+00 0.000000000000000000e+00 4.913380000000000081e+00
4.911979999999999791e+00 1.718000000000000083e-02 0.000000000000000000e+00 -5.177899999999999725e-01 3.942050000000000054e+00 0.000000000000000000e+00 -0.000000000000000000e+00 -0.000000000000000000e+00 4.913380000000000081e+00
-2.230519999999999836e+00 -8.201999999999999569e-02 -3.990000000000000213e-01 -1.519099999999999895e-01 -1.485170000000000101e+00 1.907099999999999906e-01 -3.750800000000000245e-01 1.788500000000000090e-01 -1.888200000000000101e+00
-2.230519999999999836e+00 8.201999999999999569e-02 3.990000000000000213e-01 1.519099999999999895e-01 -1.485170000000000101e+00 1.907099999999999906e-01 3.750800000000000245e-01 1.788500000000000090e-01 -1.888200000000000101e+00
-2.230519999999999836e+00 -8.201999999999999569e-02 3.990000000000000213e-01 -1.519099999999999895e-01 -1.485170000000000101e+00 -1.907099999999999906e-01 3.750800000000000245e-01 -1.788500000000000090e-01 -1.888200000000000101e+00
-1.655739999999999990e+00 0.000000000000000000e+00 0.000000000000000000e+00 0.000000000000000000e+00 -2.140829999999999789e+00 -9.681400000000000006e-01 0.000000000000000000e+00 -9.306699999999999973e-01 -2.231910000000000061e+00
-1.655739999999999990e+00 0.000000000000000000e+00 0.000000000000000000e+00 0.000000000000000000e+00 -2.140829999999999789e+00 -9.681400000000000006e-01 0.000000000000000000e+00 -9.306699999999999973e-01 -2.231910000000000061e+00
-1.655739999999999990e+00 0.000000000000000000e+00 0.000000000000000000e+00 0.000000000000000000e+00 -2.140829999999999789e+00 9.681400000000000006e-01 0.000000000000000000e+00 9.306699999999999973e-01 -2.231910000000000061e+00
-2.230519999999999836e+00 8.201999999999999569e-02 -3.990000000000000213e-01 1.519099999999999895e-01 -1.485170000000000101e+00 -1.907099999999999906e-01 -3.750800000000000245e-01 -1.788500000000000090e-01 -1.888200000000000101e+00
-1.655739999999999990e+00 0.000000000000000000e+00 0.000000000000000000e+00 0.000000000000000000e+00 -2.140829999999999789e+00 9.681400000000000006e-01 0.000000000000000000e+00 9.306699999999999973e-01 -2.231910000000000061e+00
-2.230519999999999836e+00 8.201999999999999569e-02 3.990000000000000213e-01 1.519099999999999895e-01 -1.485170000000000101e+00 1.907099999999999906e-01 3.750800000000000245e-01 1.788500000000000090e-01 -1.888200000000000101e+00
-2.230519999999999836e+00 -8.201999999999999569e-02 -3.990000000000000213e-01 -1.519099999999999895e-01 -1.485170000000000101e+00 1.907099999999999906e-01 -3.750800000000000245e-01 1.788500000000000090e-01 -1.888200000000000101e+00
-2.230519999999999836e+00 -8.201999999999999569e-02 3.990000000000000213e-01 -1.519099999999999895e-01 -1.485170000000000101e+00 -1.907099999999999906e-01 3.750800000000000245e-01 -1.788500000000000090e-01 -1.888200000000000101e+00
-2.230519999999999836e+00 8.201999999999999569e-02 -3.990000000000000213e-01 1.519099999999999895e-01 -1.485170000000000101e+00 -1.907099999999999906e-01 -3.750800000000000245e-01 -1.788500000000000090e-01 -1.888200000000000101e+00
