4.357549999999999812e+00 -5.908099999999999463e-01 0.000000000000000000e+00 -6.826900000000000190e-01 5.433589999999999698e+00 -0.000000000000000000e+00 0.000000000000000000e+00 0.000000000000000000e+00 4.362149999999999750e+00
5.433589999999999698e+00 6.826900000000000190e-01 0.000000000000000000e+00 5.908099999999999463e-01 4.357549999999999812e+00 -0.000000000000000000e+00 0.000000000000000000e+00 0.000000000000000000e+00 4.362149999999999750e+00
4.357549999999999812e+00 -5.908099999999999463e-01 0.000000000000000000e+00 -6.826900000000000190e-01 5.433589999999999698e+00 -0.000000000000000000e+00 0.000000000000000000e+00 0.000000000000000000e+00 4.362149999999999750e+00
5.433589999999999698e+00 6.826900000000000190e-01 0.000000000000000000e+00 5.908099999999999463e-01 4.357549999999999812e+00 -0.000000000000000000e+00 0.000000000000000000e+00 0.000000000000000000e+00 4.362149999999999750e+00
7.267200000000000326e-01 8.695599999999999996e-01 0.000000000000000000e+00 7.870700000000000474e-01 -1.325800000000000034e-01 0.000000000000000000e+00 0.000000000000000000e+00 0.000000000000000000e+00 1.403000000000000025e+00
-1.325800000000000034e-01 -7.870700000000000474e-01 -0.000000000000000000e+00 -8.695599999999999996e-01 7.267200000000000326e-01 0.000000000000000000e+00 0.000000000000000000e+00 0.000000000000000000e+00 1.403000000000000025e+00
7.267200000000000326e-01 8.695599999999999996e-01 0.000000000000000000e+00 7.870700000000000474e-01 -1.325800000000000034e-01 0.000000000000000000e+00 0.000000000000000000e+00 0.000000000000000000e+00 1.403000000000000025e+00
-1.325800000000000034e-01 -7.870700000000000474e-01 -0.000000000000000000e+00 -8.695599999999999996e-01 7.267200000000000326e-01 0.000000000000000000e+00 0.000000000000000000e+00 0.000000000000000000e+00 1.403000000000000025e+00
-1.690639999999999921e+00 -1.556200000000000083e-01 1.498599999999999932e-01 -1.308300000000000018e-01 -1.847099999999999964e+00 -2.873299999999999743e-01 -3.453499999999999903e-01 -1.961299999999999988e-01 -2.166450000000000209e+00
-1.847099999999999964e+00 1.308300000000000018e-01 -2.873299999999999743e-01 1.556200000000000083e-01 -1.690639999999999921e+00 -1.498599999999999932e-01 -1.961299999999999988e-01 3.453499999999999903e-01 -2.166450000000000209e+00
-1.690639999999999921e+00 -1.556200000000000083e-01 1.498599999999999932e-01 -1.308300000000000018e-01 -1.847099999999999964e+00 -2.873299999999999743e-01 -3.453499999999999903e-01 -1.961299999999999988e-01 -2.166450000000000209e+00
-1.690639999999999921e+00 -1.556200000000000083e-01 -1.498599999999999932e-01 -1.308300000000000018e-01 -1.847099999999999964e+00 2.873299999999999743e-01 3.453499999999999903e-01 1.961299999999999988e-01 -2.166450000000000209e+00
-3.309810000000000141e+00 -1.247899999999999981e-01 0.000000000000000000e+00 1.247899999999999981e-01 -3.309810000000000141e+00 0.000000000000000000e+00 -0.000000000000000000e+00 -0.000000000000000000e+00 -2.864500000000000046e+00
-1.847099999999999964e+00 1.308300000000000018e-01 2.873299999999999743e-01 1.556200000000000083e-01 -1.690639999999999921e+00 1.498599999999999932e-01 1.961299999999999988e-01 -3.453499999999999903e-01 -2.166450000000000209e+00
-1.847099999999999964e+00 1.308300000000000018e-01 -2.873299999999999743e-01 1.556200000000000083e-01 -1.690639999999999921e+00 -1.498599999999999932e-01 -1.961299999999999988e-01 3.453499999999999903e-01 -2.166450000000000209e+00
-1.690639999999999921e+00 -1.556200000000000083e-01 -1.498599999999999932e-01 -1.308300000000000018e-01 -1.847099999999999964e+00 2.873299999999999743e-01 3.453499999999999903e-01 1.961299999999999988e-01 -2.166450000000000209e+00
-3.309810000000000141e+00 -1.247899999999999981e-01 0.000000000000000000e+00 1.247899999999999981e-01 -3.309810000000000141e+00 0.000000000000000000e+00 -0.000000000000000000e+00 0.000000000000000000e+00 -2.864500000000000046e+00
-1.847099999999999964e+00 1.308300000000000018e-01 2.873299999999999743e-01 1.556200000000000083e-01 -1.690639999999999921e+00 1.498599999999999932e-01 1.961299999999999988e-01 -3.453499999999999903e-01 -2.166450000000000209e+00
