-1.229268179516339321e-01
-7.030203417737886096e-02
-2.117162075319691666e-02
1.147172004873745710e+00
1.748349628220885021e+00
1.849640363899712980e+00
1.983569263525985615e+00
2.028834345648472759e+00
2.479016676255833662e+00
2.693404963703502908e+00
3.822304630540303005e+00
4.684850834148411636e+00
4.868412582362138252e+00
6.370095982312814265e+00
6.510420185088352518e+00
8.717199849125243816e+00
9.058802350975621920e+00
1.197397521548303523e+01
1.239756464188079121e+01
1.246776755271600834e+01
1.586989864442693055e+01
1.693191562376799197e+01
1.783298786027040705e+01
1.829339912270353352e+01
