5.993509999999999671e+00 -0.000000000000000000e+00 -0.000000000000000000e+00 -0.000000000000000000e+00 5.993509999999999671e+00 -0.000000000000000000e+00 0.000000000000000000e+00 0.000000000000000000e+00 5.420709999999999695e+00
1.646519999999999984e+00 -0.000000000000000000e+00 -0.000000000000000000e+00 -0.000000000000000000e+00 1.646519999999999984e+00 -0.000000000000000000e+00 0.000000000000000000e+00 0.000000000000000000e+00 2.007080000000000197e+00
4.283839999999999648e+00 -0.000000000000000000e+00 0.000000000000000000e+00 -0.000000000000000000e+00 4.283839999999999648e+00 -0.000000000000000000e+00 0.000000000000000000e+00 0.000000000000000000e+00 3.062230000000000008e+00
4.283839999999999648e+00 -0.000000000000000000e+00 0.000000000000000000e+00 -0.000000000000000000e+00 4.283839999999999648e+00 -0.000000000000000000e+00 0.000000000000000000e+00 0.000000000000000000e+00 3.062230000000000008e+00
-3.401040000000000063e+00 1.565900000000000070e+00 1.266110000000000069e+00 1.565900000000000070e+00 -1.592899999999999983e+00 -7.309900000000000286e-01 9.297299999999999454e-01 -5.367800000000000349e-01 -1.528299999999999992e+00
-6.888199999999999878e-01 0.000000000000000000e+00 -0.000000000000000000e+00 0.000000000000000000e+00 -4.305109999999999992e+00 1.461980000000000057e+00 -0.000000000000000000e+00 1.073560000000000070e+00 -1.528299999999999992e+00
-3.401040000000000063e+00 -1.565900000000000070e+00 -1.266110000000000069e+00 -1.565900000000000070e+00 -1.592899999999999983e+00 -7.309900000000000286e-01 -9.297299999999999454e-01 -5.367800000000000349e-01 -1.528299999999999992e+00
-3.401040000000000063e+00 -1.565900000000000070e+00 -1.266110000000000069e+00 -1.565900000000000070e+00 -1.592899999999999983e+00 -7.309900000000000286e-01 -9.297299999999999454e-01 -5.367800000000000349e-01 -1.528299999999999992e+00
-6.129499999999999948e-01 0.000000000000000000e+00 0.000000000000000000e+00 0.000000000000000000e+00 -6.129499999999999948e-01 -0.000000000000000000e+00 -0.000000000000000000e+00 0.000000000000000000e+00 -2.191219999999999946e+00
-6.129499999999999948e-01 0.000000000000000000e+00 0.000000000000000000e+00 0.000000000000000000e+00 -6.129499999999999948e-01 -0.000000000000000000e+00 -0.000000000000000000e+00 0.000000000000000000e+00 -2.191219999999999946e+00
-3.401040000000000063e+00 1.565900000000000070e+00 1.266110000000000069e+00 1.565900000000000070e+00 -1.592899999999999983e+00 -7.309900000000000286e-01 9.297299999999999454e-01 -5.367800000000000349e-01 -1.528299999999999992e+00
-6.888199999999999878e-01 0.000000000000000000e+00 -0.000000000000000000e+00 0.000000000000000000e+00 -4.305109999999999992e+00 1.461980000000000057e+00 -0.000000000000000000e+00 1.073560000000000070e+00 -1.528299999999999992e+00
