-5.595596652726141096e-02
-5.595596652726141096e-02
-5.595596652726141096e-02
1.247613814447403380e+00
1.247613814447403380e+00
1.247613814447403380e+00
2.429312233946060662e+00
2.429312233946060662e+00
2.429312233946060662e+00
2.798387031845309458e+00
2.798387031845309458e+00
2.798387031845309458e+00
2.960079949933785315e+00
2.960079949933785315e+00
4.038980972968305494e+00
4.038980972968305494e+00
4.038980972968305494e+00
4.875457732357034502e+00
4.875457732357034502e+00
5.574264301232943808e+00
5.574264301232943808e+00
5.574264301232943808e+00
6.797212869993112250e+00
6.797212869993112250e+00
6.797212869993112250e+00
7.743873410638890675e+00
7.743873410638890675e+00
7.743873410638890675e+00
8.641531999593590641e+00
8.756535365085897027e+00
8.756535365085897027e+00
8.756535365085897027e+00
9.094757819755290740e+00
9.094757819755290740e+00
9.094757819755290740e+00
9.680335164652099422e+00
9.680335164652099422e+00
1.152097257179271317e+01
1.184773839177756294e+01
1.184773839177756294e+01
1.184773839177756294e+01
1.216386932682195621e+01
1.285937335176174123e+01
1.285937335176174123e+01
1.285937335176174123e+01
1.326286179525369313e+01
1.326286179525369313e+01
1.326286179525369313e+01
1.476051557365121347e+01
1.492773726992808569e+01
1.492773726992808569e+01
1.618029656712138120e+01
1.618029656712138120e+01
1.618029656712138120e+01
1.675695736104857403e+01
1.675695736104857403e+01
1.675695736104857403e+01
1.686816637930750318e+01
1.686816637930750318e+01
1.686816637930750318e+01
1.801723222362413779e+01
1.801723222362413779e+01
1.801723222362413779e+01
2.359294123249579300e+01
2.359294123249579300e+01
2.359294123249579300e+01
