-1.107932215587653230e-01
-2.732470588108270107e-02
-2.732443725885436159e-02
1.390679846180709722e+00
1.503241768257322475e+00
1.857379105940402120e+00
1.857379106158080662e+00
2.020329009350516625e+00
2.020329011116342333e+00
2.263726977074541402e+00
2.263726977275560159e+00
2.904716095501330475e+00
2.904716096139766002e+00
2.956549991720217374e+00
3.271184540317327638e+00
3.271184542155306296e+00
3.347165461842197320e+00
3.347165462627617494e+00
3.424742128348460035e+00
3.492355868486354709e+00
4.306549597831313747e+00
4.306549598017608282e+00
4.327115335248884698e+00
4.327115336645626087e+00
4.395398243672921090e+00
4.607265918761981105e+00
4.607265919218521688e+00
5.527176845334662580e+00
5.591636770879539142e+00
5.591636771765287506e+00
6.064390370920275330e+00
6.083994629133218091e+00
6.083994630047614649e+00
6.366707038182710221e+00
7.140634178915915342e+00
7.276164978981733533e+00
7.276164979957338019e+00
7.362047394509265708e+00
7.574985910261986533e+00
7.574985910791872890e+00
7.929594506618109939e+00
8.741518215049516982e+00
9.058883176337495513e+00
9.058883177055207625e+00
9.358107009127321518e+00
9.358107009400136178e+00
1.094924556542378546e+01
1.120407862364975315e+01
1.146772142491669300e+01
1.146772142530604910e+01
1.219871221888605284e+01
1.219871221895245661e+01
1.244546627649049242e+01
1.244546627685910956e+01
1.267408421254988049e+01
1.287127625648633789e+01
1.287127625660227537e+01
1.328791168090482522e+01
1.355974225685191747e+01
1.437014369330558416e+01
1.484701061385205278e+01
1.487828017734415731e+01
1.611206581901812740e+01
1.611206581918485981e+01
1.620894669122945331e+01
1.620894669133996047e+01
2.156393633178993241e+01
2.283482037155567212e+01
2.283482037183462054e+01
2.300460911324241309e+01
2.300460911337387415e+01
2.354543905610471910e+01
2.354543905632532486e+01
2.355117494401552847e+01
2.355117494410793100e+01
2.423281433609385260e+01
2.428082447409385480e+01
2.652537469068359499e+01
2.693413293173873413e+01
2.693413293180671175e+01
2.697984821346991069e+01
2.697984821371819564e+01
2.891683242108616980e+01
2.928307659451342460e+01
