-9.163581977620582908e-02
-7.588395815314090409e-02
-7.588395815292399427e-02
1.297188806876418798e+00
1.479809062928076235e+00
1.479809062928184149e+00
1.559478901736722767e+00
1.844366262233432030e+00
1.924639252500059738e+00
1.924639252500091713e+00
1.969448352016131665e+00
2.152603038327215668e+00
2.223576407872841276e+00
2.223576407872883909e+00
3.225700043404885697e+00
3.417126012564099202e+00
3.417126012564101867e+00
3.527893484554855075e+00
3.603780659862104052e+00
3.804914282254455937e+00
4.262168833919863786e+00
4.262168833919880662e+00
5.866355851796899223e+00
6.129980079823675432e+00
6.129980079823686978e+00
6.658011409701321881e+00
6.658011409701332539e+00
7.069926003514929391e+00
7.174090650781738354e+00
7.174090650781741907e+00
7.353754179595883400e+00
8.332784505047504453e+00
8.811822673613757928e+00
9.313371337288167240e+00
9.391687061830893413e+00
9.775897751856112095e+00
9.775897751856115647e+00
1.022365456719815846e+01
1.041703731156811941e+01
1.042550914488896119e+01
1.042550914488897895e+01
1.279016872775530977e+01
1.444332260128244805e+01
1.444332260128245338e+01
1.700460925150597546e+01
2.192751660906739275e+01
2.608028655810650420e+01
2.608028655810652552e+01
2.674260520904808658e+01
2.791378412127762587e+01
2.844842530266533132e+01
2.844842530266533842e+01
2.865513366795354955e+01
2.873897518885505420e+01
2.901542984899315769e+01
2.901542984899317190e+01
2.977450711990144683e+01
