-4.586999843505553537e-02
-4.586994243189205372e-02
-4.206949654579685699e-02
8.664964062111399912e-01
8.664964082521933175e-01
1.036202024688011925e+00
1.036202027903593947e+00
1.359288292337785586e+00
1.425437013788233731e+00
1.425437013963801736e+00
1.722346126215070994e+00
2.180767666792827075e+00
2.180767668078726462e+00
2.211308776770439355e+00
2.306248809189252125e+00
2.321684186486801416e+00
3.326030442291935341e+00
3.824303404356744540e+00
3.824303404972767328e+00
4.663699698241897451e+00
4.663699698468900756e+00
7.123574488422338646e+00
7.123574488795627602e+00
8.100810465128803983e+00
9.239630535775891218e+00
9.239630536001261163e+00
9.300373573100220170e+00
9.300373573226567103e+00
9.704266128641830136e+00
9.704266129268251717e+00
9.885924013166784263e+00
1.405053230940471032e+01
2.308270400555514001e+01
2.462613479833906993e+01
2.462613479867777144e+01
2.472708710584079128e+01
2.472708710593174430e+01
2.605611019932788963e+01
2.671020667569775142e+01
