-2.404597643642712029e-02
-2.079348550638249540e-02
-8.834896052997229937e-03
1.880552796252027425e+00
2.192792242552221715e+00
2.214266953541529137e+00
2.445209996186577417e+00
2.698294896821058941e+00
2.989277965036453377e+00
3.050088860640945754e+00
3.319243466702325396e+00
3.460612748463565591e+00
3.692033052246181946e+00
3.959127419264041770e+00
3.966390984414286169e+00
4.447672636272568703e+00
4.724922221352374940e+00
4.724992755585858184e+00
4.759918910240742207e+00
6.137949097516836261e+00
6.411528411920409454e+00
6.643021857682873232e+00
7.007968582521316492e+00
7.405305541511997269e+00
8.030354160588943913e+00
8.032203851458774579e+00
8.149292578033859868e+00
8.196222451703329526e+00
8.597726977884965649e+00
9.185200918211995358e+00
9.366087683050599466e+00
9.659780698401867483e+00
1.074564614433721310e+01
1.131155521869802349e+01
1.232003926736753030e+01
1.272823077092733257e+01
1.360913965197084430e+01
1.402108032593634412e+01
1.463655444162846209e+01
1.568085607445923202e+01
1.609719467983419605e+01
1.652804842586289169e+01
2.062787541939263392e+01
2.117382705476938298e+01
2.234482046238854736e+01
2.356762576502423556e+01
2.449012774302420326e+01
2.529172225686007991e+01
