-1.397392008077500691e-01
-9.375374986165661839e-02
-9.375369618966350460e-02
1.878921372928730849e+00
1.883883828940166039e+00
2.247433577450314246e+00
2.247433577480387079e+00
3.223337392217819009e+00
3.223337393421093378e+00
3.351616962018557189e+00
3.351616964796686471e+00
4.094758040336182070e+00
4.094758041421092010e+00
4.278646651469592221e+00
4.319460660510915595e+00
4.319460661613398145e+00
5.349153608981679575e+00
5.440206424524338225e+00
5.481138679930525726e+00
5.481138679980690931e+00
6.053537434549798313e+00
6.053537435244820131e+00
6.441868511322478952e+00
6.441868511406688036e+00
6.598528061057317373e+00
6.598528061360618757e+00
7.058385778687988221e+00
7.195670382578307489e+00
7.461283585152130193e+00
7.503469128412274536e+00
8.114369843033147234e+00
8.114369843205940569e+00
8.960894062285861494e+00
9.091687899527958194e+00
9.091687899555633834e+00
9.406768036905686969e+00
1.108197604697221905e+01
1.108197604741623188e+01
1.116593575785791792e+01
1.116593575791696402e+01
1.131471359954801059e+01
1.131471360001788184e+01
1.142718458597465947e+01
1.142718458662652026e+01
1.143835841242512963e+01
1.237599028177492855e+01
1.286538952712695938e+01
1.286538952738048813e+01
1.358646400182381875e+01
1.358646400188183634e+01
1.459226991205705737e+01
1.459226991224716841e+01
1.468713208080918520e+01
1.520762754356677959e+01
1.541682684371027356e+01
1.541682684383713564e+01
1.597483265660721763e+01
1.611887409090204315e+01
1.615396808564975117e+01
1.667527176685148405e+01
1.834634232110711949e+01
1.850224329993880801e+01
2.185540134222498310e+01
2.185540134239069943e+01
2.200513165563431883e+01
2.200513165581004316e+01
2.701389379994565587e+01
2.701389380012927788e+01
2.785403185034621032e+01
2.785403185046640928e+01
2.796878965621882074e+01
2.796878965626338243e+01
2.845639818835336854e+01
2.846864678943175875e+01
2.864679513983582027e+01
2.907989935769741408e+01
2.907989935776695134e+01
2.988983057389992481e+01
3.011237556877610544e+01
3.011237556878465682e+01
3.018731170085470694e+01
3.018731170086817528e+01
3.060288658609615453e+01
3.275416874487014240e+01
