-3.165483021106301614e-02
-1.046951667644339772e-02
-1.046951667520015089e-02
8.035460577249931013e-01
8.035460577250244096e-01
1.318083715571529702e+00
1.368164471333013665e+00
1.616003170660184507e+00
1.616003170660185173e+00
1.661406464795551097e+00
1.765719881707493721e+00
2.024828499911746960e+00
2.079031267492923440e+00
2.128588094153836430e+00
2.167668458804882015e+00
2.167668458804887344e+00
2.174228224238739404e+00
2.174228224238769602e+00
2.225474763374005960e+00
2.447060011514851308e+00
2.672154786645509095e+00
3.416180250307765842e+00
3.730250796239333866e+00
3.730250796239340083e+00
4.236404006148504209e+00
6.686921287875255082e+00
6.686921287875260411e+00
8.386235578947701441e+00
1.467462437435870548e+01
1.503561693962111967e+01
1.512925473432090051e+01
1.512925473432090584e+01
1.595621630654497736e+01
1.599001995370635676e+01
1.599001995370636386e+01
1.634278270138325340e+01
