1.471500000000000030e+00 -0.000000000000000000e+00 0.000000000000000000e+00 -0.000000000000000000e+00 9.788200000000000234e-01 -0.000000000000000000e+00 0.000000000000000000e+00 -0.000000000000000000e+00 1.205149999999999944e+00
1.101990000000000025e+00 2.133400000000000019e-01 0.000000000000000000e+00 2.133400000000000019e-01 1.348330000000000028e+00 0.000000000000000000e+00 0.000000000000000000e+00 0.000000000000000000e+00 1.205149999999999944e+00
1.101990000000000025e+00 -2.133400000000000019e-01 -0.000000000000000000e+00 -2.133400000000000019e-01 1.348330000000000028e+00 0.000000000000000000e+00 0.000000000000000000e+00 0.000000000000000000e+00 1.205149999999999944e+00
7.845600000000000129e+00 -0.000000000000000000e+00 0.000000000000000000e+00 -0.000000000000000000e+00 6.626929999999999765e+00 0.000000000000000000e+00 0.000000000000000000e+00 0.000000000000000000e+00 9.063240000000000407e+00
6.931600000000000428e+00 5.276999999999999469e-01 0.000000000000000000e+00 5.276999999999999469e-01 7.540939999999999976e+00 0.000000000000000000e+00 0.000000000000000000e+00 0.000000000000000000e+00 9.063240000000000407e+00
6.931600000000000428e+00 -5.276999999999999469e-01 -0.000000000000000000e+00 -5.276999999999999469e-01 7.540939999999999976e+00 -0.000000000000000000e+00 0.000000000000000000e+00 0.000000000000000000e+00 9.063240000000000407e+00
4.224020000000000330e+00 4.919299999999999784e-01 0.000000000000000000e+00 -4.919299999999999784e-01 4.224020000000000330e+00 -0.000000000000000000e+00 0.000000000000000000e+00 -0.000000000000000000e+00 3.545400000000000218e-01
4.224020000000000330e+00 -4.919299999999999784e-01 0.000000000000000000e+00 4.919299999999999784e-01 4.224020000000000330e+00 -0.000000000000000000e+00 0.000000000000000000e+00 0.000000000000000000e+00 3.545400000000000218e-01
-1.771870000000000056e+00 -6.722799999999999887e-01 -0.000000000000000000e+00 -1.112859999999999960e+00 -4.787740000000000329e+00 0.000000000000000000e+00 0.000000000000000000e+00 0.000000000000000000e+00 -1.112060000000000048e+00
-3.260780000000000012e+00 -1.972490000000000077e+00 -0.000000000000000000e+00 -1.531910000000000105e+00 -3.298820000000000086e+00 0.000000000000000000e+00 0.000000000000000000e+00 0.000000000000000000e+00 -1.112060000000000048e+00
-4.806759999999999700e+00 6.393400000000000194e-01 0.000000000000000000e+00 1.079919999999999991e+00 -1.752850000000000019e+00 -0.000000000000000000e+00 0.000000000000000000e+00 0.000000000000000000e+00 -1.112060000000000048e+00
-1.771870000000000056e+00 6.722799999999999887e-01 0.000000000000000000e+00 1.112859999999999960e+00 -4.787740000000000329e+00 0.000000000000000000e+00 0.000000000000000000e+00 0.000000000000000000e+00 -1.112060000000000048e+00
-4.806759999999999700e+00 -6.393400000000000194e-01 0.000000000000000000e+00 -1.079919999999999991e+00 -1.752850000000000019e+00 -0.000000000000000000e+00 0.000000000000000000e+00 0.000000000000000000e+00 -1.112060000000000048e+00
-3.260780000000000012e+00 1.972490000000000077e+00 0.000000000000000000e+00 1.531910000000000105e+00 -3.298820000000000086e+00 0.000000000000000000e+00 0.000000000000000000e+00 0.000000000000000000e+00 -1.112060000000000048e+00
-1.419130000000000003e+00 0.000000000000000000e+00 -0.000000000000000000e+00 0.000000000000000000e+00 -1.294359999999999955e+00 0.000000000000000000e+00 0.000000000000000000e+00 0.000000000000000000e+00 -6.909270000000000245e+00
-1.325550000000000006e+00 -5.403000000000000164e-02 0.000000000000000000e+00 -5.403000000000000164e-02 -1.387939999999999952e+00 0.000000000000000000e+00 0.000000000000000000e+00 0.000000000000000000e+00 -6.909270000000000245e+00
-1.325550000000000006e+00 5.403000000000000164e-02 0.000000000000000000e+00 5.403000000000000164e-02 -1.387939999999999952e+00 0.000000000000000000e+00 0.000000000000000000e+00 0.000000000000000000e+00 -6.909270000000000245e+00
-1.474930000000000074e+00 0.000000000000000000e+00 0.000000000000000000e+00 0.000000000000000000e+00 -5.247250000000000192e+00 0.000000000000000000e+00 0.000000000000000000e+00 0.000000000000000000e+00 -1.371359999999999912e+00
-4.304170000000000051e+00 1.633459999999999912e+00 0.000000000000000000e+00 1.633459999999999912e+00 -2.418010000000000215e+00 0.000000000000000000e+00 0.000000000000000000e+00 0.000000000000000000e+00 -1.371359999999999912e+00
-4.304170000000000051e+00 -1.633459999999999912e+00 -0.000000000000000000e+00 -1.633459999999999912e+00 -2.418010000000000215e+00 0.000000000000000000e+00 0.000000000000000000e+00 0.000000000000000000e+00 -1.371359999999999912e+00
