8.405500000000000194e-01 0.000000000000000000e+00 -0.000000000000000000e+00 0.000000000000000000e+00 8.405500000000000194e-01 -0.000000000000000000e+00 -0.000000000000000000e+00 -0.000000000000000000e+00 1.253249999999999975e+00
8.405500000000000194e-01 0.000000000000000000e+00 -0.000000000000000000e+00 0.000000000000000000e+00 8.405500000000000194e-01 -0.000000000000000000e+00 -0.000000000000000000e+00 -0.000000000000000000e+00 1.253249999999999975e+00
2.572900000000000187e+00 5.936999999999999916e-02 -3.044399999999999884e-01 5.936999999999999916e-02 2.504350000000000076e+00 -1.757700000000000096e-01 -2.655000000000000138e-01 -1.532900000000000096e-01 2.433800000000000185e+00
2.470070000000000210e+00 0.000000000000000000e+00 -0.000000000000000000e+00 0.000000000000000000e+00 2.607169999999999987e+00 3.515300000000000091e-01 -0.000000000000000000e+00 3.065700000000000092e-01 2.433800000000000185e+00
2.470070000000000210e+00 0.000000000000000000e+00 -0.000000000000000000e+00 0.000000000000000000e+00 2.607169999999999987e+00 3.515300000000000091e-01 -0.000000000000000000e+00 3.065700000000000092e-01 2.433800000000000185e+00
2.572900000000000187e+00 5.936999999999999916e-02 -3.044399999999999884e-01 5.936999999999999916e-02 2.504350000000000076e+00 -1.757700000000000096e-01 -2.655000000000000138e-01 -1.532900000000000096e-01 2.433800000000000185e+00
2.572900000000000187e+00 -5.936999999999999916e-02 3.044399999999999884e-01 -5.936999999999999916e-02 2.504350000000000076e+00 -1.757700000000000096e-01 2.655000000000000138e-01 -1.532900000000000096e-01 2.433800000000000185e+00
2.572900000000000187e+00 -5.936999999999999916e-02 3.044399999999999884e-01 -5.936999999999999916e-02 2.504350000000000076e+00 -1.757700000000000096e-01 2.655000000000000138e-01 -1.532900000000000096e-01 2.433800000000000185e+00
4.409699999999999953e+00 -5.899999999999999689e-02 -0.000000000000000000e+00 5.899999999999999689e-02 4.409699999999999953e+00 -0.000000000000000000e+00 -0.000000000000000000e+00 -0.000000000000000000e+00 3.907680000000000042e+00
4.409699999999999953e+00 5.899999999999999689e-02 -0.000000000000000000e+00 -5.899999999999999689e-02 4.409699999999999953e+00 -0.000000000000000000e+00 -0.000000000000000000e+00 -0.000000000000000000e+00 3.907680000000000042e+00
-2.053519999999999790e+00 2.163700000000000068e-01 3.374199999999999977e-01 3.154000000000000137e-01 -2.235189999999999788e+00 -4.664099999999999913e-01 3.386000000000000121e-01 -4.815599999999999881e-01 -2.077059999999999906e+00
-2.420040000000000191e+00 -1.037899999999999934e-01 -5.726299999999999724e-01 -4.760000000000000342e-03 -1.868670000000000053e+00 -5.900999999999999995e-02 -5.863399999999999723e-01 -5.244999999999999662e-02 -2.077059999999999906e+00
-2.420040000000000191e+00 -1.037899999999999934e-01 -5.726299999999999724e-01 -4.760000000000000342e-03 -1.868670000000000053e+00 -5.900999999999999995e-02 -5.863399999999999723e-01 -5.244999999999999662e-02 -2.077059999999999906e+00
-1.959510000000000085e+00 2.611299999999999732e-01 -2.352100000000000024e-01 1.620999999999999941e-01 -2.329200000000000159e+00 5.254100000000000437e-01 -2.477399999999999880e-01 5.340099999999999847e-01 -2.077059999999999906e+00
-1.959510000000000085e+00 -2.611299999999999732e-01 2.352100000000000024e-01 -1.620999999999999941e-01 -2.329200000000000159e+00 5.254100000000000437e-01 2.477399999999999880e-01 5.340099999999999847e-01 -2.077059999999999906e+00
-2.053519999999999790e+00 2.163700000000000068e-01 3.374199999999999977e-01 3.154000000000000137e-01 -2.235189999999999788e+00 -4.664099999999999913e-01 3.386000000000000121e-01 -4.815599999999999881e-01 -2.077059999999999906e+00
-2.420040000000000191e+00 1.037899999999999934e-01 5.726299999999999724e-01 4.760000000000000342e-03 -1.868670000000000053e+00 -5.900999999999999995e-02 5.863399999999999723e-01 -5.244999999999999662e-02 -2.077059999999999906e+00
-2.053519999999999790e+00 -2.163700000000000068e-01 -3.374199999999999977e-01 -3.154000000000000137e-01 -2.235189999999999788e+00 -4.664099999999999913e-01 -3.386000000000000121e-01 -4.815599999999999881e-01 -2.077059999999999906e+00
-1.959510000000000085e+00 2.611299999999999732e-01 -2.352100000000000024e-01 1.620999999999999941e-01 -2.329200000000000159e+00 5.254100000000000437e-01 -2.477399999999999880e-01 5.340099999999999847e-01 -2.077059999999999906e+00
-1.959510000000000085e+00 -2.611299999999999732e-01 2.352100000000000024e-01 -1.620999999999999941e-01 -2.329200000000000159e+00 5.254100000000000437e-01 2.477399999999999880e-01 5.340099999999999847e-01 -2.077059999999999906e+00
-2.420040000000000191e+00 1.037899999999999934e-01 5.726299999999999724e-01 4.760000000000000342e-03 -1.868670000000000053e+00 -5.900999999999999995e-02 5.863399999999999723e-01 -5.244999999999999662e-02 -2.077059999999999906e+00
-2.053519999999999790e+00 -2.163700000000000068e-01 -3.374199999999999977e-01 -3.154000000000000137e-01 -2.235189999999999788e+00 -4.664099999999999913e-01 -3.386000000000000121e-01 -4.815599999999999881e-01 -2.077059999999999906e+00
