4.678889999999999993e+00 0.000000000000000000e+00 8.169699999999999740e-01 0.000000000000000000e+00 6.614169999999999661e+00 -0.000000000000000000e+00 4.124200000000000088e-01 -0.000000000000000000e+00 5.266610000000000014e+00
4.678889999999999993e+00 0.000000000000000000e+00 8.169699999999999740e-01 0.000000000000000000e+00 6.614169999999999661e+00 -0.000000000000000000e+00 4.124200000000000088e-01 -0.000000000000000000e+00 5.266610000000000014e+00
3.613179999999999836e+00 0.000000000000000000e+00 -4.181599999999999762e-01 0.000000000000000000e+00 2.871039999999999814e+00 0.000000000000000000e+00 1.484000000000000076e-02 -0.000000000000000000e+00 3.688149999999999817e+00
3.613179999999999836e+00 0.000000000000000000e+00 -4.181599999999999762e-01 0.000000000000000000e+00 2.871039999999999814e+00 0.000000000000000000e+00 1.484000000000000076e-02 -0.000000000000000000e+00 3.688149999999999817e+00
-1.562820000000000098e+00 -0.000000000000000000e+00 5.238999999999999907e-02 -0.000000000000000000e+00 -5.013939999999999841e+00 -0.000000000000000000e+00 -5.430999999999999717e-02 0.000000000000000000e+00 -1.027989999999999959e+00
-1.562820000000000098e+00 -0.000000000000000000e+00 5.238999999999999907e-02 -0.000000000000000000e+00 -5.013939999999999841e+00 -0.000000000000000000e+00 -5.430999999999999717e-02 0.000000000000000000e+00 -1.027989999999999959e+00
-3.286620000000000097e+00 -0.000000000000000000e+00 -7.762999999999999901e-01 -0.000000000000000000e+00 -1.060249999999999915e+00 0.000000000000000000e+00 -5.846500000000000030e-01 0.000000000000000000e+00 -2.254669999999999952e+00
-3.286620000000000097e+00 -0.000000000000000000e+00 -7.762999999999999901e-01 -0.000000000000000000e+00 -1.060249999999999915e+00 0.000000000000000000e+00 -5.846500000000000030e-01 0.000000000000000000e+00 -2.254669999999999952e+00
-1.005489999999999995e+00 -0.000000000000000000e+00 -1.461500000000000021e-01 -0.000000000000000000e+00 -1.109169999999999989e+00 0.000000000000000000e+00 3.141000000000000042e-02 0.000000000000000000e+00 -3.832190000000000207e+00
-1.005489999999999995e+00 -0.000000000000000000e+00 -1.461500000000000021e-01 -0.000000000000000000e+00 -1.109169999999999989e+00 0.000000000000000000e+00 3.141000000000000042e-02 0.000000000000000000e+00 -3.832190000000000207e+00
-2.437129999999999797e+00 -0.000000000000000000e+00 4.712500000000000022e-01 -0.000000000000000000e+00 -2.301849999999999952e+00 -0.000000000000000000e+00 1.802900000000000058e-01 -0.000000000000000000e+00 -1.839909999999999934e+00
-2.437129999999999797e+00 -0.000000000000000000e+00 4.712500000000000022e-01 -0.000000000000000000e+00 -2.301849999999999952e+00 -0.000000000000000000e+00 1.802900000000000058e-01 -0.000000000000000000e+00 -1.839909999999999934e+00
