-2.958333649706165400e-02
-2.958310800728320908e-02
-2.543359529170912889e-02
8.424392023313622690e-01
1.002717913421868667e+00
1.121539589979780871e+00
1.121539595641330322e+00
1.320754103942101132e+00
1.326699448590623387e+00
1.326699451260170859e+00
1.451178982390683103e+00
1.451178984518374460e+00
1.538903916338214550e+00
1.538903920115605617e+00
1.827303988896792575e+00
1.827303992185307591e+00
2.350625053569267209e+00
2.448125541054901433e+00
2.886092378454423457e+00
3.225682367415775076e+00
3.225682368454676041e+00
3.359413763453393376e+00
3.529100526176755626e+00
3.529100528485826782e+00
4.988174409079911165e+00
5.228143776321666714e+00
5.228143778027667388e+00
5.332092372057402052e+00
5.702365413837680030e+00
5.702365414981474423e+00
9.175437479101546501e+00
9.175437479833886911e+00
9.625706973219529061e+00
9.625706973655574927e+00
1.034237601190579880e+01
1.039952057478529746e+01
1.112255180545096600e+01
1.112255180554290845e+01
1.134410819762646305e+01
1.134410819773436963e+01
2.128606553842827509e+01
2.142351534147152847e+01
2.281713366789588093e+01
2.281713366804489596e+01
2.320604462605053087e+01
2.323864463704425987e+01
2.336674411373445182e+01
2.336674411376796812e+01
