2.658420000000000005e+00 2.426000000000000031e-02 0.000000000000000000e+00 -2.426000000000000031e-02 2.658420000000000005e+00 -0.000000000000000000e+00 0.000000000000000000e+00 -0.000000000000000000e+00 2.624789999999999957e+00
2.658420000000000005e+00 2.426000000000000031e-02 0.000000000000000000e+00 -2.426000000000000031e-02 2.658420000000000005e+00 -0.000000000000000000e+00 0.000000000000000000e+00 -0.000000000000000000e+00 2.624789999999999957e+00
1.109450000000000047e+00 6.239999999999999887e-03 0.000000000000000000e+00 -6.239999999999999887e-03 1.109450000000000047e+00 -0.000000000000000000e+00 0.000000000000000000e+00 -0.000000000000000000e+00 1.155380000000000074e+00
1.109450000000000047e+00 6.239999999999999887e-03 0.000000000000000000e+00 -6.239999999999999887e-03 1.109450000000000047e+00 -0.000000000000000000e+00 0.000000000000000000e+00 -0.000000000000000000e+00 1.155380000000000074e+00
4.129769999999999719e+00 3.301499999999999990e-01 0.000000000000000000e+00 -3.301499999999999990e-01 4.129769999999999719e+00 -0.000000000000000000e+00 0.000000000000000000e+00 -0.000000000000000000e+00 3.881130000000000191e+00
4.356580000000000119e+00 1.959999999999999937e-03 0.000000000000000000e+00 -1.959999999999999937e-03 4.356580000000000119e+00 -0.000000000000000000e+00 0.000000000000000000e+00 -0.000000000000000000e+00 3.631450000000000067e+00
3.248600000000000154e+00 -2.871400000000000063e-01 0.000000000000000000e+00 2.871400000000000063e-01 3.248600000000000154e+00 -0.000000000000000000e+00 0.000000000000000000e+00 -0.000000000000000000e+00 4.567999999999999838e-01
3.248600000000000154e+00 -2.871400000000000063e-01 0.000000000000000000e+00 2.871400000000000063e-01 3.248600000000000154e+00 -0.000000000000000000e+00 0.000000000000000000e+00 -0.000000000000000000e+00 4.567999999999999838e-01
3.031870000000000065e+00 -4.850000000000000144e-03 0.000000000000000000e+00 4.850000000000000144e-03 3.031870000000000065e+00 -0.000000000000000000e+00 0.000000000000000000e+00 -0.000000000000000000e+00 5.039400000000000546e-01
3.031870000000000065e+00 -4.850000000000000144e-03 0.000000000000000000e+00 4.850000000000000144e-03 3.031870000000000065e+00 -0.000000000000000000e+00 0.000000000000000000e+00 -0.000000000000000000e+00 5.039400000000000546e-01
-1.312349999999999905e+00 -5.013999999999999707e-02 -4.220999999999999752e-02 -1.148600000000000038e-01 -3.283700000000000063e+00 3.877399999999999736e-01 -5.301000000000000156e-02 2.537599999999999856e-01 -1.532019999999999937e+00
-2.719419999999999948e+00 9.272299999999999986e-01 3.568999999999999950e-01 8.625099999999999989e-01 -1.876630000000000020e+00 -1.573100000000000054e-01 2.462699999999999889e-01 -8.097000000000000031e-02 -1.532019999999999937e+00
-2.862309999999999910e+00 -7.800099999999999811e-01 -3.146800000000000153e-01 -8.447299999999999809e-01 -1.733740000000000059e+00 -2.304299999999999959e-01 -1.932599999999999874e-01 -1.727899999999999991e-01 -1.532019999999999937e+00
-1.312349999999999905e+00 -5.013999999999999707e-02 -4.220999999999999752e-02 -1.148600000000000038e-01 -3.283700000000000063e+00 3.877399999999999736e-01 -5.301000000000000156e-02 2.537599999999999856e-01 -1.532019999999999937e+00
-2.719419999999999948e+00 9.272299999999999986e-01 3.568999999999999950e-01 8.625099999999999989e-01 -1.876630000000000020e+00 -1.573100000000000054e-01 2.462699999999999889e-01 -8.097000000000000031e-02 -1.532019999999999937e+00
-2.862309999999999910e+00 -7.800099999999999811e-01 -3.146800000000000153e-01 -8.447299999999999809e-01 -1.733740000000000059e+00 -2.304299999999999959e-01 -1.932599999999999874e-01 -1.727899999999999991e-01 -1.532019999999999937e+00
-1.832260000000000000e+00 -1.660000000000000017e-03 2.779999999999999919e-03 -5.599999999999999509e-04 -3.099369999999999958e+00 5.675200000000000244e-01 -8.300000000000000086e-04 3.660599999999999965e-01 -1.300380000000000091e+00
-2.781629999999999825e+00 5.486799999999999455e-01 4.900999999999999801e-01 5.497699999999999809e-01 -2.149999999999999911e+00 -2.861699999999999799e-01 3.174299999999999899e-01 -1.823099999999999998e-01 -1.300380000000000091e+00
-2.783549999999999969e+00 -5.486600000000000366e-01 -4.928799999999999848e-01 -5.475700000000000012e-01 -2.148080000000000211e+00 -2.813499999999999890e-01 -3.165999999999999925e-01 -1.837399999999999867e-01 -1.300380000000000091e+00
-1.832260000000000000e+00 -1.660000000000000017e-03 2.779999999999999919e-03 -5.599999999999999509e-04 -3.099369999999999958e+00 5.675200000000000244e-01 -8.300000000000000086e-04 3.660599999999999965e-01 -1.300380000000000091e+00
-2.781629999999999825e+00 5.486799999999999455e-01 4.900999999999999801e-01 5.497699999999999809e-01 -2.149999999999999911e+00 -2.861699999999999799e-01 3.174299999999999899e-01 -1.823099999999999998e-01 -1.300380000000000091e+00
-2.783549999999999969e+00 -5.486600000000000366e-01 -4.928799999999999848e-01 -5.475700000000000012e-01 -2.148080000000000211e+00 -2.813499999999999890e-01 -3.165999999999999925e-01 -1.837399999999999867e-01 -1.300380000000000091e+00
