-6.220797158113682696e-02
-3.155376352794116157e-02
-2.733885925050413140e-02
7.995545463984276013e-01
8.326419833617753063e-01
9.525897605052777717e-01
1.052516357088463250e+00
1.058127280099120160e+00
1.111396168709767096e+00
1.237531245279932524e+00
1.252556702794048515e+00
1.290032684403350283e+00
1.524242638542846473e+00
1.672526259079974986e+00
1.750486735287962947e+00
1.786009312962911988e+00
1.847335383706567802e+00
1.906510002842658702e+00
2.130890353599809384e+00
2.660231801607482627e+00
2.854849058352344926e+00
3.014860052347768882e+00
3.311393494185023378e+00
3.909600619736202098e+00
5.700246060336210618e+00
6.094451728363559084e+00
6.118113871922411739e+00
6.211836957097996326e+00
6.332404397614988412e+00
6.618771715094115216e+00
7.104021271776401747e+00
7.215335778985295434e+00
7.737646638523408171e+00
8.234745994942816338e+00
8.437914738304522544e+00
8.475921412840261127e+00
8.583779967573077485e+00
8.731599269430693866e+00
1.012992264754192817e+01
1.082789847215195067e+01
1.181151572658167659e+01
1.189433616083464074e+01
