-2.580894286381359426e-01
-1.029386186616922660e-01
-4.481803628110830190e-02
3.225085081388146424e+00
3.591243158838492544e+00
3.767614603408266483e+00
4.262325694527814512e+00
4.401632286244364423e+00
4.477657054458215491e+00
4.786873403364941382e+00
4.810302042502588193e+00
4.895324578083434020e+00
5.052449540235448566e+00
5.314145264411622271e+00
5.330713918575679777e+00
5.639076558232214431e+00
5.820055501130680931e+00
6.008151521655197946e+00
6.158902590884497208e+00
6.254504683523579800e+00
6.255561326740864736e+00
6.550945351166364894e+00
6.629560117749621284e+00
6.889557519472904623e+00
7.167235716017758662e+00
7.242587742224786851e+00
7.386445825836754686e+00
7.593850427292246685e+00
7.695162952980331816e+00
7.722669699526892195e+00
7.784900936284640416e+00
7.918650525640924087e+00
8.022556883639049730e+00
8.172516293593375281e+00
8.365482222949442104e+00
8.516960342198801825e+00
9.561544168975865787e+00
1.015429874075202221e+01
1.019090117959773778e+01
1.037926647551141457e+01
1.039329383033077114e+01
1.059224276597959324e+01
1.083748619245711353e+01
1.107654238001724600e+01
1.147877044903832555e+01
1.150249830182720245e+01
2.099502536932464736e+01
2.118049927543119182e+01
2.135323075587078279e+01
2.209729059010233954e+01
2.224569223129064355e+01
2.252288329043527426e+01
2.287628761264540245e+01
2.395761406112316649e+01
