-5.343243566686294022e-02
-2.871038508571699399e-02
-1.085456979482193711e-02
2.029360941746684244e+00
2.205783296880557298e+00
2.429912782437459562e+00
2.509034675844193263e+00
2.879960743756150077e+00
3.068818127685737807e+00
3.069010858491225680e+00
3.177370596616291287e+00
3.390352299863399921e+00
3.507130007082031042e+00
3.624384753830118377e+00
3.644887587963357767e+00
3.873396030766017795e+00
3.897989055369663447e+00
4.021354262098852494e+00
4.097835358115381688e+00
4.173142184463727311e+00
4.276489129938245703e+00
4.305478688669665210e+00
4.433241336027344381e+00
4.745264513992438538e+00
4.768693947705624936e+00
4.952648543624095012e+00
5.000329666114811111e+00
5.038285122479841505e+00
5.225675079933741252e+00
5.561630793220299296e+00
5.579588889131588125e+00
5.590566563014553125e+00
5.773266493909568808e+00
6.043169980072968350e+00
6.088454333036911414e+00
6.089126876257238585e+00
6.129779704931815232e+00
6.228461280347312723e+00
6.315306110965328124e+00
6.526854670676621062e+00
6.722262842301692132e+00
6.870299596003886400e+00
6.887356115852863780e+00
7.001727792925415805e+00
7.270286166999961885e+00
7.442826428855001453e+00
7.587551805275499106e+00
7.604930960947246632e+00
1.020749368558386294e+01
1.036760076309762724e+01
1.050956596504040341e+01
1.069422031539175855e+01
1.091621997032976843e+01
1.132326606580007855e+01
1.139929114840846403e+01
1.176562490658323945e+01
1.402634737544921606e+01
1.403982239563439016e+01
1.432691707331248310e+01
1.432925147761189244e+01
1.447451536744958212e+01
1.447508737068938700e+01
1.472121793038406601e+01
1.472968797285185261e+01
1.490235870451864386e+01
1.498601645112148439e+01
1.529880819249954627e+01
1.560842036186923387e+01
2.437712492907731843e+01
2.438586453080555572e+01
2.442411450008833285e+01
2.458947039578699290e+01
2.516847883865805713e+01
2.546707658799346063e+01
2.559432323863985204e+01
2.609739242876466037e+01
2.644249056536366282e+01
2.648405883233837343e+01
2.662510324011764240e+01
2.756546136496601207e+01
2.785280039519333428e+01
2.789698239498386201e+01
2.825748304300646296e+01
2.839076259246602518e+01
