-1.252981280959494965e-02
-1.024110359917983215e-02
-1.024110359563816866e-02
4.169400618351160936e+00
6.858599437492117090e+00
6.858599437492119755e+00
7.628123821195006649e+00
8.974101043745697837e+00
9.297212269357988390e+00
9.297212269357991943e+00
9.353325839802081987e+00
9.353325839802085540e+00
9.521890115396008269e+00
1.305055110250730976e+01
1.305055110250731509e+01
1.346878043706044359e+01
1.412855775647399170e+01
1.456058283865192138e+01
1.456058283865192315e+01
1.561493637098129916e+01
1.624291675753415731e+01
1.671793001717764682e+01
1.671793001717765037e+01
2.017879783304777419e+01
2.017879783304777774e+01
2.018493312493851022e+01
2.161116140641469840e+01
2.358144532322871356e+01
2.459339992507575090e+01
2.459339992507576156e+01
2.644452041927302943e+01
2.644452041927304009e+01
2.810450488718433704e+01
2.811258490534666166e+01
2.880507156138104463e+01
2.903724692123921614e+01
