-9.349792337957872623e-03
-9.349643300675525640e-03
-7.538038309268026496e-03
5.198567227070059360e+00
5.198567227095248100e+00
6.631538546289194258e+00
7.384658033976724489e+00
7.384658034459447684e+00
8.263626618696029880e+00
8.263626619024472930e+00
9.181475857220261716e+00
1.042781540251302097e+01
1.042781540296080145e+01
1.065059834957241769e+01
1.149274261588882062e+01
1.187444517066648686e+01
1.187444517069140559e+01
1.467957185331096959e+01
1.821986839972700878e+01
1.821986840024142396e+01
1.840849666762165526e+01
1.840849666780820115e+01
1.992691175701664719e+01
2.129670358823045717e+01
2.731040436640019564e+01
2.736541395041200531e+01
3.562147832374187573e+01
3.562147832454883201e+01
3.631968925685973915e+01
3.631968925767925782e+01
