-1.238145342841461410e-01
-1.238145342841461410e-01
-2.603328617366620565e-02
9.581758450305455366e-01
9.581758450305455366e-01
1.010471602767737398e+00
1.010471602767737398e+00
3.096998333871040288e+00
4.063618326073451748e+00
4.063618326073451748e+00
4.518182743094838472e+00
4.973723836322237801e+00
4.973723836322237801e+00
6.435629782701923318e+00
6.435629782701923318e+00
6.628558018151458953e+00
7.453394434752531161e+00
7.453394434752531161e+00
7.935452948635004944e+00
7.935452948635004944e+00
8.460067286966458155e+00
9.316822789985865327e+00
9.772676455301279930e+00
1.353660182616006402e+01
1.420824901245751626e+01
1.420824901245751626e+01
1.789177073405536333e+01
1.789177073405536333e+01
1.789562365496101037e+01
2.431623358992917616e+01
