-1.972926167313954551e-02
-1.489315848528191891e-02
-1.489315848312848696e-02
2.037307837734109395e+00
2.037307837734116500e+00
2.072579897795320480e+00
2.388064610515291619e+00
2.441825115047868699e+00
2.842267112324599498e+00
2.842267112324609712e+00
3.164552260423328711e+00
3.164552260423348695e+00
3.314043163079337440e+00
3.314043163079371634e+00
5.372059441946771763e+00
6.024511735214529651e+00
6.024511735214551855e+00
6.268244860848598776e+00
7.160836516671789553e+00
8.460010340198321543e+00
8.460010340198341083e+00
9.153547319380768599e+00
9.233904527573901788e+00
1.021163621859125392e+01
1.033519314540960998e+01
1.033519314540962064e+01
1.085724995876427279e+01
1.136745595893914818e+01
2.259689311128258282e+01
2.259689311128258993e+01
2.267007227431358629e+01
2.269996885683595167e+01
2.269996885683595522e+01
2.315021730628841823e+01
2.576792218251166489e+01
2.582192267546118458e+01
