-5.798670988789638575e-02
-5.798670988780495195e-02
-5.798670988746985194e-02
8.368473766209816311e-01
8.368473766209998388e-01
8.368473766210134945e-01
2.828060152100636326e+00
2.828060152100636770e+00
2.828060152100642988e+00
2.851890394266361817e+00
2.851890394266368922e+00
2.851890394266375139e+00
6.755283999000327277e+00
6.755283999000334383e+00
6.755283999000345041e+00
8.217584851784607736e+00
8.217584851784607736e+00
8.217584851784611288e+00
9.309658593780971714e+00
9.309658593780977043e+00
9.309658593780978819e+00
9.678111812035634642e+00
9.678111812035636419e+00
9.678111812035638195e+00
1.771461942977534321e+01
1.771461942977535031e+01
1.771461942977535742e+01
2.034918776767527149e+01
2.034918776767527504e+01
2.230776347130446169e+01
