-2.295331497733918702e-01
-1.156280641185209457e-01
-1.127436443140633210e-01
1.608670623749067996e+00
1.768053025313289339e+00
1.858565537843802185e+00
2.121387678202899973e+00
2.786943161356908671e+00
3.007544363800398468e+00
3.212466606137076575e+00
4.078790397889627606e+00
5.663370609277626144e+00
6.540468566153334606e+00
7.607197955192031458e+00
9.776651345339367083e+00
1.019885101104552838e+01
1.338978164095280654e+01
1.500227374441012884e+01
1.760053526064676888e+01
1.772157191954842048e+01
1.806837695054943893e+01
1.837860316267414262e+01
1.850798790093281099e+01
1.991521230081962912e+01
