2.668099999999999916e+00 -0.000000000000000000e+00 4.708999999999999991e-02 0.000000000000000000e+00 2.421759999999999913e+00 0.000000000000000000e+00 -3.651000000000000079e-02 0.000000000000000000e+00 2.094199999999999839e+00
2.668099999999999916e+00 0.000000000000000000e+00 -4.708999999999999991e-02 0.000000000000000000e+00 2.421759999999999913e+00 0.000000000000000000e+00 3.651000000000000079e-02 0.000000000000000000e+00 2.094199999999999839e+00
2.668099999999999916e+00 -0.000000000000000000e+00 4.708999999999999991e-02 0.000000000000000000e+00 2.421759999999999913e+00 0.000000000000000000e+00 -3.651000000000000079e-02 -0.000000000000000000e+00 2.094199999999999839e+00
2.668099999999999916e+00 0.000000000000000000e+00 -4.708999999999999991e-02 0.000000000000000000e+00 2.421759999999999913e+00 0.000000000000000000e+00 3.651000000000000079e-02 -0.000000000000000000e+00 2.094199999999999839e+00
2.031419999999999781e+00 -3.733600000000000252e-01 -1.310600000000000098e-01 -3.775999999999999912e-01 2.421040000000000081e+00 3.063299999999999912e-01 -4.778000000000000302e-02 1.515900000000000025e-01 2.568599999999999994e+00
2.031419999999999781e+00 -3.733600000000000252e-01 1.310600000000000098e-01 -3.775999999999999912e-01 2.421040000000000081e+00 -3.063299999999999912e-01 4.778000000000000302e-02 -1.515900000000000025e-01 2.568599999999999994e+00
2.031419999999999781e+00 3.733600000000000252e-01 -1.310600000000000098e-01 3.775999999999999912e-01 2.421040000000000081e+00 -3.063299999999999912e-01 -4.778000000000000302e-02 -1.515900000000000025e-01 2.568599999999999994e+00
2.031419999999999781e+00 3.733600000000000252e-01 1.310600000000000098e-01 3.775999999999999912e-01 2.421040000000000081e+00 3.063299999999999912e-01 4.778000000000000302e-02 1.515900000000000025e-01 2.568599999999999994e+00
2.550429999999999975e+00 0.000000000000000000e+00 5.963000000000000245e-02 0.000000000000000000e+00 2.773210000000000175e+00 0.000000000000000000e+00 -1.140000000000000041e-02 -0.000000000000000000e+00 3.124260000000000037e+00
2.550429999999999975e+00 -0.000000000000000000e+00 -5.963000000000000245e-02 0.000000000000000000e+00 2.773210000000000175e+00 0.000000000000000000e+00 1.140000000000000041e-02 -0.000000000000000000e+00 3.124260000000000037e+00
2.550429999999999975e+00 0.000000000000000000e+00 5.963000000000000245e-02 0.000000000000000000e+00 2.773210000000000175e+00 0.000000000000000000e+00 -1.140000000000000041e-02 -0.000000000000000000e+00 3.124260000000000037e+00
2.550429999999999975e+00 -0.000000000000000000e+00 -5.963000000000000245e-02 0.000000000000000000e+00 2.773210000000000175e+00 0.000000000000000000e+00 1.140000000000000041e-02 -0.000000000000000000e+00 3.124260000000000037e+00
-1.721629999999999994e+00 -2.763800000000000145e-01 -1.010599999999999971e-01 -2.269799999999999873e-01 -2.167419999999999902e+00 -5.596999999999999892e-02 -3.284000000000000113e-02 -1.163999999999999931e-02 -1.692660000000000053e+00
-1.721629999999999994e+00 -2.763800000000000145e-01 1.010599999999999971e-01 -2.269799999999999873e-01 -2.167419999999999902e+00 5.596999999999999892e-02 3.284000000000000113e-02 1.163999999999999931e-02 -1.692660000000000053e+00
-1.721629999999999994e+00 2.763800000000000145e-01 -1.010599999999999971e-01 2.269799999999999873e-01 -2.167419999999999902e+00 5.596999999999999892e-02 -3.284000000000000113e-02 1.163999999999999931e-02 -1.692660000000000053e+00
-1.721629999999999994e+00 2.763800000000000145e-01 1.010599999999999971e-01 2.269799999999999873e-01 -2.167419999999999902e+00 -5.596999999999999892e-02 3.284000000000000113e-02 -1.163999999999999931e-02 -1.692660000000000053e+00
-1.721629999999999994e+00 -2.763800000000000145e-01 -1.010599999999999971e-01 -2.269799999999999873e-01 -2.167419999999999902e+00 -5.596999999999999892e-02 -3.284000000000000113e-02 -1.163999999999999931e-02 -1.692660000000000053e+00
-1.721629999999999994e+00 -2.763800000000000145e-01 1.010599999999999971e-01 -2.269799999999999873e-01 -2.167419999999999902e+00 5.596999999999999892e-02 3.284000000000000113e-02 1.163999999999999931e-02 -1.692660000000000053e+00
-1.721629999999999994e+00 2.763800000000000145e-01 -1.010599999999999971e-01 2.269799999999999873e-01 -2.167419999999999902e+00 5.596999999999999892e-02 -3.284000000000000113e-02 1.163999999999999931e-02 -1.692660000000000053e+00
-1.721629999999999994e+00 2.763800000000000145e-01 1.010599999999999971e-01 2.269799999999999873e-01 -2.167419999999999902e+00 -5.596999999999999892e-02 3.284000000000000113e-02 -1.163999999999999931e-02 -1.692660000000000053e+00
-2.278010000000000090e+00 0.000000000000000000e+00 7.406000000000000083e-02 0.000000000000000000e+00 -1.706490000000000062e+00 0.000000000000000000e+00 1.273999999999999959e-02 0.000000000000000000e+00 -1.819849999999999968e+00
-2.278010000000000090e+00 0.000000000000000000e+00 -7.406000000000000083e-02 0.000000000000000000e+00 -1.706490000000000062e+00 0.000000000000000000e+00 -1.273999999999999959e-02 0.000000000000000000e+00 -1.819849999999999968e+00
-2.278010000000000090e+00 0.000000000000000000e+00 7.406000000000000083e-02 0.000000000000000000e+00 -1.706490000000000062e+00 0.000000000000000000e+00 1.273999999999999959e-02 0.000000000000000000e+00 -1.819849999999999968e+00
-2.278010000000000090e+00 0.000000000000000000e+00 -7.406000000000000083e-02 0.000000000000000000e+00 -1.706490000000000062e+00 0.000000000000000000e+00 -1.273999999999999959e-02 0.000000000000000000e+00 -1.819849999999999968e+00
-1.528690000000000104e+00 -0.000000000000000000e+00 4.453000000000000014e-02 0.000000000000000000e+00 -1.574689999999999923e+00 0.000000000000000000e+00 8.200999999999999956e-02 -0.000000000000000000e+00 -2.581869999999999887e+00
-1.528690000000000104e+00 0.000000000000000000e+00 -4.453000000000000014e-02 0.000000000000000000e+00 -1.574689999999999923e+00 0.000000000000000000e+00 -8.200999999999999956e-02 0.000000000000000000e+00 -2.581869999999999887e+00
-1.528690000000000104e+00 -0.000000000000000000e+00 4.453000000000000014e-02 0.000000000000000000e+00 -1.574689999999999923e+00 0.000000000000000000e+00 8.200999999999999956e-02 0.000000000000000000e+00 -2.581869999999999887e+00
-1.528690000000000104e+00 0.000000000000000000e+00 -4.453000000000000014e-02 0.000000000000000000e+00 -1.574689999999999923e+00 0.000000000000000000e+00 -8.200999999999999956e-02 -0.000000000000000000e+00 -2.581869999999999887e+00
