-5.895309625827612615e-02
-4.548706482492145126e-02
-2.804875519757006261e-02
1.917340867005414839e+00
2.136704310065889789e+00
2.166696823658133209e+00
2.484479002307780071e+00
2.698092560060715517e+00
2.793259319929751960e+00
2.797742243000957973e+00
3.086862961533291205e+00
3.191254497166021498e+00
3.193117523238736322e+00
3.468630345058882902e+00
3.575881044916590756e+00
3.645950616258401666e+00
3.903508402303842217e+00
3.925103649206850953e+00
4.096785425904884370e+00
4.294338107875863564e+00
4.446581142477114668e+00
4.610347570223300551e+00
4.788516916989904892e+00
5.053148619518585960e+00
5.594346855814192665e+00
5.933953917560709890e+00
6.250974615619821151e+00
6.379273751372729784e+00
6.865785907328173288e+00
7.422366621720723145e+00
7.458595416001582379e+00
7.502908901967228594e+00
8.303086324148800657e+00
8.446035369275854521e+00
9.360431918884922098e+00
9.452251608219871315e+00
9.489940298932742380e+00
9.815335321581319050e+00
1.053976394222398305e+01
1.121346542141645308e+01
1.124903323964149671e+01
1.156266175932036866e+01
1.156408403090790138e+01
1.219033366708560528e+01
1.305918469838331930e+01
1.336664842066591952e+01
1.391050206682880130e+01
1.409439117183765688e+01
1.491430172265586762e+01
1.612966270259566315e+01
1.617664232461274310e+01
1.660362106994213960e+01
1.718191572297442704e+01
1.834075887108533820e+01
