9.401000000000000467e-01 0.000000000000000000e+00 0.000000000000000000e+00 0.000000000000000000e+00 9.298100000000000254e-01 0.000000000000000000e+00 0.000000000000000000e+00 0.000000000000000000e+00 9.047300000000000342e-01
9.401000000000000467e-01 0.000000000000000000e+00 0.000000000000000000e+00 0.000000000000000000e+00 9.298100000000000254e-01 0.000000000000000000e+00 0.000000000000000000e+00 -0.000000000000000000e+00 9.047300000000000342e-01
9.421300000000000230e-01 -4.947000000000000008e-02 2.020000000000000094e-03 -4.947000000000000008e-02 9.421300000000000230e-01 2.020000000000000094e-03 6.715999999999999748e-02 6.715999999999999748e-02 9.582199999999999607e-01
9.421300000000000230e-01 4.947000000000000008e-02 2.020000000000000094e-03 4.947000000000000008e-02 9.421300000000000230e-01 -2.020000000000000094e-03 6.715999999999999748e-02 -6.715999999999999748e-02 9.582199999999999607e-01
9.421300000000000230e-01 4.947000000000000008e-02 -2.020000000000000094e-03 4.947000000000000008e-02 9.421300000000000230e-01 2.020000000000000094e-03 -6.715999999999999748e-02 6.715999999999999748e-02 9.582199999999999607e-01
9.421300000000000230e-01 -4.947000000000000008e-02 -2.020000000000000094e-03 -4.947000000000000008e-02 9.421300000000000230e-01 -2.020000000000000094e-03 -6.715999999999999748e-02 -6.715999999999999748e-02 9.582199999999999607e-01
9.421300000000000230e-01 -4.947000000000000008e-02 2.020000000000000094e-03 -4.947000000000000008e-02 9.421300000000000230e-01 2.020000000000000094e-03 6.715999999999999748e-02 6.715999999999999748e-02 9.582199999999999607e-01
9.421300000000000230e-01 4.947000000000000008e-02 2.020000000000000094e-03 4.947000000000000008e-02 9.421300000000000230e-01 -2.020000000000000094e-03 6.715999999999999748e-02 -6.715999999999999748e-02 9.582199999999999607e-01
9.421300000000000230e-01 4.947000000000000008e-02 -2.020000000000000094e-03 4.947000000000000008e-02 9.421300000000000230e-01 2.020000000000000094e-03 -6.715999999999999748e-02 6.715999999999999748e-02 9.582199999999999607e-01
9.298100000000000254e-01 0.000000000000000000e+00 0.000000000000000000e+00 0.000000000000000000e+00 9.401000000000000467e-01 0.000000000000000000e+00 0.000000000000000000e+00 0.000000000000000000e+00 9.047300000000000342e-01
9.298100000000000254e-01 0.000000000000000000e+00 0.000000000000000000e+00 0.000000000000000000e+00 9.401000000000000467e-01 0.000000000000000000e+00 0.000000000000000000e+00 -0.000000000000000000e+00 9.047300000000000342e-01
9.421300000000000230e-01 -4.947000000000000008e-02 -2.020000000000000094e-03 -4.947000000000000008e-02 9.421300000000000230e-01 -2.020000000000000094e-03 -6.715999999999999748e-02 -6.715999999999999748e-02 9.582199999999999607e-01
1.841669999999999918e+00 0.000000000000000000e+00 0.000000000000000000e+00 0.000000000000000000e+00 1.841669999999999918e+00 0.000000000000000000e+00 0.000000000000000000e+00 0.000000000000000000e+00 1.518429999999999946e+00
1.841669999999999918e+00 0.000000000000000000e+00 0.000000000000000000e+00 0.000000000000000000e+00 1.841669999999999918e+00 0.000000000000000000e+00 0.000000000000000000e+00 0.000000000000000000e+00 1.518429999999999946e+00
-2.021230000000000082e+00 -0.000000000000000000e+00 -2.454900000000000138e-01 0.000000000000000000e+00 -1.718820000000000014e+00 0.000000000000000000e+00 -1.926700000000000079e-01 -0.000000000000000000e+00 -1.790200000000000014e+00
-1.718820000000000014e+00 0.000000000000000000e+00 0.000000000000000000e+00 0.000000000000000000e+00 -2.021230000000000082e+00 -2.454900000000000138e-01 0.000000000000000000e+00 -1.926700000000000079e-01 -1.790200000000000014e+00
-2.021230000000000082e+00 -0.000000000000000000e+00 2.454900000000000138e-01 0.000000000000000000e+00 -1.718820000000000014e+00 -0.000000000000000000e+00 1.926700000000000079e-01 0.000000000000000000e+00 -1.790200000000000014e+00
-1.718820000000000014e+00 0.000000000000000000e+00 0.000000000000000000e+00 0.000000000000000000e+00 -2.021230000000000082e+00 -2.454900000000000138e-01 0.000000000000000000e+00 -1.926700000000000079e-01 -1.790200000000000014e+00
-1.718820000000000014e+00 0.000000000000000000e+00 0.000000000000000000e+00 0.000000000000000000e+00 -2.021230000000000082e+00 2.454900000000000138e-01 0.000000000000000000e+00 1.926700000000000079e-01 -1.790200000000000014e+00
-1.718820000000000014e+00 0.000000000000000000e+00 0.000000000000000000e+00 0.000000000000000000e+00 -2.021230000000000082e+00 2.454900000000000138e-01 0.000000000000000000e+00 1.926700000000000079e-01 -1.790200000000000014e+00
-2.021230000000000082e+00 -0.000000000000000000e+00 2.454900000000000138e-01 -0.000000000000000000e+00 -1.718820000000000014e+00 -0.000000000000000000e+00 1.926700000000000079e-01 -0.000000000000000000e+00 -1.790200000000000014e+00
-2.021230000000000082e+00 0.000000000000000000e+00 -2.454900000000000138e-01 -0.000000000000000000e+00 -1.718820000000000014e+00 0.000000000000000000e+00 -1.926700000000000079e-01 -0.000000000000000000e+00 -1.790200000000000014e+00
