-6.382452482993360154e-02
-6.239957575923896216e-02
-6.239957575883027519e-02
1.443120423245589645e+00
1.443120423245603190e+00
2.220719469394539569e+00
3.404014643831123621e+00
3.404014643831131615e+00
3.619702055585770406e+00
3.774215170707829525e+00
3.774215170707832190e+00
3.911597128995658590e+00
3.911597128995660366e+00
3.966475649742463805e+00
4.070946499279985531e+00
4.820939045866464490e+00
4.820939045866467154e+00
5.422526315750958226e+00
5.983893904499822725e+00
6.515088066410999801e+00
7.493885693491590949e+00
7.493885693491597166e+00
1.473069732358223405e+01
1.473069732358224115e+01
1.562127582880778220e+01
1.573583699714589734e+01
1.730272816217711807e+01
1.730272816217711807e+01
1.751712776944947336e+01
1.804295729180248387e+01
