-5.076052117541741959e-02
-4.151475593087354532e-02
-3.823009508227778741e-02
9.889842486106641406e-01
1.099860945756326203e+00
1.152104161957589801e+00
1.254703813654840294e+00
1.256029613504395126e+00
1.417892820349972771e+00
1.461098788583441443e+00
1.478144559912865974e+00
1.650600151460068110e+00
1.674682620677721223e+00
1.722866097524703211e+00
1.777907657894526317e+00
1.829645124060947481e+00
1.902583611828925658e+00
1.946727844358322246e+00
2.072401532039580552e+00
2.111717556871656853e+00
2.199270692752485878e+00
2.325445282091152421e+00
2.466643770389230994e+00
2.497044831395704101e+00
2.668021873973299929e+00
2.707077034367511459e+00
2.756037955108746385e+00
2.949863517181769534e+00
2.964531436837869016e+00
3.172197818547891401e+00
3.301234405491376478e+00
3.337036095099961575e+00
3.608018625229088450e+00
3.614692850021976600e+00
3.675857750240071553e+00
4.029085020199995704e+00
4.099130419979339912e+00
4.146357907851178304e+00
4.183567365299619034e+00
4.266190560675882537e+00
4.340701740502335149e+00
4.717549247225724329e+00
5.141531201889180558e+00
5.186219268407382010e+00
5.283710514401787073e+00
5.449872191161917456e+00
6.450244615516530722e+00
6.673210599104452356e+00
6.789720458163207795e+00
7.171849817167116115e+00
7.188906126803993324e+00
7.298641716100331855e+00
7.343150958546337925e+00
7.583915070726992447e+00
7.779788538257322195e+00
7.858273900800353040e+00
7.900232610499516639e+00
7.948132818467492200e+00
7.980914866104011018e+00
8.068581647352898401e+00
8.282128138347051305e+00
8.405484774836011752e+00
8.419013154758697937e+00
8.556436881085490498e+00
8.721565054507133041e+00
8.728249457938286326e+00
8.902884453928400887e+00
8.970734752516094090e+00
9.058940727259450654e+00
9.186217469666173585e+00
9.243002217894357386e+00
9.364154217012874426e+00
9.585984070506272658e+00
9.629968182709639279e+00
9.769314622838185969e+00
1.003814539643653525e+01
1.031430816875276335e+01
1.042210780024846883e+01
1.047112100016039271e+01
1.063858035641974276e+01
1.072024178831802388e+01
1.078280960603496830e+01
1.093038809923966070e+01
1.112830683437512036e+01
1.118187470865239064e+01
1.133403348327505178e+01
1.142027701065083711e+01
1.179551402016885397e+01
1.181060404890452631e+01
1.221159997707098199e+01
1.233264659349322301e+01
1.301260669504769218e+01
1.316816259012623291e+01
1.326588888842357328e+01
1.362284753640001611e+01
1.379357774473323595e+01
1.508859420224428938e+01
1.516222206670249228e+01
1.530650606768246114e+01
1.546898623051943922e+01
1.638460957728318945e+01
1.692316022496980210e+01
1.740721361964630987e+01
1.873817226946107439e+01
1.873886818887416084e+01
1.887793399713008924e+01
1.888434224430387687e+01
1.911384294170065701e+01
1.925616314326402900e+01
1.971994320478636809e+01
2.060324615200235954e+01
2.087654894852116172e+01
2.119546031583178447e+01
2.150489090881420751e+01
2.195939092962279915e+01
2.274471448490835712e+01
2.521336193370491330e+01
2.545526283502097442e+01
2.545653379782880066e+01
2.560173242184989206e+01
