1.207640000000000047e+00 0.000000000000000000e+00 0.000000000000000000e+00 0.000000000000000000e+00 1.229249999999999954e+00 0.000000000000000000e+00 0.000000000000000000e+00 0.000000000000000000e+00 8.876699999999999591e-01
1.207640000000000047e+00 0.000000000000000000e+00 0.000000000000000000e+00 0.000000000000000000e+00 1.229249999999999954e+00 0.000000000000000000e+00 0.000000000000000000e+00 0.000000000000000000e+00 8.876699999999999591e-01
4.735500000000000265e-01 -1.938300000000000023e-01 1.486599999999999866e-01 7.620999999999999996e-02 6.949199999999999822e-01 -7.461299999999999599e-01 -1.131199999999999983e-01 -9.543000000000000371e-01 1.220750000000000002e+00
4.735500000000000265e-01 1.938300000000000023e-01 -1.486599999999999866e-01 -7.620999999999999996e-02 6.949199999999999822e-01 -7.461299999999999599e-01 1.131199999999999983e-01 -9.543000000000000371e-01 1.220750000000000002e+00
4.735500000000000265e-01 -1.938300000000000023e-01 -1.486599999999999866e-01 7.620999999999999996e-02 6.949199999999999822e-01 7.461299999999999599e-01 1.131199999999999983e-01 9.543000000000000371e-01 1.220750000000000002e+00
1.158349999999999991e+00 5.086500000000000465e-01 0.000000000000000000e+00 9.924300000000000344e-01 1.025130000000000097e+00 0.000000000000000000e+00 0.000000000000000000e+00 0.000000000000000000e+00 4.834899999999999753e-01
1.158349999999999991e+00 -5.086500000000000465e-01 0.000000000000000000e+00 -9.924300000000000344e-01 1.025130000000000097e+00 0.000000000000000000e+00 0.000000000000000000e+00 0.000000000000000000e+00 4.834899999999999753e-01
4.735500000000000265e-01 1.938300000000000023e-01 1.486599999999999866e-01 -7.620999999999999996e-02 6.949199999999999822e-01 7.461299999999999599e-01 -1.131199999999999983e-01 9.543000000000000371e-01 1.220750000000000002e+00
-1.656539999999999901e+00 -4.313500000000000112e-01 -0.000000000000000000e+00 -2.908700000000000174e-01 -1.822109999999999896e+00 -0.000000000000000000e+00 -0.000000000000000000e+00 -0.000000000000000000e+00 -1.906330000000000080e+00
-1.656539999999999901e+00 4.313500000000000112e-01 -0.000000000000000000e+00 2.908700000000000174e-01 -1.822109999999999896e+00 -0.000000000000000000e+00 -0.000000000000000000e+00 -0.000000000000000000e+00 -1.906330000000000080e+00
-1.656539999999999901e+00 4.313500000000000112e-01 -0.000000000000000000e+00 2.908700000000000174e-01 -1.822109999999999896e+00 -0.000000000000000000e+00 -0.000000000000000000e+00 -0.000000000000000000e+00 -1.906330000000000080e+00
-1.656539999999999901e+00 -4.313500000000000112e-01 -0.000000000000000000e+00 -2.908700000000000174e-01 -1.822109999999999896e+00 -0.000000000000000000e+00 -0.000000000000000000e+00 -0.000000000000000000e+00 -1.906330000000000080e+00
