-4.019556944983920799e-02
-2.796775879768355691e-02
-1.977422188378447770e-02
1.646666844673378316e+00
1.901622186924911695e+00
2.000018233934892642e+00
2.048912837182324864e+00
2.595538436919093250e+00
2.921386431955863117e+00
3.151237038169329097e+00
3.243806692501232991e+00
3.320138156076298142e+00
3.331217487704586144e+00
3.363936757708173797e+00
3.688078785541238691e+00
3.767620166340133192e+00
3.999792724077981365e+00
4.003241199233466219e+00
4.288733464710456467e+00
4.577226396168340372e+00
4.927493174788742714e+00
5.118228478721566610e+00
5.127613195087561415e+00
5.301090371740391660e+00
5.412377846786512237e+00
6.422598772719493532e+00
7.410617709630881400e+00
7.511914969366589645e+00
7.896075991168642005e+00
8.090484408842129938e+00
8.244644962385729414e+00
8.558343245202440386e+00
9.206787888813812160e+00
9.498126697502295102e+00
9.498269227767714540e+00
9.566919010748929253e+00
9.760487851848248297e+00
1.006079548181000405e+01
1.038237682081527247e+01
1.070273183280472473e+01
1.073140545387035516e+01
1.130432509039683175e+01
1.228230476942450800e+01
1.311615451486994921e+01
1.329863920374748609e+01
1.334908456817394473e+01
1.430993305520983583e+01
1.443102012982805071e+01
1.710313441447315341e+01
1.763198203162090039e+01
1.770925823931336396e+01
1.814771599437546001e+01
1.852256069716492703e+01
1.852323889098091669e+01
1.856295001658621757e+01
1.916254225163888592e+01
1.923355359425203659e+01
1.961150874464591354e+01
1.963364859425440301e+01
1.995263431993646819e+01
