-1.284577332428528569e-02
-1.284548137731252385e-02
-1.085133013748870029e-02
6.739355946519800966e+00
8.090842979481873698e+00
8.090842979758571474e+00
8.228550014883357022e+00
8.228550015203829560e+00
8.945897901730063495e+00
8.977221271166801131e+00
9.553322169430151334e+00
9.553322169765225524e+00
9.644975215458108764e+00
9.644975215915076561e+00
1.066437235912010983e+01
1.066437235952002460e+01
1.140513814535700909e+01
1.197871498240779076e+01
1.321573689342570823e+01
1.321573689374022109e+01
1.427393779909749938e+01
1.427393779930717876e+01
1.485679199569561426e+01
1.566228490231514492e+01
1.687441000089463472e+01
1.687441000107452638e+01
1.991831600412718117e+01
1.991831600446557360e+01
2.133213040841811647e+01
2.136950861977535254e+01
