-2.441025329987385820e-02
-1.879651579881986417e-02
-1.879639603776121076e-02
4.105857733910974083e+00
5.587213176994509034e+00
5.616249564323521071e+00
5.616249564853358578e+00
6.750092147202310322e+00
6.750092147634631168e+00
8.427150004140463224e+00
8.872293869959365864e+00
8.872293870227919044e+00
9.420978461245782754e+00
9.420978461258554759e+00
9.654379101443291589e+00
1.529673740932117454e+01
1.529673740947077221e+01
1.555503287207093877e+01
1.555503287220014386e+01
1.638370661467396516e+01
1.638370661478528234e+01
1.707686890991651651e+01
1.739419933272921881e+01
1.926128265880759471e+01
1.931921092749008295e+01
1.940409156844834015e+01
1.940409156861583284e+01
