1.337709999999999955e+00 0.000000000000000000e+00 0.000000000000000000e+00 0.000000000000000000e+00 1.275460000000000038e+00 3.717999999999999777e-02 -0.000000000000000000e+00 -3.695999999999999980e-02 1.541469999999999896e+00
1.337709999999999955e+00 0.000000000000000000e+00 -0.000000000000000000e+00 0.000000000000000000e+00 1.275460000000000038e+00 -3.717999999999999777e-02 0.000000000000000000e+00 3.695999999999999980e-02 1.541469999999999896e+00
1.512629999999999919e+00 0.000000000000000000e+00 0.000000000000000000e+00 0.000000000000000000e+00 1.393969999999999931e+00 1.060099999999999931e-01 0.000000000000000000e+00 2.238000000000000059e-02 1.322759999999999936e+00
1.512629999999999919e+00 0.000000000000000000e+00 -0.000000000000000000e+00 0.000000000000000000e+00 1.393969999999999931e+00 -1.060099999999999931e-01 -0.000000000000000000e+00 -2.238000000000000059e-02 1.322759999999999936e+00
1.281330000000000080e+00 0.000000000000000000e+00 -0.000000000000000000e+00 0.000000000000000000e+00 7.260299999999999532e-01 -1.647200000000000053e-01 -0.000000000000000000e+00 -2.975099999999999967e-01 1.274729999999999919e+00
1.281330000000000080e+00 0.000000000000000000e+00 0.000000000000000000e+00 0.000000000000000000e+00 7.260299999999999532e-01 1.647200000000000053e-01 0.000000000000000000e+00 2.975099999999999967e-01 1.274729999999999919e+00
2.834369999999999834e+00 0.000000000000000000e+00 -0.000000000000000000e+00 0.000000000000000000e+00 2.692559999999999842e+00 -1.627999999999999933e-02 0.000000000000000000e+00 1.232000000000000040e-01 2.852619999999999933e+00
2.834369999999999834e+00 0.000000000000000000e+00 0.000000000000000000e+00 0.000000000000000000e+00 2.692559999999999842e+00 1.627999999999999933e-02 -0.000000000000000000e+00 -1.232000000000000040e-01 2.852619999999999933e+00
-2.417879999999999807e+00 -3.949799999999999978e-01 7.745400000000000063e-01 -3.509999999999999787e-01 -1.012240000000000029e+00 1.707700000000000051e-01 7.952599999999999669e-01 2.122600000000000042e-01 -1.634079999999999977e+00
-2.417879999999999807e+00 -3.949799999999999978e-01 -7.745400000000000063e-01 -3.509999999999999787e-01 -1.012240000000000029e+00 -1.707700000000000051e-01 -7.952599999999999669e-01 -2.122600000000000042e-01 -1.634079999999999977e+00
-1.042300000000000004e+00 -0.000000000000000000e+00 -0.000000000000000000e+00 -0.000000000000000000e+00 -1.337110000000000021e+00 -7.375500000000000389e-01 -0.000000000000000000e+00 -5.564700000000000202e-01 -2.552849999999999842e+00
-1.042300000000000004e+00 -0.000000000000000000e+00 0.000000000000000000e+00 -0.000000000000000000e+00 -1.337110000000000021e+00 7.375500000000000389e-01 0.000000000000000000e+00 5.564700000000000202e-01 -2.552849999999999842e+00
-2.417879999999999807e+00 3.949799999999999978e-01 -7.745400000000000063e-01 3.509999999999999787e-01 -1.012240000000000029e+00 1.707700000000000051e-01 -7.952599999999999669e-01 2.122600000000000042e-01 -1.634079999999999977e+00
-2.417879999999999807e+00 3.949799999999999978e-01 7.745400000000000063e-01 3.509999999999999787e-01 -1.012240000000000029e+00 -1.707700000000000051e-01 7.952599999999999669e-01 -2.122600000000000042e-01 -1.634079999999999977e+00
-1.087979999999999947e+00 -0.000000000000000000e+00 -0.000000000000000000e+00 -0.000000000000000000e+00 -2.726430000000000131e+00 -3.755000000000000004e-01 -0.000000000000000000e+00 -3.581300000000000039e-01 -1.170579999999999954e+00
-1.087979999999999947e+00 -0.000000000000000000e+00 0.000000000000000000e+00 -0.000000000000000000e+00 -2.726430000000000131e+00 3.755000000000000004e-01 0.000000000000000000e+00 3.581300000000000039e-01 -1.170579999999999954e+00
