2.331119999999999859e+00 2.737399999999999833e-01 0.000000000000000000e+00 2.737399999999999833e-01 2.331119999999999859e+00 0.000000000000000000e+00 0.000000000000000000e+00 0.000000000000000000e+00 2.579330000000000123e+00
2.331119999999999859e+00 -2.737399999999999833e-01 0.000000000000000000e+00 -2.737399999999999833e-01 2.331119999999999859e+00 0.000000000000000000e+00 0.000000000000000000e+00 0.000000000000000000e+00 2.579330000000000123e+00
4.782060000000000421e+00 -6.030200000000000005e-01 0.000000000000000000e+00 -6.030200000000000005e-01 4.782060000000000421e+00 0.000000000000000000e+00 -0.000000000000000000e+00 -0.000000000000000000e+00 5.134159999999999613e+00
4.782060000000000421e+00 6.030200000000000005e-01 0.000000000000000000e+00 6.030200000000000005e-01 4.782060000000000421e+00 0.000000000000000000e+00 0.000000000000000000e+00 -0.000000000000000000e+00 5.134159999999999613e+00
4.782060000000000421e+00 -6.030200000000000005e-01 0.000000000000000000e+00 -6.030200000000000005e-01 4.782060000000000421e+00 0.000000000000000000e+00 -0.000000000000000000e+00 -0.000000000000000000e+00 5.134159999999999613e+00
4.782060000000000421e+00 6.030200000000000005e-01 0.000000000000000000e+00 6.030200000000000005e-01 4.782060000000000421e+00 0.000000000000000000e+00 0.000000000000000000e+00 -0.000000000000000000e+00 5.134159999999999613e+00
-2.147479999999999833e+00 -8.478900000000000325e-01 2.746299999999999852e-01 -8.478900000000000325e-01 -2.147479999999999833e+00 2.746299999999999852e-01 1.921299999999999952e-01 1.921299999999999952e-01 -1.966609999999999969e+00
-2.147479999999999833e+00 -8.478900000000000325e-01 -2.746299999999999852e-01 -8.478900000000000325e-01 -2.147479999999999833e+00 -2.746299999999999852e-01 -1.921299999999999952e-01 -1.921299999999999952e-01 -1.966609999999999969e+00
-2.147479999999999833e+00 -8.478900000000000325e-01 -2.746299999999999852e-01 -8.478900000000000325e-01 -2.147479999999999833e+00 -2.746299999999999852e-01 -1.921299999999999952e-01 -1.921299999999999952e-01 -1.966609999999999969e+00
-2.147479999999999833e+00 8.478900000000000325e-01 2.746299999999999852e-01 8.478900000000000325e-01 -2.147479999999999833e+00 -2.746299999999999852e-01 1.921299999999999952e-01 -1.921299999999999952e-01 -1.966609999999999969e+00
-2.147479999999999833e+00 8.478900000000000325e-01 -2.746299999999999852e-01 8.478900000000000325e-01 -2.147479999999999833e+00 2.746299999999999852e-01 -1.921299999999999952e-01 1.921299999999999952e-01 -1.966609999999999969e+00
-2.147479999999999833e+00 8.478900000000000325e-01 2.746299999999999852e-01 8.478900000000000325e-01 -2.147479999999999833e+00 -2.746299999999999852e-01 1.921299999999999952e-01 -1.921299999999999952e-01 -1.966609999999999969e+00
-1.652679999999999927e+00 -4.060000000000000275e-01 -0.000000000000000000e+00 -4.060000000000000275e-01 -1.652679999999999927e+00 -0.000000000000000000e+00 0.000000000000000000e+00 0.000000000000000000e+00 -2.490600000000000147e+00
-1.652679999999999927e+00 4.060000000000000275e-01 0.000000000000000000e+00 4.060000000000000275e-01 -1.652679999999999927e+00 0.000000000000000000e+00 0.000000000000000000e+00 0.000000000000000000e+00 -2.490600000000000147e+00
-1.652679999999999927e+00 4.060000000000000275e-01 0.000000000000000000e+00 4.060000000000000275e-01 -1.652679999999999927e+00 0.000000000000000000e+00 0.000000000000000000e+00 0.000000000000000000e+00 -2.490600000000000147e+00
-1.652679999999999927e+00 -4.060000000000000275e-01 -0.000000000000000000e+00 -4.060000000000000275e-01 -1.652679999999999927e+00 -0.000000000000000000e+00 0.000000000000000000e+00 0.000000000000000000e+00 -2.490600000000000147e+00
-2.147479999999999833e+00 -8.478900000000000325e-01 2.746299999999999852e-01 -8.478900000000000325e-01 -2.147479999999999833e+00 2.746299999999999852e-01 1.921299999999999952e-01 1.921299999999999952e-01 -1.966609999999999969e+00
-2.147479999999999833e+00 8.478900000000000325e-01 -2.746299999999999852e-01 8.478900000000000325e-01 -2.147479999999999833e+00 2.746299999999999852e-01 -1.921299999999999952e-01 1.921299999999999952e-01 -1.966609999999999969e+00
