1.163049999999999917e+00 -9.304999999999999383e-02 1.375399999999999956e-01 -5.641000000000000181e-02 8.576700000000000434e-01 2.477000000000000035e-02 1.755299999999999916e-01 7.830000000000000154e-03 1.375080000000000080e+00
1.393089999999999939e+00 7.975000000000000144e-02 -6.570000000000000319e-03 5.578999999999999931e-02 1.230709999999999971e+00 3.762000000000000066e-02 3.008999999999999869e-02 1.912000000000000158e-02 1.065099999999999936e+00
1.027360000000000051e+00 -2.963999999999999968e-02 -1.698199999999999987e-01 -3.520000000000000212e-02 1.379070000000000018e+00 2.005699999999999983e-01 -1.857499999999999984e-01 1.650099999999999900e-01 1.257779999999999898e+00
1.141580000000000039e+00 -2.180900000000000061e-01 1.049699999999999939e-01 -2.158299999999999941e-01 1.279150000000000009e+00 -2.907000000000000139e-01 8.823999999999999899e-02 -3.118000000000000216e-01 1.168860000000000010e+00
1.163049999999999917e+00 9.304999999999999383e-02 1.375399999999999956e-01 5.641000000000000181e-02 8.576700000000000434e-01 -2.477000000000000035e-02 1.755299999999999916e-01 -7.830000000000000154e-03 1.375080000000000080e+00
1.393089999999999939e+00 -7.975000000000000144e-02 -6.570000000000000319e-03 -5.578999999999999931e-02 1.230709999999999971e+00 -3.762000000000000066e-02 3.008999999999999869e-02 -1.912000000000000158e-02 1.065099999999999936e+00
1.027360000000000051e+00 2.963999999999999968e-02 -1.698199999999999987e-01 3.520000000000000212e-02 1.379070000000000018e+00 -2.005699999999999983e-01 -1.857499999999999984e-01 -1.650099999999999900e-01 1.257779999999999898e+00
1.141580000000000039e+00 2.180900000000000061e-01 1.049699999999999939e-01 2.158299999999999941e-01 1.279150000000000009e+00 2.907000000000000139e-01 8.823999999999999899e-02 3.118000000000000216e-01 1.168860000000000010e+00
1.403769999999999962e+00 3.896000000000000157e-02 7.093000000000000693e-02 1.008000000000000007e-01 1.432160000000000100e+00 -2.826000000000000040e-02 -1.966999999999999998e-02 -5.260999999999999704e-02 1.289230000000000098e+00
1.403769999999999962e+00 -3.896000000000000157e-02 7.093000000000000693e-02 -1.008000000000000007e-01 1.432160000000000100e+00 2.826000000000000040e-02 -1.966999999999999998e-02 5.260999999999999704e-02 1.289230000000000098e+00
-1.610530000000000017e+00 -5.054100000000000259e-01 -3.125100000000000100e-01 -4.966300000000000159e-01 -2.260810000000000208e+00 -4.430600000000000094e-01 -4.816699999999999871e-01 -7.129400000000000182e-01 -2.211199999999999832e+00
-2.563600000000000101e+00 2.210000000000000159e-03 7.849000000000000421e-01 2.804599999999999871e-01 -1.696730000000000071e+00 -1.015800000000000036e-01 8.189199999999999813e-01 -8.475000000000000588e-02 -1.977139999999999898e+00
-1.610530000000000017e+00 5.054100000000000259e-01 -3.125100000000000100e-01 4.966300000000000159e-01 -2.260810000000000208e+00 4.430600000000000094e-01 -4.816699999999999871e-01 7.129400000000000182e-01 -2.211199999999999832e+00
-2.563600000000000101e+00 -2.210000000000000159e-03 7.849000000000000421e-01 -2.804599999999999871e-01 -1.696730000000000071e+00 1.015800000000000036e-01 8.189199999999999813e-01 8.475000000000000588e-02 -1.977139999999999898e+00
-1.954739999999999922e+00 5.136699999999999600e-01 -6.094300000000000272e-01 2.040800000000000114e-01 -2.221210000000000129e+00 5.535299999999999665e-01 -4.256900000000000128e-01 6.254399999999999959e-01 -1.967710000000000070e+00
-1.954739999999999922e+00 -5.136699999999999600e-01 -6.094300000000000272e-01 -2.040800000000000114e-01 -2.221210000000000129e+00 -5.535299999999999665e-01 -4.256900000000000128e-01 -6.254399999999999959e-01 -1.967710000000000070e+00
