2.710230000000000139e+00 -8.760999999999999344e-02 0.000000000000000000e+00 8.760999999999999344e-02 2.710230000000000139e+00 0.000000000000000000e+00 0.000000000000000000e+00 0.000000000000000000e+00 2.496710000000000207e+00
2.710230000000000139e+00 -8.760999999999999344e-02 0.000000000000000000e+00 8.760999999999999344e-02 2.710230000000000139e+00 0.000000000000000000e+00 0.000000000000000000e+00 0.000000000000000000e+00 2.496710000000000207e+00
7.807500000000000551e-01 -6.485499999999999599e-01 3.998099999999999987e-01 -6.179000000000000048e-01 2.553659999999999819e+00 3.633799999999999808e-01 7.581000000000000238e-02 -6.965599999999999570e-01 2.180410000000000181e+00
7.807500000000000551e-01 -6.485499999999999599e-01 -3.998099999999999987e-01 -6.179000000000000048e-01 2.553659999999999819e+00 -3.633799999999999808e-01 -7.581000000000000238e-02 6.965599999999999570e-01 2.180410000000000181e+00
2.553659999999999819e+00 6.179000000000000048e-01 -3.633799999999999808e-01 6.485499999999999599e-01 7.807500000000000551e-01 3.998099999999999987e-01 6.965599999999999570e-01 7.581000000000000238e-02 2.180410000000000181e+00
2.553659999999999819e+00 6.179000000000000048e-01 3.633799999999999808e-01 6.485499999999999599e-01 7.807500000000000551e-01 -3.998099999999999987e-01 -6.965599999999999570e-01 -7.581000000000000238e-02 2.180410000000000181e+00
-1.707289999999999974e+00 -1.851700000000000013e-01 -4.672100000000000142e-01 -2.442999999999999894e-01 -1.315029999999999921e+00 -5.327199999999999713e-01 -4.727999999999999980e-01 -3.256800000000000250e-01 -1.714390000000000081e+00
-1.315029999999999921e+00 2.442999999999999894e-01 -5.327199999999999713e-01 1.851700000000000013e-01 -1.707289999999999974e+00 4.672100000000000142e-01 -3.256800000000000250e-01 4.727999999999999980e-01 -1.714390000000000081e+00
-1.315029999999999921e+00 2.442999999999999894e-01 5.327199999999999713e-01 1.851700000000000013e-01 -1.707289999999999974e+00 -4.672100000000000142e-01 3.256800000000000250e-01 -4.727999999999999980e-01 -1.714390000000000081e+00
-1.707289999999999974e+00 -1.851700000000000013e-01 4.672100000000000142e-01 -2.442999999999999894e-01 -1.315029999999999921e+00 5.327199999999999713e-01 4.727999999999999980e-01 3.256800000000000250e-01 -1.714390000000000081e+00
-1.315029999999999921e+00 2.442999999999999894e-01 5.327199999999999713e-01 1.851700000000000013e-01 -1.707289999999999974e+00 -4.672100000000000142e-01 3.256800000000000250e-01 -4.727999999999999980e-01 -1.714390000000000081e+00
-1.315029999999999921e+00 2.442999999999999894e-01 -5.327199999999999713e-01 1.851700000000000013e-01 -1.707289999999999974e+00 4.672100000000000142e-01 -3.256800000000000250e-01 4.727999999999999980e-01 -1.714390000000000081e+00
-1.707289999999999974e+00 -1.851700000000000013e-01 4.672100000000000142e-01 -2.442999999999999894e-01 -1.315029999999999921e+00 5.327199999999999713e-01 4.727999999999999980e-01 3.256800000000000250e-01 -1.714390000000000081e+00
-1.707289999999999974e+00 -1.851700000000000013e-01 -4.672100000000000142e-01 -2.442999999999999894e-01 -1.315029999999999921e+00 -5.327199999999999713e-01 -4.727999999999999980e-01 -3.256800000000000250e-01 -1.714390000000000081e+00
