-3.425734718953361152e-02
-2.201536441249895074e-02
-2.083786434413720939e-02
1.525053484756281108e+00
1.688458676829169169e+00
1.908913921456750318e+00
2.005232222775937601e+00
2.228854744219690431e+00
2.281936347362447659e+00
2.633766471793581587e+00
2.854658434092886221e+00
2.965868738674717342e+00
2.983658589669555550e+00
3.185429071544066293e+00
3.379790490843229023e+00
3.432391770651419982e+00
3.445120101516697897e+00
3.498956950448053327e+00
3.701979928605838577e+00
3.846419942262270908e+00
3.975825162055279804e+00
4.348515055887521186e+00
4.551631839230473098e+00
4.687273448415489874e+00
4.710478767133357003e+00
4.829364109893401036e+00
5.003607419398215406e+00
5.105801091910439737e+00
5.387277992281134686e+00
5.521959509189041881e+00
5.530285040358402071e+00
5.770120200732659299e+00
5.809805869167274039e+00
5.888263724061774340e+00
5.943145549482856005e+00
6.064761658200827021e+00
6.073534989578192267e+00
6.081506479125767584e+00
6.128123979496336915e+00
6.226098160967996620e+00
6.514423645041604871e+00
6.591814865683834235e+00
6.622776042179131295e+00
6.961667989564198855e+00
7.031294598698891285e+00
7.333522538903157972e+00
7.715144624875217794e+00
8.022097214261297182e+00
8.356500517899657865e+00
8.426042634644995033e+00
8.516960738699102862e+00
8.621544738039551348e+00
8.671812299847850625e+00
8.815501748967720985e+00
8.838876733548572062e+00
8.917924885744030306e+00
8.993306220216934932e+00
9.004764583252482524e+00
9.030726031457222192e+00
9.068158446451896282e+00
9.740641162530058850e+00
9.824900596036966860e+00
9.868490033304828657e+00
9.878516722911490078e+00
9.911259387921919739e+00
1.026773172624403507e+01
1.062086463537747605e+01
1.083311458259543691e+01
1.129552645168027247e+01
1.305491827349268341e+01
1.340715409806737846e+01
1.342101638635531557e+01
