1.265940000000000065e+00 5.390999999999999959e-02 -0.000000000000000000e+00 -5.288999999999999951e-02 1.310999999999999943e+00 -0.000000000000000000e+00 0.000000000000000000e+00 0.000000000000000000e+00 1.242629999999999901e+00
1.265940000000000065e+00 5.390999999999999959e-02 -0.000000000000000000e+00 -5.288999999999999951e-02 1.310999999999999943e+00 -0.000000000000000000e+00 0.000000000000000000e+00 0.000000000000000000e+00 1.242629999999999901e+00
1.265940000000000065e+00 -5.390999999999999959e-02 0.000000000000000000e+00 5.288999999999999951e-02 1.310999999999999943e+00 0.000000000000000000e+00 0.000000000000000000e+00 0.000000000000000000e+00 1.242629999999999901e+00
1.265940000000000065e+00 -5.390999999999999959e-02 0.000000000000000000e+00 5.288999999999999951e-02 1.310999999999999943e+00 0.000000000000000000e+00 0.000000000000000000e+00 0.000000000000000000e+00 1.242629999999999901e+00
1.225570000000000048e+00 -5.643000000000000099e-02 0.000000000000000000e+00 2.308000000000000052e-01 2.545929999999999804e+00 0.000000000000000000e+00 0.000000000000000000e+00 0.000000000000000000e+00 3.153410000000000046e+00
1.225570000000000048e+00 5.643000000000000099e-02 0.000000000000000000e+00 -2.308000000000000052e-01 2.545929999999999804e+00 0.000000000000000000e+00 0.000000000000000000e+00 0.000000000000000000e+00 3.153410000000000046e+00
1.225570000000000048e+00 -5.643000000000000099e-02 0.000000000000000000e+00 2.308000000000000052e-01 2.545929999999999804e+00 0.000000000000000000e+00 0.000000000000000000e+00 0.000000000000000000e+00 3.153410000000000046e+00
1.225570000000000048e+00 5.643000000000000099e-02 0.000000000000000000e+00 -2.308000000000000052e-01 2.545929999999999804e+00 0.000000000000000000e+00 0.000000000000000000e+00 0.000000000000000000e+00 3.153410000000000046e+00
-1.077609999999999957e+00 0.000000000000000000e+00 0.000000000000000000e+00 0.000000000000000000e+00 -1.621879999999999988e+00 1.194660000000000055e+00 0.000000000000000000e+00 1.452129999999999921e+00 -3.080779999999999852e+00
-1.077609999999999957e+00 0.000000000000000000e+00 0.000000000000000000e+00 0.000000000000000000e+00 -1.621879999999999988e+00 -1.194660000000000055e+00 0.000000000000000000e+00 -1.452129999999999921e+00 -3.080779999999999852e+00
-1.077609999999999957e+00 0.000000000000000000e+00 0.000000000000000000e+00 0.000000000000000000e+00 -1.621879999999999988e+00 1.194660000000000055e+00 0.000000000000000000e+00 1.452129999999999921e+00 -3.080779999999999852e+00
-1.077609999999999957e+00 0.000000000000000000e+00 -0.000000000000000000e+00 0.000000000000000000e+00 -1.621879999999999988e+00 -1.194660000000000055e+00 0.000000000000000000e+00 -1.452129999999999921e+00 -3.080779999999999852e+00
-1.413899999999999935e+00 2.955499999999999794e-01 -0.000000000000000000e+00 8.496099999999999763e-01 -2.235050000000000203e+00 0.000000000000000000e+00 0.000000000000000000e+00 0.000000000000000000e+00 -1.315260000000000096e+00
-1.413899999999999935e+00 -2.955499999999999794e-01 -0.000000000000000000e+00 -8.496099999999999763e-01 -2.235050000000000203e+00 -0.000000000000000000e+00 0.000000000000000000e+00 0.000000000000000000e+00 -1.315260000000000096e+00
-1.413899999999999935e+00 -2.955499999999999794e-01 -0.000000000000000000e+00 -8.496099999999999763e-01 -2.235050000000000203e+00 0.000000000000000000e+00 0.000000000000000000e+00 0.000000000000000000e+00 -1.315260000000000096e+00
-1.413899999999999935e+00 2.955499999999999794e-01 -0.000000000000000000e+00 8.496099999999999763e-01 -2.235050000000000203e+00 0.000000000000000000e+00 0.000000000000000000e+00 0.000000000000000000e+00 -1.315260000000000096e+00
