-2.053677063162839822e-02
-1.010573938281202414e-02
-6.758774260092311782e-03
1.358490017362973923e+00
1.437203569125158786e+00
1.437313509983922266e+00
1.487802498057822609e+00
1.667239295532672250e+00
1.677657487840057415e+00
2.391289670175440918e+00
2.593174964195531729e+00
3.060681868655633853e+00
3.376066453897193398e+00
3.801553569898041385e+00
3.838307092094300543e+00
4.360650290984431798e+00
4.379954532216411067e+00
4.522669726517191791e+00
4.530862958586412859e+00
4.898226190778835587e+00
5.242747670330901499e+00
5.273466358689743672e+00
5.423947037887876910e+00
5.767889860768069532e+00
6.086477569245153596e+00
6.246654048532449544e+00
6.476186700844406730e+00
6.533002255458351115e+00
6.833651232680669096e+00
7.003442411361982423e+00
7.255933527405291628e+00
7.832127363061466063e+00
8.031059512578796244e+00
8.372974393542936156e+00
8.435234371827231570e+00
8.458594494524801277e+00
8.917104648811738699e+00
8.923924948142406777e+00
8.948460843391927710e+00
9.354515446526754374e+00
9.542278075173401319e+00
9.709498939140184248e+00
9.812889974888081568e+00
1.047407030100172420e+01
1.072400084947712351e+01
1.097887910886436202e+01
1.127746236601469043e+01
1.139834308786989681e+01
1.185056173945899083e+01
1.248225624309892723e+01
1.256385030937128455e+01
1.264713308583149676e+01
1.311320096856588968e+01
1.343757116801666385e+01
1.544325350538065322e+01
1.550052157585359502e+01
1.772959349902923876e+01
1.805612149138841716e+01
1.961275195817127326e+01
1.982101623005985758e+01
2.021586085169832003e+01
2.071664718185820320e+01
2.207232238062549357e+01
2.208707376682383483e+01
2.229132137404389624e+01
2.230353337073391984e+01
2.313098319317408880e+01
2.403597664920974708e+01
2.564662049347030148e+01
2.644208358953116189e+01
2.697085058091600729e+01
2.725503588264315269e+01
