3.621879999999999988e+00 0.000000000000000000e+00 -2.355599999999999916e-01 0.000000000000000000e+00 4.066959999999999908e+00 0.000000000000000000e+00 -2.819999999999999937e-02 0.000000000000000000e+00 3.612750000000000128e+00
3.621879999999999988e+00 0.000000000000000000e+00 -2.355599999999999916e-01 0.000000000000000000e+00 4.066959999999999908e+00 0.000000000000000000e+00 -2.819999999999999937e-02 0.000000000000000000e+00 3.612750000000000128e+00
2.366979999999999862e+00 0.000000000000000000e+00 1.794999999999999929e-01 0.000000000000000000e+00 1.510099999999999998e+00 0.000000000000000000e+00 2.055700000000000027e-01 -0.000000000000000000e+00 2.010040000000000049e+00
2.366979999999999862e+00 0.000000000000000000e+00 1.794999999999999929e-01 0.000000000000000000e+00 1.510099999999999998e+00 0.000000000000000000e+00 2.055700000000000027e-01 0.000000000000000000e+00 2.010040000000000049e+00
2.001869999999999816e+00 0.000000000000000000e+00 -3.046800000000000064e-01 0.000000000000000000e+00 1.799230000000000107e+00 0.000000000000000000e+00 -1.823799999999999866e-01 -0.000000000000000000e+00 1.761640000000000095e+00
2.001869999999999816e+00 0.000000000000000000e+00 -3.046800000000000064e-01 0.000000000000000000e+00 1.799230000000000107e+00 0.000000000000000000e+00 -1.823799999999999866e-01 0.000000000000000000e+00 1.761640000000000095e+00
1.853339999999999987e+00 -0.000000000000000000e+00 3.002699999999999814e-01 0.000000000000000000e+00 1.871790000000000065e+00 0.000000000000000000e+00 4.506899999999999795e-01 -0.000000000000000000e+00 1.938280000000000003e+00
1.853339999999999987e+00 -0.000000000000000000e+00 3.002699999999999814e-01 0.000000000000000000e+00 1.871790000000000065e+00 0.000000000000000000e+00 4.506899999999999795e-01 0.000000000000000000e+00 1.938280000000000003e+00
-2.912459999999999827e+00 0.000000000000000000e+00 -9.289999999999999647e-03 0.000000000000000000e+00 -2.582440000000000069e+00 0.000000000000000000e+00 -8.276999999999999635e-02 0.000000000000000000e+00 -3.980249999999999844e+00
-2.912459999999999827e+00 0.000000000000000000e+00 -9.289999999999999647e-03 0.000000000000000000e+00 -2.582440000000000069e+00 0.000000000000000000e+00 -8.276999999999999635e-02 0.000000000000000000e+00 -3.980249999999999844e+00
-3.763180000000000192e+00 0.000000000000000000e+00 -1.231199999999999933e-01 0.000000000000000000e+00 -3.725999999999999979e+00 0.000000000000000000e+00 -2.931799999999999962e-01 -0.000000000000000000e+00 -2.110329999999999817e+00
-3.763180000000000192e+00 -0.000000000000000000e+00 -1.231199999999999933e-01 0.000000000000000000e+00 -3.725999999999999979e+00 0.000000000000000000e+00 -2.931799999999999962e-01 0.000000000000000000e+00 -2.110329999999999817e+00
-3.168419999999999792e+00 0.000000000000000000e+00 1.928799999999999959e-01 0.000000000000000000e+00 -2.939639999999999809e+00 0.000000000000000000e+00 -6.972000000000000419e-02 0.000000000000000000e+00 -3.232130000000000170e+00
-3.168419999999999792e+00 0.000000000000000000e+00 1.928799999999999959e-01 0.000000000000000000e+00 -2.939639999999999809e+00 0.000000000000000000e+00 -6.972000000000000419e-02 0.000000000000000000e+00 -3.232130000000000170e+00
