-8.077095674172689310e-03
-8.076998371419738879e-03
-2.630193627181294600e-03
9.028433606210146678e+00
1.102403937182544169e+01
1.102403937224622865e+01
1.137540867965878100e+01
1.137540867997284266e+01
1.159369574332950847e+01
1.224177473908235392e+01
1.271849720813434637e+01
1.271849720824249808e+01
1.289091031708670343e+01
1.289091031733897630e+01
1.309600583185178202e+01
1.309600583186766443e+01
1.559727228087319517e+01
1.689043811068359702e+01
1.689043811073089429e+01
1.689625716386347420e+01
1.689625716388101395e+01
1.720155798755817500e+01
1.768110924375624293e+01
1.852959693695159160e+01
1.852959693716786660e+01
1.880228139677470978e+01
2.025057681235587026e+01
2.202855767978491031e+01
2.204202733237962875e+01
2.204202733263262814e+01
