1.399450000000000083e+00 3.298000000000000237e-02 -2.820000000000000024e-03 5.230000000000000274e-03 1.058640000000000025e+00 -1.959400000000000031e-01 -1.465999999999999942e-02 -2.175799999999999956e-01 1.210690000000000044e+00
1.399450000000000083e+00 3.298000000000000237e-02 -2.820000000000000024e-03 5.230000000000000274e-03 1.058640000000000025e+00 -1.959400000000000031e-01 -1.465999999999999942e-02 -2.175799999999999956e-01 1.210690000000000044e+00
1.444760000000000044e+00 2.071300000000000086e-01 -1.041799999999999948e-01 1.588499999999999912e-01 1.155540000000000012e+00 -5.290999999999999870e-02 -1.934999999999999915e-02 -5.224000000000000171e-02 9.894899999999999807e-01
1.444760000000000044e+00 2.071300000000000086e-01 -1.041799999999999948e-01 1.588499999999999912e-01 1.155540000000000012e+00 -5.290999999999999870e-02 -1.934999999999999915e-02 -5.224000000000000171e-02 9.894899999999999807e-01
1.189769999999999994e+00 6.958000000000000296e-02 -3.860000000000000150e-03 4.626000000000000251e-02 1.211060000000000025e+00 1.575799999999999979e-01 -6.479999999999999649e-03 1.653499999999999970e-01 1.390230000000000077e+00
1.189769999999999994e+00 6.958000000000000296e-02 -3.860000000000000150e-03 4.626000000000000251e-02 1.211060000000000025e+00 1.575799999999999979e-01 -6.479999999999999649e-03 1.653499999999999970e-01 1.390230000000000077e+00
1.172050000000000036e+00 -1.151800000000000046e-01 4.180999999999999994e-02 -7.549999999999999767e-02 1.261260000000000048e+00 1.833799999999999875e-01 4.177000000000000157e-02 1.756800000000000028e-01 1.268250000000000099e+00
1.172050000000000036e+00 -1.151800000000000046e-01 4.180999999999999994e-02 -7.549999999999999767e-02 1.261260000000000048e+00 1.833799999999999875e-01 4.177000000000000157e-02 1.756800000000000028e-01 1.268250000000000099e+00
1.872120000000000006e+00 -5.682399999999999674e-01 2.134699999999999931e-01 -6.327800000000000091e-01 1.353429999999999911e+00 -3.393300000000000205e-01 2.743599999999999928e-01 -2.286700000000000121e-01 1.536750000000000060e+00
1.872120000000000006e+00 -5.682399999999999674e-01 2.134699999999999931e-01 -6.327800000000000091e-01 1.353429999999999911e+00 -3.393300000000000205e-01 2.743599999999999928e-01 -2.286700000000000121e-01 1.536750000000000060e+00
1.790280000000000094e+00 -3.974800000000000000e-01 4.421800000000000175e-01 -3.521699999999999831e-01 1.733249999999999957e+00 -3.230899999999999883e-01 4.398000000000000242e-01 -4.208000000000000074e-01 1.261989999999999945e+00
1.790280000000000094e+00 -3.974800000000000000e-01 4.421800000000000175e-01 -3.521699999999999831e-01 1.733249999999999957e+00 -3.230899999999999883e-01 4.398000000000000242e-01 -4.208000000000000074e-01 1.261989999999999945e+00
-2.463249999999999940e+00 6.043199999999999683e-01 5.673200000000000465e-01 5.244499999999999718e-01 -1.768250000000000099e+00 -3.345500000000000140e-01 2.305899999999999894e-01 -1.824099999999999888e-01 -1.751609999999999889e+00
-2.463249999999999940e+00 6.043199999999999683e-01 5.673200000000000465e-01 5.244499999999999718e-01 -1.768250000000000099e+00 -3.345500000000000140e-01 2.305899999999999894e-01 -1.824099999999999888e-01 -1.751609999999999889e+00
-1.992110000000000047e+00 -8.323999999999999455e-02 -7.994099999999999540e-01 2.644000000000000170e-02 -2.042009999999999881e+00 5.875200000000000422e-01 -4.667799999999999727e-01 2.951699999999999879e-01 -2.045939999999999870e+00
-1.992110000000000047e+00 -8.323999999999999455e-02 -7.994099999999999540e-01 2.644000000000000170e-02 -2.042009999999999881e+00 5.875200000000000422e-01 -4.667799999999999727e-01 2.951699999999999879e-01 -2.045939999999999870e+00
-2.575130000000000141e+00 -5.084499999999999575e-01 -5.740300000000000402e-01 -8.644000000000000294e-02 -1.609650000000000025e+00 2.398000000000000131e-02 -5.587900000000000089e-01 -2.513000000000000234e-01 -1.870659999999999989e+00
-2.575130000000000141e+00 -5.084499999999999575e-01 -5.740300000000000402e-01 -8.644000000000000294e-02 -1.609650000000000025e+00 2.398000000000000131e-02 -5.587900000000000089e-01 -2.513000000000000234e-01 -1.870659999999999989e+00
-1.837939999999999907e+00 7.585899999999999865e-01 2.195199999999999929e-01 3.856700000000000128e-01 -2.353260000000000129e+00 2.933499999999999996e-01 7.953999999999999959e-02 7.167900000000000382e-01 -1.989179999999999948e+00
-1.837939999999999907e+00 7.585899999999999865e-01 2.195199999999999929e-01 3.856700000000000128e-01 -2.353260000000000129e+00 2.933499999999999996e-01 7.953999999999999959e-02 7.167900000000000382e-01 -1.989179999999999948e+00
