-2.320112070028257367e-02
-2.062375615774631604e-02
-3.481466100405134195e-03
2.660133008128709786e+00
3.434411976596027927e+00
3.509441081176818411e+00
4.045418685244991153e+00
4.210540949626110141e+00
4.931577744074512104e+00
5.232893014000457477e+00
5.673742473870675873e+00
6.098578766281887553e+00
7.879901244295643536e+00
8.538393239112732402e+00
9.980944256840468043e+00
1.083852660826324765e+01
1.157246662308836349e+01
1.207448561786068275e+01
1.581142608412612738e+01
1.598811186056322953e+01
1.647685809988441008e+01
1.652390108539723812e+01
1.683943503755792293e+01
1.740406697371608047e+01
1.786197822923278977e+01
1.793828874608843904e+01
1.814353407101718929e+01
1.828613343616722986e+01
1.834177308477223889e+01
1.851776635123292181e+01
