-2.604594887074047557e-02
-2.604594886870957929e-02
-2.602617165253601553e-02
2.621658342493978999e+00
3.303206587740841194e+00
3.303206587740850519e+00
3.642372828334575985e+00
3.642372828334583534e+00
4.089725097112878238e+00
4.089725097112910213e+00
4.538058492030325297e+00
4.773502560426326369e+00
4.773502560426361896e+00
4.804081320697260793e+00
5.443786484438527751e+00
6.754522911600098212e+00
6.831051361298817959e+00
6.831051361298833058e+00
7.391893155945834515e+00
9.012793778624100582e+00
9.012793778624107688e+00
9.315018459114840610e+00
9.506593911498759653e+00
1.045721714653844536e+01
1.089170202303979629e+01
1.089170202303980695e+01
1.157202831266392806e+01
1.157413389393351899e+01
2.357579022889538578e+01
2.383799602577592580e+01
2.383799602577593646e+01
2.403816302258726267e+01
2.403816302258727333e+01
2.506629590576519462e+01
2.651447814912888035e+01
2.652575021981874670e+01
