-4.515424786218900227e-02
-3.347518528701521473e-02
-2.602353842197482545e-02
7.703226531785236642e-01
9.820558039134028583e-01
1.123094938106302676e+00
1.472802403583046926e+00
1.481545564604747511e+00
1.484214250032656279e+00
1.721667009035138696e+00
1.754121213029475879e+00
1.881919591799819713e+00
2.043243118182464180e+00
2.156518056961267416e+00
2.216728282852907572e+00
2.335652463445707205e+00
2.687172941959635075e+00
3.304211146400907850e+00
3.566456602848266932e+00
3.728551246798144536e+00
4.056206503618867920e+00
4.394308159426236315e+00
4.781924926219565997e+00
5.680598489595968914e+00
5.835177829338194400e+00
5.926181907434162177e+00
6.805329756889080706e+00
6.959800816115357947e+00
6.972046729619645333e+00
7.033748957703850557e+00
7.757409709432653067e+00
7.969586940362718863e+00
8.312862671787618396e+00
8.680148282143571592e+00
8.702051373095885722e+00
8.806509035934727336e+00
8.819918434997003232e+00
8.833061683244377349e+00
8.963136638476511209e+00
9.165821152520924997e+00
9.394620136014015799e+00
9.717224408235100697e+00
9.791826657983687454e+00
1.022512870334647594e+01
1.056581085388149432e+01
1.082471459208047726e+01
1.116824838549000098e+01
1.179239962857432999e+01
1.212808760687355836e+01
1.299422260083303371e+01
1.320167300004056266e+01
1.431656128405141892e+01
1.471642983199389931e+01
1.496905113893329009e+01
1.532686725981536036e+01
1.548824066832640689e+01
1.555252211057743494e+01
1.612323060059614832e+01
1.673179063937867994e+01
1.790181267358141071e+01
1.874611058326499702e+01
1.927849781492323800e+01
1.977767895886673699e+01
2.639839983786896127e+01
2.659631500791040182e+01
2.691976277755805214e+01
