1.067909999999999915e+00 -0.000000000000000000e+00 -0.000000000000000000e+00 -0.000000000000000000e+00 1.106770000000000032e+00 -0.000000000000000000e+00 -0.000000000000000000e+00 0.000000000000000000e+00 1.160260000000000069e+00
1.067909999999999915e+00 -0.000000000000000000e+00 -0.000000000000000000e+00 -0.000000000000000000e+00 1.106770000000000032e+00 0.000000000000000000e+00 -0.000000000000000000e+00 0.000000000000000000e+00 1.160260000000000069e+00
3.499159999999999826e+00 -0.000000000000000000e+00 0.000000000000000000e+00 -0.000000000000000000e+00 3.446930000000000049e+00 0.000000000000000000e+00 0.000000000000000000e+00 0.000000000000000000e+00 2.876040000000000152e+00
3.499159999999999826e+00 -0.000000000000000000e+00 0.000000000000000000e+00 -0.000000000000000000e+00 3.446930000000000049e+00 -0.000000000000000000e+00 0.000000000000000000e+00 0.000000000000000000e+00 2.876040000000000152e+00
2.814779999999999838e+00 -0.000000000000000000e+00 -0.000000000000000000e+00 -0.000000000000000000e+00 2.746090000000000142e+00 7.483600000000000252e-01 0.000000000000000000e+00 -5.634400000000000519e-01 2.520970000000000155e+00
2.814779999999999838e+00 -0.000000000000000000e+00 0.000000000000000000e+00 -0.000000000000000000e+00 2.746090000000000142e+00 -7.483600000000000252e-01 -0.000000000000000000e+00 5.634400000000000519e-01 2.520970000000000155e+00
-2.940560000000000063e+00 -1.308100000000000041e+00 0.000000000000000000e+00 -1.207710000000000061e+00 -1.722099999999999964e+00 0.000000000000000000e+00 0.000000000000000000e+00 0.000000000000000000e+00 -1.172320000000000029e+00
-2.940560000000000063e+00 -1.308100000000000041e+00 0.000000000000000000e+00 -1.207710000000000061e+00 -1.722099999999999964e+00 0.000000000000000000e+00 0.000000000000000000e+00 0.000000000000000000e+00 -1.172320000000000029e+00
-2.940560000000000063e+00 1.308100000000000041e+00 0.000000000000000000e+00 1.207710000000000061e+00 -1.722099999999999964e+00 0.000000000000000000e+00 0.000000000000000000e+00 0.000000000000000000e+00 -1.172320000000000029e+00
-2.940560000000000063e+00 1.308100000000000041e+00 0.000000000000000000e+00 1.207710000000000061e+00 -1.722099999999999964e+00 0.000000000000000000e+00 0.000000000000000000e+00 0.000000000000000000e+00 -1.172320000000000029e+00
-7.503699999999999815e-01 0.000000000000000000e+00 -0.000000000000000000e+00 0.000000000000000000e+00 -1.927789999999999893e+00 1.093350000000000044e+00 -0.000000000000000000e+00 1.205869999999999997e+00 -2.106320000000000192e+00
-7.503699999999999815e-01 0.000000000000000000e+00 0.000000000000000000e+00 0.000000000000000000e+00 -1.927789999999999893e+00 -1.093350000000000044e+00 0.000000000000000000e+00 -1.205869999999999997e+00 -2.106320000000000192e+00
-7.503699999999999815e-01 0.000000000000000000e+00 0.000000000000000000e+00 0.000000000000000000e+00 -1.927789999999999893e+00 -1.093350000000000044e+00 0.000000000000000000e+00 -1.205869999999999997e+00 -2.106320000000000192e+00
-7.503699999999999815e-01 0.000000000000000000e+00 -0.000000000000000000e+00 0.000000000000000000e+00 -1.927789999999999893e+00 1.093350000000000044e+00 -0.000000000000000000e+00 1.205869999999999997e+00 -2.106320000000000192e+00
