-3.015403918814637055e-02
-3.015403918793500143e-02
-1.029914576156839949e-02
2.322235181657513081e+00
2.418786722316347948e+00
2.418786722316348392e+00
3.676345277620503893e+00
3.955414652465401915e+00
3.955414652465402803e+00
4.414585862287017548e+00
4.414585862287018436e+00
4.463302734690725693e+00
4.463302734690725693e+00
4.812605318135615207e+00
4.822645165259417332e+00
5.076832689994587255e+00
7.391417836686813736e+00
7.391417836686814624e+00
8.873228978076738827e+00
1.009882832667957864e+01
1.009882832667957864e+01
