-1.900412955258393710e-01
-1.176194559852716676e-01
-9.082844938001635726e-02
3.170460421179114086e+00
3.432518346994219982e+00
3.751462806157428886e+00
4.575230020357810901e+00
4.862868221036123373e+00
5.158506753945515833e+00
5.383819010571225583e+00
5.440957890172883893e+00
5.666045034506034916e+00
5.779345209722140275e+00
5.900442242741649856e+00
6.163858504420022477e+00
6.273907826986031999e+00
6.509830674759378155e+00
6.899148763196435219e+00
7.443976708889996630e+00
7.473524681003789638e+00
7.666483983809665226e+00
7.866931393859933230e+00
7.948542770407958535e+00
8.364059360653230968e+00
8.958480124533283018e+00
9.178011139805187568e+00
9.717342749829935400e+00
9.846950555814572681e+00
1.049635299949380851e+01
1.083756385713346049e+01
1.123945187246137145e+01
1.154765296404317176e+01
1.356992519886829562e+01
1.360767420390796545e+01
1.488163639207376399e+01
1.498666123865040589e+01
1.576266260362354110e+01
1.585709232920938838e+01
1.619977630174506089e+01
1.698158854374205973e+01
2.477776182681212802e+01
2.489753556872264895e+01
2.571936108339978944e+01
2.609862769023024498e+01
2.613515496786439130e+01
2.638299351092116396e+01
2.662751006661904540e+01
2.820572892957811462e+01
