-4.398557519568092183e-02
-3.077605019695262012e-02
-8.541157796530977203e-03
1.354329442046100063e+00
1.658282375351789240e+00
2.326801765254298271e+00
2.762200390537923322e+00
3.066501817544789343e+00
3.108958227213056702e+00
3.380837087358481874e+00
3.540277176754137223e+00
3.921080937687720258e+00
4.583720222450207160e+00
5.116108658580202473e+00
5.126911367544307652e+00
5.971789892711329095e+00
6.135590078037073347e+00
6.297272031221158528e+00
6.577137486038600933e+00
6.927545254677705877e+00
7.650415382284045052e+00
7.746597254238360541e+00
8.673757381274855405e+00
8.771657885712288660e+00
9.504112632998788612e+00
9.579424317610346407e+00
9.878099891534366961e+00
9.992391000153332925e+00
1.113645098496045804e+01
1.128662852824689722e+01
1.129324692052457912e+01
1.175000895905990284e+01
1.243599688820722804e+01
1.265004605885863320e+01
1.482875297845068729e+01
1.487371864231735685e+01
1.488410183439317258e+01
1.569392913508073661e+01
1.613117326544043095e+01
1.744328303859782636e+01
1.745071246871508563e+01
1.819503684317809800e+01
1.873402605041658830e+01
1.961215479068666312e+01
1.991986184594156839e+01
2.034380488586234748e+01
2.080977324893965985e+01
2.126134296161999515e+01
2.190479005551699387e+01
2.217819264433361681e+01
2.522207064530090648e+01
2.554222273064356230e+01
2.639142963929734265e+01
2.663529441933273034e+01
