9.985300000000000287e-01 7.259999999999999960e-03 1.333999999999999943e-02 1.770000000000000089e-03 9.622199999999999642e-01 -2.595000000000000084e-02 3.034999999999999851e-02 -6.153000000000000136e-02 1.119280000000000053e+00
9.985300000000000287e-01 -7.259999999999999960e-03 1.333999999999999943e-02 -1.770000000000000089e-03 9.622199999999999642e-01 2.595000000000000084e-02 3.034999999999999851e-02 6.153000000000000136e-02 1.119280000000000053e+00
1.033700000000000063e+00 3.280999999999999889e-02 -1.949999999999999910e-03 1.770000000000000046e-02 1.052370000000000028e+00 4.109000000000000152e-02 1.420000000000000038e-03 9.367999999999999938e-02 1.096870000000000012e+00
1.033700000000000063e+00 -3.280999999999999889e-02 -1.949999999999999910e-03 -1.770000000000000046e-02 1.052370000000000028e+00 -4.109000000000000152e-02 1.420000000000000038e-03 -9.367999999999999938e-02 1.096870000000000012e+00
1.033700000000000063e+00 3.280999999999999889e-02 -1.949999999999999910e-03 1.770000000000000046e-02 1.052370000000000028e+00 4.109000000000000152e-02 1.420000000000000038e-03 9.367999999999999938e-02 1.096870000000000012e+00
1.033700000000000063e+00 -3.280999999999999889e-02 -1.949999999999999910e-03 -1.770000000000000046e-02 1.052370000000000028e+00 -4.109000000000000152e-02 1.420000000000000038e-03 -9.367999999999999938e-02 1.096870000000000012e+00
4.357370000000000410e+00 1.840299999999999991e-01 3.574000000000000093e-02 9.549999999999999462e-03 4.423879999999999590e+00 -8.856999999999999595e-02 3.997999999999999887e-01 -1.937000000000000111e-01 3.906690000000000218e+00
4.357370000000000410e+00 -1.840299999999999991e-01 3.574000000000000093e-02 -9.549999999999999462e-03 4.423879999999999590e+00 8.856999999999999595e-02 3.997999999999999887e-01 1.937000000000000111e-01 3.906690000000000218e+00
2.898010000000000197e+00 -1.889000000000000054e-02 8.107600000000000362e-01 -4.469000000000000056e-02 3.031530000000000058e+00 4.743899999999999784e-01 5.001499999999999835e-01 9.477400000000000269e-01 8.410499999999999643e-01
2.898010000000000197e+00 1.889000000000000054e-02 8.107600000000000362e-01 4.469000000000000056e-02 3.031530000000000058e+00 -4.743899999999999784e-01 5.001499999999999835e-01 -9.477400000000000269e-01 8.410499999999999643e-01
2.898010000000000197e+00 -1.889000000000000054e-02 8.107600000000000362e-01 -4.469000000000000056e-02 3.031530000000000058e+00 4.743899999999999784e-01 5.001499999999999835e-01 9.477400000000000269e-01 8.410499999999999643e-01
2.898010000000000197e+00 1.889000000000000054e-02 8.107600000000000362e-01 4.469000000000000056e-02 3.031530000000000058e+00 -4.743899999999999784e-01 5.001499999999999835e-01 -9.477400000000000269e-01 8.410499999999999643e-01
-2.392590000000000217e+00 7.193500000000000449e-01 2.442900000000000071e-01 7.176099999999999701e-01 -1.819679999999999964e+00 -2.589099999999999735e-01 1.928999999999999881e-01 -2.737299999999999733e-01 -1.573299999999999921e+00
-2.392590000000000217e+00 -7.193500000000000449e-01 2.442900000000000071e-01 -7.176099999999999701e-01 -1.819679999999999964e+00 2.589099999999999735e-01 1.928999999999999881e-01 2.737299999999999733e-01 -1.573299999999999921e+00
-2.392590000000000217e+00 7.193500000000000449e-01 2.442900000000000071e-01 7.176099999999999701e-01 -1.819679999999999964e+00 -2.589099999999999735e-01 1.928999999999999881e-01 -2.737299999999999733e-01 -1.573299999999999921e+00
-2.392590000000000217e+00 -7.193500000000000449e-01 2.442900000000000071e-01 -7.176099999999999701e-01 -1.819679999999999964e+00 2.589099999999999735e-01 1.928999999999999881e-01 2.737299999999999733e-01 -1.573299999999999921e+00
-2.842010000000000147e+00 -8.501800000000000468e-01 -8.533199999999999674e-01 -8.598200000000000287e-01 -1.799269999999999925e+00 -4.799800000000000177e-01 -7.400799999999999601e-01 -4.823299999999999810e-01 -1.344319999999999959e+00
-2.842010000000000147e+00 8.501800000000000468e-01 -8.533199999999999674e-01 8.598200000000000287e-01 -1.799269999999999925e+00 4.799800000000000177e-01 -7.400799999999999601e-01 4.823299999999999810e-01 -1.344319999999999959e+00
-2.842010000000000147e+00 -8.501800000000000468e-01 -8.533199999999999674e-01 -8.598200000000000287e-01 -1.799269999999999925e+00 -4.799800000000000177e-01 -7.400799999999999601e-01 -4.823299999999999810e-01 -1.344319999999999959e+00
-2.842010000000000147e+00 8.501800000000000468e-01 -8.533199999999999674e-01 8.598200000000000287e-01 -1.799269999999999925e+00 4.799800000000000177e-01 -7.400799999999999601e-01 4.823299999999999810e-01 -1.344319999999999959e+00
-1.375070000000000014e+00 -2.194099999999999939e-01 -2.243100000000000094e-01 -1.931599999999999984e-01 -3.157989999999999853e+00 -8.885899999999999910e-01 -1.694599999999999995e-01 -1.027900000000000036e+00 -1.533279999999999976e+00
-1.375070000000000014e+00 2.194099999999999939e-01 -2.243100000000000094e-01 1.931599999999999984e-01 -3.157989999999999853e+00 8.885899999999999910e-01 -1.694599999999999995e-01 1.027900000000000036e+00 -1.533279999999999976e+00
-1.375070000000000014e+00 -2.194099999999999939e-01 -2.243100000000000094e-01 -1.931599999999999984e-01 -3.157989999999999853e+00 -8.885899999999999910e-01 -1.694599999999999995e-01 -1.027900000000000036e+00 -1.533279999999999976e+00
-1.375070000000000014e+00 2.194099999999999939e-01 -2.243100000000000094e-01 1.931599999999999984e-01 -3.157989999999999853e+00 8.885899999999999910e-01 -1.694599999999999995e-01 1.027900000000000036e+00 -1.533279999999999976e+00
