-1.365027441883609471e-01
-3.997109686475204537e-02
-2.013641307291519009e-02
4.040532186805386061e+00
4.337715805637241573e+00
4.635352458037363732e+00
4.715870955866036773e+00
5.006255265481561523e+00
5.041798390061166479e+00
5.221130618950348357e+00
5.585407762411825239e+00
5.745115302955820624e+00
5.970049497173733677e+00
5.995751335905333157e+00
6.132016798323446594e+00
6.162265108519638268e+00
6.204591485711926424e+00
6.476299357871848628e+00
6.819555129660701986e+00
7.145907535246474929e+00
7.398066897672291198e+00
7.630666462599568156e+00
7.975930195755816854e+00
8.051204162667639608e+00
8.124656532846993073e+00
8.391961747605918731e+00
8.447229658496485882e+00
8.536653754294029284e+00
8.762057333418050931e+00
9.109992791014166258e+00
9.176231369833512730e+00
9.338984275182271588e+00
9.552913104565051938e+00
9.710090542990377216e+00
9.734355328593654377e+00
9.831683999352224035e+00
9.917408046979753422e+00
1.011522854323403031e+01
1.036009996904897790e+01
1.061232638748531976e+01
1.081269163443259984e+01
1.081662693531119146e+01
1.090294639701573232e+01
1.097666255967115845e+01
1.112751690861230536e+01
1.153393991204567826e+01
1.181228565464541447e+01
1.183928483974851886e+01
1.216088779062967618e+01
1.233181394270007658e+01
1.234083757529841385e+01
1.256801425437883069e+01
1.258594908992915151e+01
1.305655944920563805e+01
1.350703701219459951e+01
1.357163872238355040e+01
1.361425125551198789e+01
1.370152580471630976e+01
1.422399935000338900e+01
1.423613569313034155e+01
1.428893779871496328e+01
1.455528709727503411e+01
2.132881214822618077e+01
2.134276156114533052e+01
2.161605226419108305e+01
2.258605205075550160e+01
2.510628427245660177e+01
2.548727453893777906e+01
2.555296873178829031e+01
2.566679420398132550e+01
2.570087760220528139e+01
2.588409195179658084e+01
2.602435367450867076e+01
2.608861174932629012e+01
2.618352774612805689e+01
2.622765336388721025e+01
2.663671065721443654e+01
2.777321357272861135e+01
