9.237499999999999600e-01 -7.313999999999999668e-02 7.632999999999999508e-02 8.117000000000000604e-02 1.103979999999999961e+00 -2.106999999999999845e-02 -8.534999999999999531e-02 7.374999999999999611e-02 1.017160000000000064e+00
9.237499999999999600e-01 -7.313999999999999668e-02 -7.632999999999999508e-02 8.117000000000000604e-02 1.103979999999999961e+00 2.106999999999999845e-02 8.534999999999999531e-02 -7.374999999999999611e-02 1.017160000000000064e+00
9.237499999999999600e-01 7.313999999999999668e-02 7.632999999999999508e-02 -8.117000000000000604e-02 1.103979999999999961e+00 2.106999999999999845e-02 -8.534999999999999531e-02 -7.374999999999999611e-02 1.017160000000000064e+00
9.237499999999999600e-01 7.313999999999999668e-02 -7.632999999999999508e-02 -8.117000000000000604e-02 1.103979999999999961e+00 -2.106999999999999845e-02 8.534999999999999531e-02 7.374999999999999611e-02 1.017160000000000064e+00
2.127969999999999917e+00 0.000000000000000000e+00 0.000000000000000000e+00 0.000000000000000000e+00 1.660519999999999996e+00 4.419000000000000011e-02 0.000000000000000000e+00 -2.266799999999999926e-01 1.982029999999999959e+00
2.127969999999999917e+00 0.000000000000000000e+00 0.000000000000000000e+00 0.000000000000000000e+00 1.660519999999999996e+00 -4.419000000000000011e-02 0.000000000000000000e+00 2.266799999999999926e-01 1.982029999999999959e+00
3.058240000000000069e+00 0.000000000000000000e+00 0.000000000000000000e+00 0.000000000000000000e+00 2.670430000000000081e+00 -2.591999999999999860e-02 0.000000000000000000e+00 7.370000000000000162e-02 3.059050000000000047e+00
3.058240000000000069e+00 0.000000000000000000e+00 0.000000000000000000e+00 0.000000000000000000e+00 2.670430000000000081e+00 2.591999999999999860e-02 0.000000000000000000e+00 -7.370000000000000162e-02 3.059050000000000047e+00
-1.477989999999999915e+00 0.000000000000000000e+00 0.000000000000000000e+00 0.000000000000000000e+00 -1.937489999999999934e+00 -2.534199999999999786e-01 0.000000000000000000e+00 -2.295099999999999918e-01 -1.743849999999999900e+00
-1.477989999999999915e+00 0.000000000000000000e+00 0.000000000000000000e+00 0.000000000000000000e+00 -1.937489999999999934e+00 2.534199999999999786e-01 0.000000000000000000e+00 2.295099999999999918e-01 -1.743849999999999900e+00
-2.046499999999999986e+00 2.577699999999999991e-01 -1.619500000000000106e-01 1.911400000000000043e-01 -1.607850000000000001e+00 1.010800000000000032e-01 -1.952800000000000091e-01 6.199000000000000343e-02 -1.540340000000000042e+00
-2.046499999999999986e+00 2.577699999999999991e-01 1.619500000000000106e-01 1.911400000000000043e-01 -1.607850000000000001e+00 -1.010800000000000032e-01 1.952800000000000091e-01 -6.199000000000000343e-02 -1.540340000000000042e+00
-2.046499999999999986e+00 -2.577699999999999991e-01 -1.619500000000000106e-01 -1.911400000000000043e-01 -1.607850000000000001e+00 -1.010800000000000032e-01 -1.952800000000000091e-01 -6.199000000000000343e-02 -1.540340000000000042e+00
-2.046499999999999986e+00 -2.577699999999999991e-01 1.619500000000000106e-01 -1.911400000000000043e-01 -1.607850000000000001e+00 1.010800000000000032e-01 1.952800000000000091e-01 6.199000000000000343e-02 -1.540340000000000042e+00
-1.462709999999999955e+00 0.000000000000000000e+00 0.000000000000000000e+00 0.000000000000000000e+00 -1.385709999999999997e+00 6.343000000000000027e-02 0.000000000000000000e+00 1.066200000000000064e-01 -2.250879999999999992e+00
-1.462709999999999955e+00 0.000000000000000000e+00 0.000000000000000000e+00 0.000000000000000000e+00 -1.385709999999999997e+00 -6.343000000000000027e-02 0.000000000000000000e+00 -1.066200000000000064e-01 -2.250879999999999992e+00
