-3.779837861043709724e-02
-3.779823524802940898e-02
-3.732237139226966122e-02
3.199907755220275263e+00
3.199907755471723014e+00
3.307579499794884192e+00
5.516180638879276010e+00
6.276573695043556000e+00
6.276573695060284841e+00
7.800279124018755894e+00
7.800279124055186308e+00
8.884169020162211439e+00
8.884169020364620195e+00
8.940442561738302985e+00
9.476949571107954995e+00
9.632558124286905610e+00
1.545625680872018570e+01
1.545625680905696697e+01
1.667315548882140419e+01
1.737509378354357992e+01
1.742632670819910246e+01
1.742632670831253350e+01
1.819603990691501494e+01
1.819603990713993014e+01
1.996553348062390043e+01
1.996553348063422462e+01
1.996860445421802766e+01
2.064279764582405008e+01
2.123306052351850326e+01
2.123306052381933995e+01
2.959690327486203287e+01
2.959690327526608655e+01
3.439577825254254151e+01
3.718987628649198030e+01
3.718987628661768952e+01
3.741217636084160603e+01
3.764457012636525945e+01
3.782609367142452328e+01
3.820733793383874399e+01
3.820733793411400825e+01
3.836215183641409254e+01
4.081512220619595865e+01
4.081512220624892961e+01
4.348706853026298802e+01
4.348706853028613750e+01
