3.110149999999999970e+00 -1.199299999999999949e-01 -0.000000000000000000e+00 1.199299999999999949e-01 3.110149999999999970e+00 -0.000000000000000000e+00 -0.000000000000000000e+00 -0.000000000000000000e+00 2.997040000000000148e+00
3.110149999999999970e+00 -1.199299999999999949e-01 -0.000000000000000000e+00 1.199299999999999949e-01 3.110149999999999970e+00 -0.000000000000000000e+00 -0.000000000000000000e+00 -0.000000000000000000e+00 2.997040000000000148e+00
3.778150000000000119e+00 1.624200000000000088e-01 -0.000000000000000000e+00 -1.624200000000000088e-01 3.778150000000000119e+00 -0.000000000000000000e+00 -0.000000000000000000e+00 -0.000000000000000000e+00 3.929260000000000197e+00
3.778150000000000119e+00 1.624200000000000088e-01 -0.000000000000000000e+00 -1.624200000000000088e-01 3.778150000000000119e+00 -0.000000000000000000e+00 -0.000000000000000000e+00 -0.000000000000000000e+00 3.929260000000000197e+00
-2.135790000000000077e+00 -7.588300000000000045e-01 9.287199999999999900e-01 -7.375899999999999679e-01 -1.308359999999999967e+00 4.238999999999999990e-01 9.620600000000000263e-01 3.741200000000000081e-01 -1.731579999999999897e+00
-2.135790000000000077e+00 -7.588300000000000045e-01 -9.287199999999999900e-01 -7.375899999999999679e-01 -1.308359999999999967e+00 -4.238999999999999990e-01 -9.620600000000000263e-01 -3.741200000000000081e-01 -1.731579999999999897e+00
-1.308359999999999967e+00 7.375899999999999679e-01 4.238999999999999990e-01 7.588300000000000045e-01 -2.135790000000000077e+00 -9.287199999999999900e-01 3.741200000000000081e-01 -9.620600000000000263e-01 -1.731579999999999897e+00
-1.308359999999999967e+00 7.375899999999999679e-01 -4.238999999999999990e-01 7.588300000000000045e-01 -2.135790000000000077e+00 9.287199999999999900e-01 -3.741200000000000081e-01 9.620600000000000263e-01 -1.731579999999999897e+00
-2.135790000000000077e+00 -7.588300000000000045e-01 9.287199999999999900e-01 -7.375899999999999679e-01 -1.308359999999999967e+00 4.238999999999999990e-01 9.620600000000000263e-01 3.741200000000000081e-01 -1.731579999999999897e+00
-2.135790000000000077e+00 -7.588300000000000045e-01 -9.287199999999999900e-01 -7.375899999999999679e-01 -1.308359999999999967e+00 -4.238999999999999990e-01 -9.620600000000000263e-01 -3.741200000000000081e-01 -1.731579999999999897e+00
-1.308359999999999967e+00 7.375899999999999679e-01 4.238999999999999990e-01 7.588300000000000045e-01 -2.135790000000000077e+00 -9.287199999999999900e-01 3.741200000000000081e-01 -9.620600000000000263e-01 -1.731579999999999897e+00
-1.308359999999999967e+00 7.375899999999999679e-01 -4.238999999999999990e-01 7.588300000000000045e-01 -2.135790000000000077e+00 9.287199999999999900e-01 -3.741200000000000081e-01 9.620600000000000263e-01 -1.731579999999999897e+00
