-5.684262599493446894e-02
-3.462116693585010063e-02
-8.689758189961330204e-03
1.275453440937770910e+00
1.387101402205332734e+00
1.535286836392470322e+00
1.703229194794405821e+00
2.224127143398056727e+00
2.236506867863365056e+00
2.343357563411951894e+00
2.391507823528913335e+00
2.425768502969729123e+00
2.597017745414921031e+00
2.713604628533788699e+00
2.761542646782772614e+00
3.014421838429385936e+00
3.046840881962824099e+00
3.086066267921024231e+00
3.478007791825659556e+00
3.866892188825543197e+00
3.930534925426818038e+00
4.322225815479797895e+00
4.460234960178667940e+00
4.490983021566659517e+00
4.519313731087939878e+00
4.706320144231584734e+00
4.801444303540342240e+00
5.143514557187526925e+00
5.154393068053696680e+00
5.276543698293419737e+00
5.769843628730331631e+00
5.909611526995662167e+00
6.117172802855908031e+00
6.239850382821690467e+00
6.467601487414016859e+00
6.657147189299633006e+00
6.699762809234368177e+00
6.789512493544731520e+00
7.012358426378389353e+00
7.205604318861811741e+00
7.214051621661713654e+00
7.402446244316807089e+00
7.474144071397072153e+00
8.206379932710889946e+00
8.382855492014639864e+00
8.587858493244983293e+00
8.697672171334120961e+00
8.884170315792015771e+00
9.439099024801043569e+00
9.448275255304537268e+00
9.581981553937577445e+00
9.589628350462806594e+00
9.926912017339530436e+00
1.002870131173523305e+01
1.008117056695302516e+01
1.048972897647980140e+01
1.050118750427779091e+01
1.050755794654495290e+01
1.117135466270765143e+01
1.126571497952970624e+01
1.152064012978445540e+01
1.162006540429097612e+01
1.195882556942779473e+01
1.237162620676845393e+01
1.300773681314317010e+01
1.315230360051044478e+01
1.315970087046054360e+01
1.360852141123347714e+01
1.410966760770784489e+01
1.543593485992992953e+01
1.579573470909156541e+01
1.613729351533273615e+01
1.636181912257924864e+01
1.649118534247917722e+01
1.715068535073744371e+01
1.742378004337750141e+01
1.888314939304352436e+01
1.899632472348269729e+01
1.936431137427819849e+01
1.952455141610172618e+01
2.159945404402620639e+01
2.331660067419777249e+01
2.540497372563097045e+01
2.541880394511118624e+01
