1.248599999999999932e+00 -0.000000000000000000e+00 -0.000000000000000000e+00 -0.000000000000000000e+00 1.231289999999999996e+00 -0.000000000000000000e+00 -0.000000000000000000e+00 -0.000000000000000000e+00 1.089320000000000066e+00
1.248599999999999932e+00 -0.000000000000000000e+00 -0.000000000000000000e+00 -0.000000000000000000e+00 1.231289999999999996e+00 -0.000000000000000000e+00 -0.000000000000000000e+00 -0.000000000000000000e+00 1.089320000000000066e+00
5.130200000000000315e-01 6.446000000000000341e-02 1.017699999999999994e-01 -1.478800000000000114e-01 9.259899999999999798e-01 6.628600000000000048e-01 -7.745000000000000495e-02 7.509400000000000519e-01 1.253619999999999957e+00
5.130200000000000315e-01 -6.446000000000000341e-02 -1.017699999999999994e-01 1.478800000000000114e-01 9.259899999999999798e-01 6.628600000000000048e-01 7.745000000000000495e-02 7.509400000000000519e-01 1.253619999999999957e+00
5.130200000000000315e-01 6.446000000000000341e-02 -1.017699999999999994e-01 -1.478800000000000114e-01 9.259899999999999798e-01 -6.628600000000000048e-01 7.745000000000000495e-02 -7.509400000000000519e-01 1.253619999999999957e+00
1.384549999999999947e+00 -4.831400000000000139e-01 -0.000000000000000000e+00 -8.981700000000000239e-01 8.649900000000000366e-01 0.000000000000000000e+00 -0.000000000000000000e+00 -0.000000000000000000e+00 5.970600000000000351e-01
1.384549999999999947e+00 4.831400000000000139e-01 -0.000000000000000000e+00 8.981700000000000239e-01 8.649900000000000366e-01 -0.000000000000000000e+00 -0.000000000000000000e+00 -0.000000000000000000e+00 5.970600000000000351e-01
5.130200000000000315e-01 -6.446000000000000341e-02 1.017699999999999994e-01 1.478800000000000114e-01 9.259899999999999798e-01 -6.628600000000000048e-01 -7.745000000000000495e-02 -7.509400000000000519e-01 1.253619999999999957e+00
-1.829590000000000050e+00 -2.920900000000000163e-01 0.000000000000000000e+00 -2.132499999999999951e-01 -1.974129999999999940e+00 0.000000000000000000e+00 0.000000000000000000e+00 0.000000000000000000e+00 -2.096810000000000063e+00
-1.829590000000000050e+00 2.920900000000000163e-01 0.000000000000000000e+00 2.132499999999999951e-01 -1.974129999999999940e+00 0.000000000000000000e+00 0.000000000000000000e+00 0.000000000000000000e+00 -2.096810000000000063e+00
-1.829590000000000050e+00 -2.920900000000000163e-01 0.000000000000000000e+00 -2.132499999999999951e-01 -1.974129999999999940e+00 0.000000000000000000e+00 0.000000000000000000e+00 0.000000000000000000e+00 -2.096810000000000063e+00
-1.829590000000000050e+00 2.920900000000000163e-01 0.000000000000000000e+00 2.132499999999999951e-01 -1.974129999999999940e+00 0.000000000000000000e+00 0.000000000000000000e+00 0.000000000000000000e+00 -2.096810000000000063e+00
