-8.949984215534516688e-03
-8.949984215049739539e-03
-5.800587732920536171e-03
1.293330852967032429e+00
1.293330852967035094e+00
1.547107421150007989e+00
1.547107421150009099e+00
1.759275413344936201e+00
1.854653146836986011e+00
1.854653146836987343e+00
2.015303739660555316e+00
2.109517879614112967e+00
2.109517879614114300e+00
2.254251717797582710e+00
2.718096034277659889e+00
3.161530323241926066e+00
3.161530323241927398e+00
3.267404935178829462e+00
6.176267444620053837e+00
6.176267444620053837e+00
6.871849874367078392e+00
