2.879259999999999931e+00 1.019899999999999973e-01 -4.208899999999999864e-01 1.019899999999999973e-01 2.761480000000000157e+00 -2.429999999999999938e-01 -4.507399999999999740e-01 -2.602400000000000269e-01 2.555250000000000021e+00
2.879259999999999931e+00 -1.019899999999999973e-01 4.208899999999999864e-01 -1.019899999999999973e-01 2.761480000000000157e+00 -2.429999999999999938e-01 4.507399999999999740e-01 -2.602400000000000269e-01 2.555250000000000021e+00
2.702599999999999891e+00 -0.000000000000000000e+00 -0.000000000000000000e+00 -0.000000000000000000e+00 2.938140000000000196e+00 4.859999999999999876e-01 -0.000000000000000000e+00 5.204699999999999882e-01 2.555250000000000021e+00
2.879259999999999931e+00 1.019899999999999973e-01 -4.208899999999999864e-01 1.019899999999999973e-01 2.761480000000000157e+00 -2.429999999999999938e-01 -4.507399999999999740e-01 -2.602400000000000269e-01 2.555250000000000021e+00
2.879259999999999931e+00 -1.019899999999999973e-01 4.208899999999999864e-01 -1.019899999999999973e-01 2.761480000000000157e+00 -2.429999999999999938e-01 4.507399999999999740e-01 -2.602400000000000269e-01 2.555250000000000021e+00
2.702599999999999891e+00 -0.000000000000000000e+00 -0.000000000000000000e+00 -0.000000000000000000e+00 2.938140000000000196e+00 4.859999999999999876e-01 -0.000000000000000000e+00 5.204699999999999882e-01 2.555250000000000021e+00
8.377200000000000202e-01 0.000000000000000000e+00 -0.000000000000000000e+00 0.000000000000000000e+00 8.377200000000000202e-01 -0.000000000000000000e+00 -0.000000000000000000e+00 -0.000000000000000000e+00 1.332470000000000043e+00
8.377200000000000202e-01 0.000000000000000000e+00 -0.000000000000000000e+00 0.000000000000000000e+00 8.377200000000000202e-01 -0.000000000000000000e+00 -0.000000000000000000e+00 -0.000000000000000000e+00 1.332470000000000043e+00
6.561200000000000365e+00 -2.171000000000000013e-02 -0.000000000000000000e+00 2.171000000000000013e-02 6.561200000000000365e+00 -0.000000000000000000e+00 -0.000000000000000000e+00 -0.000000000000000000e+00 5.708039999999999559e+00
6.561200000000000365e+00 2.171000000000000013e-02 -0.000000000000000000e+00 -2.171000000000000013e-02 6.561200000000000365e+00 -0.000000000000000000e+00 -0.000000000000000000e+00 -0.000000000000000000e+00 5.708039999999999559e+00
-2.411280000000000090e+00 -5.696999999999999842e-01 -6.249200000000000310e-01 -5.784099999999999797e-01 -2.875399999999999956e+00 -9.196100000000000385e-01 -5.719400000000000039e-01 -8.196400000000000352e-01 -2.451039999999999885e+00
-3.256520000000000081e+00 9.041000000000000425e-02 1.108870000000000022e+00 8.169999999999999485e-02 -2.030159999999999965e+00 -8.139000000000000401e-02 9.958000000000000185e-01 -8.550000000000000655e-02 -2.451039999999999885e+00
-2.262220000000000120e+00 4.923500000000000099e-01 -4.839499999999999913e-01 4.836500000000000243e-01 -3.024459999999999926e+00 1.000999999999999890e+00 -4.238600000000000145e-01 9.051399999999999446e-01 -2.451039999999999885e+00
-2.411280000000000090e+00 5.696999999999999842e-01 6.249200000000000310e-01 5.784099999999999797e-01 -2.875399999999999956e+00 -9.196100000000000385e-01 5.719400000000000039e-01 -8.196400000000000352e-01 -2.451039999999999885e+00
-2.262220000000000120e+00 -4.923500000000000099e-01 4.839499999999999913e-01 -4.836500000000000243e-01 -3.024459999999999926e+00 1.000999999999999890e+00 4.238600000000000145e-01 9.051399999999999446e-01 -2.451039999999999885e+00
-3.256520000000000081e+00 -9.041000000000000425e-02 -1.108870000000000022e+00 -8.169999999999999485e-02 -2.030159999999999965e+00 -8.139000000000000401e-02 -9.958000000000000185e-01 -8.550000000000000655e-02 -2.451039999999999885e+00
-2.411280000000000090e+00 -5.696999999999999842e-01 -6.249200000000000310e-01 -5.784099999999999797e-01 -2.875399999999999956e+00 -9.196100000000000385e-01 -5.719400000000000039e-01 -8.196400000000000352e-01 -2.451039999999999885e+00
-3.256520000000000081e+00 9.041000000000000425e-02 1.108870000000000022e+00 8.169999999999999485e-02 -2.030159999999999965e+00 -8.139000000000000401e-02 9.958000000000000185e-01 -8.550000000000000655e-02 -2.451039999999999885e+00
-2.262220000000000120e+00 4.923500000000000099e-01 -4.839499999999999913e-01 4.836500000000000243e-01 -3.024459999999999926e+00 1.000999999999999890e+00 -4.238600000000000145e-01 9.051399999999999446e-01 -2.451039999999999885e+00
-2.411280000000000090e+00 5.696999999999999842e-01 6.249200000000000310e-01 5.784099999999999797e-01 -2.875399999999999956e+00 -9.196100000000000385e-01 5.719400000000000039e-01 -8.196400000000000352e-01 -2.451039999999999885e+00
-3.256520000000000081e+00 -9.041000000000000425e-02 -1.108870000000000022e+00 -8.169999999999999485e-02 -2.030159999999999965e+00 -8.139000000000000401e-02 -9.958000000000000185e-01 -8.550000000000000655e-02 -2.451039999999999885e+00
-2.262220000000000120e+00 -4.923500000000000099e-01 4.839499999999999913e-01 -4.836500000000000243e-01 -3.024459999999999926e+00 1.000999999999999890e+00 4.238600000000000145e-01 9.051399999999999446e-01 -2.451039999999999885e+00
