-1.130844715246085430e-01
-1.130844715246085430e-01
-6.713386649076603929e-02
1.375052119012221352e+00
1.375052119012221352e+00
1.789471081073958025e+00
1.789471081073958025e+00
2.686967926864777478e+00
2.686967926864777478e+00
3.214599850681262971e+00
3.404163671153312976e+00
4.157147567744017280e+00
4.157147567744017280e+00
4.957634486325106060e+00
4.957634486325106060e+00
5.285912693187430733e+00
5.528353588546955244e+00
5.528353588546955244e+00
5.774840396062907999e+00
6.571307168288513800e+00
6.772093967156687100e+00
6.952830509943414228e+00
6.952830509943414228e+00
7.235830284079360908e+00
7.235830284079360908e+00
7.947735117629424195e+00
7.947735117629424195e+00
8.461366497203629322e+00
8.461366497203629322e+00
8.704365387551238342e+00
8.710704489305099329e+00
8.731085396444132840e+00
8.731085396444132840e+00
1.173583115931717913e+01
1.174587216855351279e+01
1.174587216855351279e+01
1.374065031212133015e+01
1.451003042725962011e+01
1.719891170975652273e+01
1.719891170975652273e+01
1.776485029489412781e+01
1.776485029489412781e+01
1.797337330608809225e+01
2.008811902593172150e+01
2.008811902593172150e+01
2.031389957639842336e+01
2.429147047833868811e+01
2.542165236565082154e+01
