-3.706277620470436185e-01
-3.706277606979811456e-01
-7.662978402683906509e-02
7.533578253393270752e-02
7.533578293214984734e-02
2.937602287580808880e-01
1.154305483829995538e+00
1.154305483829995538e+00
1.428486604767437163e+00
1.428486604767437163e+00
1.643952812583134859e+00
1.788366528427548063e+00
1.788366534019242948e+00
1.925385325071321985e+00
2.128096179687374967e+00
2.133116145454813317e+00
2.426824188110873415e+00
2.426824188110873415e+00
2.997610625147969277e+00
3.210259054967371295e+00
3.567603719585458411e+00
3.567603719585458411e+00
3.589760744116521352e+00
3.838345294524712070e+00
3.838345307551158658e+00
3.883419588455514937e+00
3.883419588455514937e+00
4.091159530011021062e+00
4.199297465052934442e+00
4.419519363007701429e+00
4.419519363007701429e+00
4.584297459807773478e+00
4.584297459807773478e+00
5.056573671964050831e+00
5.151851191562117016e+00
5.151851201267366065e+00
5.306762129585233190e+00
5.482232373768919587e+00
5.482232382889291600e+00
5.655406112738500468e+00
5.967399349800547981e+00
5.967399358179406477e+00
6.163014408550413492e+00
6.163014416663326500e+00
6.840939796548425100e+00
6.840939803857361667e+00
6.856671481119684053e+00
7.347614714994247898e+00
7.347614721799176962e+00
7.351276766657612427e+00
7.597332985989227794e+00
8.176907905804002397e+00
8.245562327700882932e+00
8.245562333764750562e+00
8.521844671196488363e+00
8.521844677063763029e+00
8.812878990432126969e+00
8.812878990432126969e+00
9.510248661312699525e+00
9.510248671827671529e+00
9.626716610558347043e+00
9.626716615752226147e+00
9.768990577331928549e+00
9.790316976482426270e+00
9.790316976482426270e+00
1.010568364832384880e+01
1.012701219511460771e+01
1.021909355079989545e+01
1.021909355079989545e+01
1.023562025477694171e+01
1.079475201197322498e+01
1.178710685452541362e+01
1.298078980647941982e+01
1.298078984499787580e+01
1.422377766277299571e+01
1.422377769792540114e+01
1.433361538482179220e+01
1.433361538482179220e+01
1.483635258410907376e+01
1.483635261781008019e+01
1.522613335683094604e+01
1.522613335683094604e+01
1.563233606982654500e+01
1.571140617513276538e+01
1.578675866034570063e+01
1.578675866034570063e+01
1.580445373937359399e+01
1.606698279080425351e+01
1.620680273835650809e+01
1.620680273835650809e+01
1.622770174732084314e+01
1.651631160398713050e+01
1.654424407460189883e+01
1.673163034494845647e+01
1.673163037483197613e+01
1.683087959674122303e+01
1.713185308132193896e+01
1.837349161155821164e+01
1.837349163877133051e+01
1.999783808315288880e+01
1.999783810815559093e+01
2.019293044607443832e+01
2.101291398164471502e+01
2.101291398164471502e+01
2.160743418363226098e+01
2.222307550722896607e+01
2.222307550722896607e+01
2.228496394432802319e+01
2.243552390741076508e+01
2.243552390741076508e+01
2.254047448480177707e+01
2.320293703391878992e+01
2.320293707701678088e+01
2.328262272597311977e+01
2.360522276954826992e+01
2.360522279073002139e+01
2.411482054670944564e+01
2.411482056744358360e+01
2.437930417382743897e+01
2.437930419433663687e+01
2.445337575877817216e+01
2.446038035272550815e+01
2.476155629196194141e+01
2.645987864673607959e+01
2.645987870342568371e+01
2.681114167654932245e+01
