-6.284459501240950707e-02
-3.754535482600832724e-02
-3.556528058514988461e-02
1.197689900756895742e+00
1.477855846516042737e+00
1.880166863360907437e+00
1.987642822779742469e+00
2.012409164243842419e+00
2.231002658800894878e+00
2.505943869218247411e+00
2.518874291470933446e+00
2.642238396804273748e+00
2.730440846927665532e+00
2.760163574489425287e+00
2.883062073553136262e+00
3.129574968547173430e+00
3.273188784778349625e+00
3.289306590528517038e+00
3.331411390363276048e+00
3.685381901580394803e+00
3.696105780226436988e+00
3.942126574922194759e+00
4.127780344721586836e+00
4.139877985124782889e+00
4.195959879202143306e+00
4.238751148533094870e+00
4.375520605293992560e+00
4.650181261306315150e+00
4.876288915482559716e+00
4.937170184004448181e+00
5.001775415719924567e+00
5.108577549442900434e+00
5.509286657728965864e+00
5.569717032094361642e+00
5.589078924343895416e+00
5.706712909232030562e+00
5.860588722183143418e+00
6.080623241006085422e+00
6.221365747686502523e+00
6.235891422992143163e+00
6.401531682626814934e+00
6.610604835468377516e+00
6.820808003591350754e+00
8.137404759148379796e+00
8.616030506268533173e+00
8.956380291661917070e+00
9.376748205004423298e+00
9.385390585811736130e+00
9.863137023047835683e+00
9.873682508041495609e+00
1.014383689310154857e+01
1.031413217708817953e+01
1.101374156371692337e+01
1.208350749486454845e+01
1.233319378780603159e+01
1.239050203545296647e+01
1.247623763648521233e+01
1.273884643597984834e+01
1.274217725477636876e+01
1.298171787403593846e+01
