6.999670000000000059e+00 9.190000000000000252e-03 1.067690000000000028e+00 4.392499999999999738e-01 7.909270000000000245e+00 -2.921699999999999853e-01 1.083620000000000028e+00 4.280999999999999805e-01 7.653419999999999668e+00
6.999670000000000059e+00 -9.190000000000000252e-03 1.067690000000000028e+00 -4.392499999999999738e-01 7.909270000000000245e+00 2.921699999999999853e-01 1.083620000000000028e+00 -4.280999999999999805e-01 7.653419999999999668e+00
6.999670000000000059e+00 9.190000000000000252e-03 1.067690000000000028e+00 4.392499999999999738e-01 7.909270000000000245e+00 -2.921699999999999853e-01 1.083620000000000028e+00 4.280999999999999805e-01 7.653419999999999668e+00
6.999670000000000059e+00 -9.190000000000000252e-03 1.067690000000000028e+00 -4.392499999999999738e-01 7.909270000000000245e+00 2.921699999999999853e-01 1.083620000000000028e+00 -4.280999999999999805e-01 7.653419999999999668e+00
4.158750000000000391e+00 -0.000000000000000000e+00 5.637400000000000189e-01 -0.000000000000000000e+00 3.241629999999999789e+00 -0.000000000000000000e+00 4.309399999999999897e-01 -0.000000000000000000e+00 3.408100000000000129e+00
4.158750000000000391e+00 -0.000000000000000000e+00 5.637400000000000189e-01 -0.000000000000000000e+00 3.241629999999999789e+00 -0.000000000000000000e+00 4.309399999999999897e-01 -0.000000000000000000e+00 3.408100000000000129e+00
-3.434439999999999937e+00 1.738080000000000069e+00 -3.497700000000000253e-01 1.141760000000000108e+00 -3.502800000000000136e+00 1.699449999999999905e+00 -5.634900000000000464e-01 1.620249999999999968e+00 -2.914689999999999781e+00
-3.434439999999999937e+00 -1.738080000000000069e+00 -3.497700000000000253e-01 -1.141760000000000108e+00 -3.502800000000000136e+00 -1.699449999999999905e+00 -5.634900000000000464e-01 -1.620249999999999968e+00 -2.914689999999999781e+00
-3.434439999999999937e+00 1.738080000000000069e+00 -3.497700000000000253e-01 1.141760000000000108e+00 -3.502800000000000136e+00 1.699449999999999905e+00 -5.634900000000000464e-01 1.620249999999999968e+00 -2.914689999999999781e+00
-3.434439999999999937e+00 -1.738080000000000069e+00 -3.497700000000000253e-01 -1.141760000000000108e+00 -3.502800000000000136e+00 -1.699449999999999905e+00 -5.634900000000000464e-01 -1.620249999999999968e+00 -2.914689999999999781e+00
-1.467240000000000100e+00 -8.593000000000000638e-02 -2.598999999999999921e-02 -4.477200000000000069e-01 -3.557300000000000129e+00 2.326060000000000016e+00 3.535900000000000154e-01 2.641970000000000152e+00 -4.079240000000000421e+00
-1.467240000000000100e+00 8.593000000000000638e-02 -2.598999999999999921e-02 4.477200000000000069e-01 -3.557300000000000129e+00 -2.326060000000000016e+00 3.535900000000000154e-01 -2.641970000000000152e+00 -4.079240000000000421e+00
-4.177369999999999806e+00 -1.436960000000000015e+00 -9.737999999999999989e-01 -1.595779999999999976e+00 -2.469980000000000064e+00 2.041199999999999959e-01 -1.089190000000000103e+00 6.181900000000000173e-01 -2.363539999999999974e+00
-4.177369999999999806e+00 1.436960000000000015e+00 -9.737999999999999989e-01 1.595779999999999976e+00 -2.469980000000000064e+00 -2.041199999999999959e-01 -1.089190000000000103e+00 -6.181900000000000173e-01 -2.363539999999999974e+00
-4.177369999999999806e+00 -1.436960000000000015e+00 -9.737999999999999989e-01 -1.595779999999999976e+00 -2.469980000000000064e+00 2.041199999999999959e-01 -1.089190000000000103e+00 6.181900000000000173e-01 -2.363539999999999974e+00
-4.177369999999999806e+00 1.436960000000000015e+00 -9.737999999999999989e-01 1.595779999999999976e+00 -2.469980000000000064e+00 -2.041199999999999959e-01 -1.089190000000000103e+00 -6.181900000000000173e-01 -2.363539999999999974e+00
-1.467240000000000100e+00 8.593000000000000638e-02 -2.598999999999999921e-02 4.477200000000000069e-01 -3.557300000000000129e+00 -2.326060000000000016e+00 3.535900000000000154e-01 -2.641970000000000152e+00 -4.079240000000000421e+00
-1.467240000000000100e+00 -8.593000000000000638e-02 -2.598999999999999921e-02 -4.477200000000000069e-01 -3.557300000000000129e+00 2.326060000000000016e+00 3.535900000000000154e-01 2.641970000000000152e+00 -4.079240000000000421e+00
