-1.360663819611589442e-01
-1.979632119864698642e-02
-1.302706831946466755e-02
1.880288547005485533e+00
3.039228278691812779e+00
5.170494396090184352e+00
6.811844295049615639e+00
6.912946962041586652e+00
9.371998068715123864e+00
9.435321393572133175e+00
1.071102194003914754e+01
1.092722640929526889e+01
1.119997446425660392e+01
1.203009941771056113e+01
1.255172422418529798e+01
1.268806135703953686e+01
1.454334132859433382e+01
1.498273926890540153e+01
1.542885783199780469e+01
1.571195137467017489e+01
1.590565377468024799e+01
1.679309414610660767e+01
1.778697343563541722e+01
1.792941767040971257e+01
1.834329594156949739e+01
1.886345721229276506e+01
1.923262025830073796e+01
2.117227649545508683e+01
2.147590121508292071e+01
2.240474342633720184e+01
