2.444550000000000001e+00 -0.000000000000000000e+00 9.256000000000000338e-02 -0.000000000000000000e+00 2.230850000000000222e+00 0.000000000000000000e+00 6.671000000000000540e-02 0.000000000000000000e+00 2.599149999999999849e+00
2.444550000000000001e+00 -0.000000000000000000e+00 -9.256000000000000338e-02 -0.000000000000000000e+00 2.230850000000000222e+00 0.000000000000000000e+00 -6.671000000000000540e-02 0.000000000000000000e+00 2.599149999999999849e+00
2.444550000000000001e+00 -0.000000000000000000e+00 9.256000000000000338e-02 -0.000000000000000000e+00 2.230850000000000222e+00 0.000000000000000000e+00 6.671000000000000540e-02 0.000000000000000000e+00 2.599149999999999849e+00
2.444550000000000001e+00 -0.000000000000000000e+00 -9.256000000000000338e-02 -0.000000000000000000e+00 2.230850000000000222e+00 0.000000000000000000e+00 -6.671000000000000540e-02 0.000000000000000000e+00 2.599149999999999849e+00
2.935890000000000111e+00 -0.000000000000000000e+00 -0.000000000000000000e+00 -0.000000000000000000e+00 3.340180000000000149e+00 0.000000000000000000e+00 -0.000000000000000000e+00 0.000000000000000000e+00 2.660460000000000047e+00
2.935890000000000111e+00 -0.000000000000000000e+00 -0.000000000000000000e+00 -0.000000000000000000e+00 3.340180000000000149e+00 0.000000000000000000e+00 -0.000000000000000000e+00 0.000000000000000000e+00 2.660460000000000047e+00
-1.956239999999999979e+00 -3.351199999999999735e-01 -3.328800000000000092e-01 -3.457100000000000173e-01 -1.950469999999999926e+00 -8.009999999999999759e-03 -3.383200000000000096e-01 -1.635500000000000009e-01 -1.964690000000000047e+00
-1.956239999999999979e+00 3.351199999999999735e-01 3.328800000000000092e-01 3.457100000000000173e-01 -1.950469999999999926e+00 -8.009999999999999759e-03 3.383200000000000096e-01 -1.635500000000000009e-01 -1.964690000000000047e+00
-1.956239999999999979e+00 3.351199999999999735e-01 -3.328800000000000092e-01 3.457100000000000173e-01 -1.950469999999999926e+00 8.009999999999999759e-03 -3.383200000000000096e-01 1.635500000000000009e-01 -1.964690000000000047e+00
-1.956239999999999979e+00 -3.351199999999999735e-01 3.328800000000000092e-01 -3.457100000000000173e-01 -1.950469999999999926e+00 8.009999999999999759e-03 3.383200000000000096e-01 1.635500000000000009e-01 -1.964690000000000047e+00
-1.956239999999999979e+00 -3.351199999999999735e-01 -3.328800000000000092e-01 -3.457100000000000173e-01 -1.950469999999999926e+00 -8.009999999999999759e-03 -3.383200000000000096e-01 -1.635500000000000009e-01 -1.964690000000000047e+00
-1.956239999999999979e+00 3.351199999999999735e-01 3.328800000000000092e-01 3.457100000000000173e-01 -1.950469999999999926e+00 -8.009999999999999759e-03 3.383200000000000096e-01 -1.635500000000000009e-01 -1.964690000000000047e+00
-1.956239999999999979e+00 -3.351199999999999735e-01 3.328800000000000092e-01 -3.457100000000000173e-01 -1.950469999999999926e+00 8.009999999999999759e-03 3.383200000000000096e-01 1.635500000000000009e-01 -1.964690000000000047e+00
-1.956239999999999979e+00 3.351199999999999735e-01 -3.328800000000000092e-01 3.457100000000000173e-01 -1.950469999999999926e+00 8.009999999999999759e-03 -3.383200000000000096e-01 1.635500000000000009e-01 -1.964690000000000047e+00
