2.861019999999999897e+00 -1.750099999999999989e-01 0.000000000000000000e+00 -5.661699999999999511e-01 2.321639999999999926e+00 0.000000000000000000e+00 0.000000000000000000e+00 0.000000000000000000e+00 2.199370000000000047e+00
2.861019999999999897e+00 -1.750099999999999989e-01 0.000000000000000000e+00 -5.661699999999999511e-01 2.321639999999999926e+00 0.000000000000000000e+00 0.000000000000000000e+00 0.000000000000000000e+00 2.199370000000000047e+00
2.861019999999999897e+00 1.750099999999999989e-01 0.000000000000000000e+00 5.661699999999999511e-01 2.321639999999999926e+00 0.000000000000000000e+00 0.000000000000000000e+00 0.000000000000000000e+00 2.199370000000000047e+00
2.861019999999999897e+00 1.750099999999999989e-01 0.000000000000000000e+00 5.661699999999999511e-01 2.321639999999999926e+00 -0.000000000000000000e+00 0.000000000000000000e+00 0.000000000000000000e+00 2.199370000000000047e+00
2.847970000000000113e+00 9.771000000000000518e-02 0.000000000000000000e+00 5.199999999999999761e-03 3.627679999999999794e+00 0.000000000000000000e+00 0.000000000000000000e+00 0.000000000000000000e+00 5.040099999999999802e+00
2.847970000000000113e+00 -9.771000000000000518e-02 0.000000000000000000e+00 -5.199999999999999761e-03 3.627679999999999794e+00 0.000000000000000000e+00 0.000000000000000000e+00 0.000000000000000000e+00 5.040099999999999802e+00
-2.021760000000000002e+00 6.113999999999999990e-02 0.000000000000000000e+00 1.349599999999999966e-01 -2.210529999999999884e+00 0.000000000000000000e+00 0.000000000000000000e+00 0.000000000000000000e+00 -2.179240000000000066e+00
-2.021760000000000002e+00 6.113999999999999990e-02 0.000000000000000000e+00 1.349599999999999966e-01 -2.210529999999999884e+00 0.000000000000000000e+00 0.000000000000000000e+00 0.000000000000000000e+00 -2.179240000000000066e+00
-2.021760000000000002e+00 -6.113999999999999990e-02 0.000000000000000000e+00 -1.349599999999999966e-01 -2.210529999999999884e+00 0.000000000000000000e+00 0.000000000000000000e+00 0.000000000000000000e+00 -2.179240000000000066e+00
-2.021760000000000002e+00 -6.113999999999999990e-02 0.000000000000000000e+00 -1.349599999999999966e-01 -2.210529999999999884e+00 0.000000000000000000e+00 0.000000000000000000e+00 0.000000000000000000e+00 -2.179240000000000066e+00
-2.263250000000000206e+00 2.388800000000000090e-01 -0.000000000000000000e+00 2.848800000000000221e-01 -1.924949999999999939e+00 0.000000000000000000e+00 0.000000000000000000e+00 0.000000000000000000e+00 -2.540179999999999882e+00
-2.263250000000000206e+00 2.388800000000000090e-01 0.000000000000000000e+00 2.848800000000000221e-01 -1.924949999999999939e+00 0.000000000000000000e+00 0.000000000000000000e+00 0.000000000000000000e+00 -2.540179999999999882e+00
-2.263250000000000206e+00 -2.388800000000000090e-01 0.000000000000000000e+00 -2.848800000000000221e-01 -1.924949999999999939e+00 -0.000000000000000000e+00 0.000000000000000000e+00 0.000000000000000000e+00 -2.540179999999999882e+00
-2.263250000000000206e+00 -2.388800000000000090e-01 0.000000000000000000e+00 -2.848800000000000221e-01 -1.924949999999999939e+00 -0.000000000000000000e+00 0.000000000000000000e+00 0.000000000000000000e+00 -2.540179999999999882e+00
