-4.417286664755474407e-02
-4.417284931606052512e-02
-2.132070772116589213e-02
1.481012871091159644e+00
1.919351570727507950e+00
1.919351571285605074e+00
3.469648915146919865e+00
3.469648916601038469e+00
3.925794202978607039e+00
3.925794204224361206e+00
4.199480344093053041e+00
4.261494016633363024e+00
4.363277953223008154e+00
4.363277954860463659e+00
4.398186369056081624e+00
5.114168480291783503e+00
5.114168480749154533e+00
6.117091368197852042e+00
6.117091368713353461e+00
6.241805397174166714e+00
8.626342353463236634e+00
9.640571935625326105e+00
9.640571936096353767e+00
1.064557533321260685e+01
1.064557533323054095e+01
1.081321793160059386e+01
1.104533098326166574e+01
1.104533098353927656e+01
1.448386302199701170e+01
1.448386302206333021e+01
1.455611843185936571e+01
1.455611843235217329e+01
1.467667882226218623e+01
1.599099975728903722e+01
2.560054327233770621e+01
2.560054327262238161e+01
2.569086422089595700e+01
2.590306485564315508e+01
2.621718638492346898e+01
2.621718638511391575e+01
2.932394817894954286e+01
2.970496923140614598e+01
