-8.373978623763045359e-02
-8.373978623733578652e-02
-5.191253985347515920e-02
2.050269628722879212e+00
2.542587380660763063e+00
2.649868184698446871e+00
2.731175351816411467e+00
2.892604932305816057e+00
2.892604932305825383e+00
3.400823279351314010e+00
3.466149641489661093e+00
3.602036115563854057e+00
3.602036115563855390e+00
3.823271698440556143e+00
3.823271698440556143e+00
3.868177168391511156e+00
3.869864101068107409e+00
3.911983702208977398e+00
4.002845539355591953e+00
4.002845539355595506e+00
4.256291351400376399e+00
4.493584771644028031e+00
4.493584771644030695e+00
4.567433598681280849e+00
4.613393520399237779e+00
4.853101791609344851e+00
5.261724625545612710e+00
5.399941941553819014e+00
5.399941941553821678e+00
5.454315006887432205e+00
5.559233600880272519e+00
5.559233600880275183e+00
5.735795378517257959e+00
6.055825998180274894e+00
6.055825998180280223e+00
6.287717796550682969e+00
6.373435416131342457e+00
6.373435416131345121e+00
6.403993082682744031e+00
6.754438820935650512e+00
7.274076974462765577e+00
7.439399133626650951e+00
7.439399133626653615e+00
7.641867311901932247e+00
7.844940754558027862e+00
7.844940754558029639e+00
7.926468377987737846e+00
8.124140820777325800e+00
8.253995248137357521e+00
8.253995248137362850e+00
8.477195038730590326e+00
8.487474675056885687e+00
8.587773255073278378e+00
8.620953977512066047e+00
8.620953977512073152e+00
9.175182500797580687e+00
9.512965369035667251e+00
9.523094173387345762e+00
9.523094173387352868e+00
9.713147767700798241e+00
1.022070527176587973e+01
1.062785320223361296e+01
1.066067095884750771e+01
1.066067095884750771e+01
1.169853380054461844e+01
1.190352955473571583e+01
1.190352955473571583e+01
1.193763583808536133e+01
1.227954233619234792e+01
1.313984671764521472e+01
1.361369138016952718e+01
1.361369138016952718e+01
1.501156123315961288e+01
1.504051436538926545e+01
1.518321778294618163e+01
1.518321778294618696e+01
1.571349534092743561e+01
1.723935163233764101e+01
1.723935163233764811e+01
1.824480996918675402e+01
1.857165910784382135e+01
1.874680056174773313e+01
1.926238634183632570e+01
1.926238634183633991e+01
