-3.802824533954726749e-02
-3.802802407581877542e-02
-2.442563131752453071e-02
2.592656110096902999e+00
2.592656111958062226e+00
2.967998380353917387e+00
3.295012763014091739e+00
3.295012763690881918e+00
3.297301101892529562e+00
3.792586752084753599e+00
3.792586752775255476e+00
3.800847057215996916e+00
3.800847057345201119e+00
3.850228542131687082e+00
3.953924228106896255e+00
5.074377164719564348e+00
5.082856540646846000e+00
5.082856541709737108e+00
5.438808153006149837e+00
5.438808154008905049e+00
5.697198383838325775e+00
6.505223349275234490e+00
6.549422432219259349e+00
6.549422432648537296e+00
6.583507129161675131e+00
6.583507129735146179e+00
7.723322784009543085e+00
8.433894557742304343e+00
8.433894557767461109e+00
8.687578067277001992e+00
8.687578067851994490e+00
8.697425282767994759e+00
8.711408744664435488e+00
9.226607600855350810e+00
9.226607601477788023e+00
9.467580453802559859e+00
9.467580454393505818e+00
9.817619131196995141e+00
1.021874892807858970e+01
1.021874892910395438e+01
1.099090389596567618e+01
1.100190225440278802e+01
1.148577292592388233e+01
1.204369169352225910e+01
1.204369169374164095e+01
1.206142724416655199e+01
1.323428072246458598e+01
1.458736552082915239e+01
1.458736552172472933e+01
1.516478188574415142e+01
1.516478188596859766e+01
1.549156658508721307e+01
1.600317859226219497e+01
1.600317859234288775e+01
1.755273229781000666e+01
1.755273229790268630e+01
2.266294879742243751e+01
