-3.624723566455812646e-02
-3.624723566403188074e-02
-3.624723566377956868e-02
1.617638298775898376e+00
1.617638298775913475e+00
1.617638298775925687e+00
2.016431557177577716e+00
2.016431557177579936e+00
2.016431557177584377e+00
2.258840852874144822e+00
2.258840852874150151e+00
2.258840852874158145e+00
2.316165609853706453e+00
2.316165609853719776e+00
2.338113216914001313e+00
2.713753135323621279e+00
2.713753135323626609e+00
2.713753135323630161e+00
3.499563003921888793e+00
3.499563003921890569e+00
3.499563003921894122e+00
4.022307636152180343e+00
4.022307636152183008e+00
4.281949527655308785e+00
4.527202456657346552e+00
4.527202456657351881e+00
4.527202456657355434e+00
5.164038322071455411e+00
5.164038322071461629e+00
5.164038322071462517e+00
5.579034590699045282e+00
5.579034590699055052e+00
5.853467125866664844e+00
7.539386890414257358e+00
7.539386890414261799e+00
7.539386890414262687e+00
1.402359266141707828e+01
1.402359266141708183e+01
1.402359266141708538e+01
1.782341301930060595e+01
1.782341301930061306e+01
1.782341301930061306e+01
