-6.977463916065779204e-02
-2.518037517591825009e-02
-2.138595522767220217e-02
1.143788323948098373e+00
1.182177905393261952e+00
1.453009652411159980e+00
1.766293916651472840e+00
1.773575921690413670e+00
1.932513184948553064e+00
2.394607988794825726e+00
2.634739615218171682e+00
3.150215345020082935e+00
3.776279981675087605e+00
4.145104232706337655e+00
4.406256268080648297e+00
4.737201505108263433e+00
5.145028085443265731e+00
5.748951713138665376e+00
5.866334801219583284e+00
6.197257377259718147e+00
6.888754764106499451e+00
6.953008111601769237e+00
7.518566685213345480e+00
8.304310898563468157e+00
8.539452382910745598e+00
9.155156224773010720e+00
9.351469478108775490e+00
9.459503744911780032e+00
9.749187135346208066e+00
9.967592873908925455e+00
9.979367960948229310e+00
1.047030257442448509e+01
1.051848991062880678e+01
1.110540215390689944e+01
1.182000186125196883e+01
1.209238615824023455e+01
1.511639593289352845e+01
1.580755768611963674e+01
1.602665114738572072e+01
1.694523959700776672e+01
1.746594005486106127e+01
1.826212909274271823e+01
1.948806932458933971e+01
2.369648412739746490e+01
2.490493696036992688e+01
