-1.054314805577566128e-01
-1.054314805576695852e-01
-6.671063675358596123e-02
3.123085509496378975e+00
3.123085509496389633e+00
3.128177303908564078e+00
3.128177303908576068e+00
3.283575778587137783e+00
4.560165528937212720e+00
4.982849090552567972e+00
4.982849090552572413e+00
5.162433437049064544e+00
6.490010404338403482e+00
6.490010404338438121e+00
7.057982446272444754e+00
7.084140487542545550e+00
7.237688669886821913e+00
7.237688669886825465e+00
7.316795382315253171e+00
7.326478702636861406e+00
7.668659915748619049e+00
7.668659915748620826e+00
8.002561964434395492e+00
8.002561964434397268e+00
8.873706020222490665e+00
8.873706020222495994e+00
8.988538854844538406e+00
9.214782484605487767e+00
1.060273471159098335e+01
1.120866424716838416e+01
1.321072779891948024e+01
1.321072779891948201e+01
1.370534617466050165e+01
1.439445668022693425e+01
1.439445668022694136e+01
1.506222395103486456e+01
1.539212068576077108e+01
1.647605609365558266e+01
1.647605609365558976e+01
1.712012963684551892e+01
1.712012963684552602e+01
1.753563402206922461e+01
1.806075233963740700e+01
1.897928407928912264e+01
1.897928407928912264e+01
1.921385534810590201e+01
1.921385534810590556e+01
1.931799418904096655e+01
1.970268180611675390e+01
2.009575048700193634e+01
2.045658772286947880e+01
2.097633883523826981e+01
2.283810636945214512e+01
2.332717430648233758e+01
