1.078889999999999905e+00 0.000000000000000000e+00 0.000000000000000000e+00 0.000000000000000000e+00 1.673240000000000061e+00 -0.000000000000000000e+00 0.000000000000000000e+00 -0.000000000000000000e+00 1.590279999999999916e+00
1.673240000000000061e+00 0.000000000000000000e+00 0.000000000000000000e+00 0.000000000000000000e+00 1.078889999999999905e+00 -0.000000000000000000e+00 0.000000000000000000e+00 -0.000000000000000000e+00 1.590279999999999916e+00
1.673240000000000061e+00 0.000000000000000000e+00 0.000000000000000000e+00 0.000000000000000000e+00 1.078889999999999905e+00 -0.000000000000000000e+00 0.000000000000000000e+00 -0.000000000000000000e+00 1.590279999999999916e+00
1.078889999999999905e+00 0.000000000000000000e+00 0.000000000000000000e+00 0.000000000000000000e+00 1.673240000000000061e+00 -0.000000000000000000e+00 0.000000000000000000e+00 -0.000000000000000000e+00 1.590279999999999916e+00
5.776700000000000168e-01 -1.250329999999999941e+00 -0.000000000000000000e+00 -1.250329999999999941e+00 5.776700000000000168e-01 0.000000000000000000e+00 -0.000000000000000000e+00 0.000000000000000000e+00 -6.812200000000000477e-01
5.776700000000000168e-01 1.250329999999999941e+00 -0.000000000000000000e+00 1.250329999999999941e+00 5.776700000000000168e-01 -0.000000000000000000e+00 -0.000000000000000000e+00 -0.000000000000000000e+00 -6.812200000000000477e-01
5.776700000000000168e-01 1.250329999999999941e+00 -0.000000000000000000e+00 1.250329999999999941e+00 5.776700000000000168e-01 -0.000000000000000000e+00 -0.000000000000000000e+00 -0.000000000000000000e+00 -6.812200000000000477e-01
5.776700000000000168e-01 -1.250329999999999941e+00 -0.000000000000000000e+00 -1.250329999999999941e+00 5.776700000000000168e-01 0.000000000000000000e+00 -0.000000000000000000e+00 0.000000000000000000e+00 -6.812200000000000477e-01
-2.031989999999999963e+00 -0.000000000000000000e+00 -0.000000000000000000e+00 -0.000000000000000000e+00 -1.875480000000000036e+00 0.000000000000000000e+00 -0.000000000000000000e+00 0.000000000000000000e+00 -9.090599999999999792e-01
-1.875480000000000036e+00 -0.000000000000000000e+00 -0.000000000000000000e+00 -0.000000000000000000e+00 -2.031989999999999963e+00 0.000000000000000000e+00 -0.000000000000000000e+00 0.000000000000000000e+00 -9.090599999999999792e-01
-1.875480000000000036e+00 -0.000000000000000000e+00 -0.000000000000000000e+00 -0.000000000000000000e+00 -2.031989999999999963e+00 0.000000000000000000e+00 -0.000000000000000000e+00 0.000000000000000000e+00 -9.090599999999999792e-01
-2.031989999999999963e+00 -0.000000000000000000e+00 -0.000000000000000000e+00 -0.000000000000000000e+00 -1.875480000000000036e+00 0.000000000000000000e+00 -0.000000000000000000e+00 0.000000000000000000e+00 -9.090599999999999792e-01
