-8.690286496767599123e-02
-6.854592082478191961e-02
-5.968526730007591569e-02
7.898700400802683985e-01
1.151211369111187377e+00
1.305029974930107528e+00
1.527384970577232437e+00
1.602143603584547549e+00
1.616973232742797695e+00
1.630558445491743447e+00
1.708428269584378434e+00
1.791731381796039635e+00
1.860018476117387243e+00
1.897662140276618947e+00
2.152200971587362677e+00
2.160649073036409185e+00
2.191050223039865852e+00
2.258352469588134515e+00
2.299700960078603806e+00
2.316971932372924314e+00
2.367669753662967391e+00
2.540447564707047690e+00
2.544269910017141978e+00
2.609479971633145379e+00
2.815266221899450194e+00
3.080225882194833176e+00
3.081287773992995582e+00
3.513305561221920392e+00
3.682766013624072965e+00
3.722456948113964437e+00
3.852046942351767811e+00
4.370446030159243378e+00
4.478662947143847717e+00
4.831357902463268239e+00
5.123550351777335976e+00
5.223555525822583867e+00
5.286539153000680002e+00
6.043166836929607655e+00
9.090109644609379203e+00
9.151486217900368203e+00
1.269363023151037240e+01
1.271478325649631813e+01
1.295828637624997981e+01
1.310835481959872162e+01
1.521053351705355894e+01
1.523298784512535242e+01
1.762172973470507742e+01
1.769820797484819508e+01
1.801897364119914968e+01
1.819154055598243858e+01
1.938637114250845883e+01
1.939300557059339170e+01
2.007071961149128470e+01
2.011432465638661782e+01
2.529668024849864594e+01
2.571438134672806086e+01
2.942125721912421810e+01
2.973947760002038621e+01
3.337415744841446497e+01
3.363408876235020983e+01
