-3.315614833672593520e-02
-1.715432130895938254e-02
-1.261941068778508167e-02
2.603749256040481797e+00
2.988876730453445596e+00
3.107312441876047604e+00
3.177304680809116100e+00
3.311395920151609218e+00
3.382615397143939884e+00
3.460713778328035950e+00
3.660542958880972364e+00
3.845199460280176229e+00
3.927667396184237880e+00
3.951501050533266390e+00
4.257148806924520912e+00
4.432038709456970871e+00
4.491842095310773608e+00
4.600962155306371315e+00
4.691338977718711334e+00
4.898625967759527633e+00
5.362482322486738617e+00
5.560665828336305516e+00
5.981763120415622303e+00
6.058254231086289465e+00
6.118480633702544580e+00
6.556537848910300781e+00
6.776376580566546792e+00
6.807386467096042004e+00
7.411412082668376478e+00
7.669800893390376295e+00
7.848959055796723483e+00
7.968690464154279063e+00
8.075589003690554435e+00
8.265689839646459092e+00
8.725357915860078251e+00
9.340523146150491840e+00
9.581852809373579305e+00
9.692438032571981665e+00
9.693218525371804617e+00
9.974637427018157254e+00
1.049534540348686207e+01
1.087080163549676293e+01
1.127708972718427027e+01
1.154511563442889965e+01
1.187819805734579859e+01
1.202447170506987639e+01
1.284940609630229424e+01
1.306109264615683863e+01
1.607679804218331654e+01
1.617576696390086965e+01
1.641260373028513442e+01
1.651124518028414201e+01
1.664131908801664750e+01
1.709189520896761394e+01
1.710462786063591878e+01
1.729298854714783928e+01
1.731909277396705704e+01
2.098001683126346606e+01
2.291722553968428855e+01
2.342119111075439264e+01
