1.054419999999999913e+00 6.897000000000000353e-02 1.340000000000000045e-03 -1.098900000000000016e-01 1.005090000000000039e+00 8.550000000000000308e-03 -2.981999999999999929e-02 2.607999999999999902e-02 1.004410000000000025e+00
1.054419999999999913e+00 -6.897000000000000353e-02 -1.340000000000000045e-03 1.098900000000000016e-01 1.005090000000000039e+00 8.550000000000000308e-03 2.981999999999999929e-02 2.607999999999999902e-02 1.004410000000000025e+00
1.054419999999999913e+00 6.897000000000000353e-02 -1.340000000000000045e-03 -1.098900000000000016e-01 1.005090000000000039e+00 -8.550000000000000308e-03 2.981999999999999929e-02 -2.607999999999999902e-02 1.004410000000000025e+00
1.054419999999999913e+00 -6.897000000000000353e-02 1.340000000000000045e-03 1.098900000000000016e-01 1.005090000000000039e+00 -8.550000000000000308e-03 -2.981999999999999929e-02 -2.607999999999999902e-02 1.004410000000000025e+00
2.523169999999999913e+00 -0.000000000000000000e+00 -0.000000000000000000e+00 -0.000000000000000000e+00 2.864679999999999893e+00 4.077999999999999958e-01 0.000000000000000000e+00 -3.368200000000000083e-01 3.208079999999999821e+00
2.523169999999999913e+00 -0.000000000000000000e+00 0.000000000000000000e+00 -0.000000000000000000e+00 2.864679999999999893e+00 -4.077999999999999958e-01 -0.000000000000000000e+00 3.368200000000000083e-01 3.208079999999999821e+00
-9.821199999999999930e-01 0.000000000000000000e+00 -0.000000000000000000e+00 0.000000000000000000e+00 -1.877150000000000096e+00 5.661800000000000166e-01 -0.000000000000000000e+00 7.259700000000000042e-01 -2.471969999999999779e+00
-9.821199999999999930e-01 0.000000000000000000e+00 0.000000000000000000e+00 0.000000000000000000e+00 -1.877150000000000096e+00 -5.661800000000000166e-01 0.000000000000000000e+00 -7.259700000000000042e-01 -2.471969999999999779e+00
-1.824940000000000007e+00 2.396600000000000119e-01 7.480000000000000537e-02 4.141400000000000081e-01 -1.498850000000000016e+00 -1.096400000000000013e-01 1.114900000000000058e-01 -2.478999999999999954e-02 -1.372460000000000013e+00
-1.824940000000000007e+00 2.396600000000000119e-01 -7.480000000000000537e-02 4.141400000000000081e-01 -1.498850000000000016e+00 1.096400000000000013e-01 -1.114900000000000058e-01 2.478999999999999954e-02 -1.372460000000000013e+00
-1.824940000000000007e+00 -2.396600000000000119e-01 -7.480000000000000537e-02 -4.141400000000000081e-01 -1.498850000000000016e+00 -1.096400000000000013e-01 -1.114900000000000058e-01 -2.478999999999999954e-02 -1.372460000000000013e+00
-1.824940000000000007e+00 -2.396600000000000119e-01 7.480000000000000537e-02 -4.141400000000000081e-01 -1.498850000000000016e+00 1.096400000000000013e-01 1.114900000000000058e-01 2.478999999999999954e-02 -1.372460000000000013e+00
