-6.994470214784631601e-02
-6.773875355516058294e-02
-3.494493769889594342e-02
2.419596822044960405e+00
2.613191299663346179e+00
2.864064414490940624e+00
3.068692247507016191e+00
3.125646609436477430e+00
3.311714232336616437e+00
3.315428812797101887e+00
3.499738868312323170e+00
3.602587032174105364e+00
3.654629654733773769e+00
3.799537970030490097e+00
3.986594119110020706e+00
4.289420546905865272e+00
4.336120832047385854e+00
4.498004544665123561e+00
4.681224086804822271e+00
4.940454234522317023e+00
5.192018632243251552e+00
5.251571712900718225e+00
5.293653330701245885e+00
5.570339755920171498e+00
5.683390485657956681e+00
5.843318572520276533e+00
5.880780965664555993e+00
6.119661452778261790e+00
6.984534993743706011e+00
6.995466235900861030e+00
7.438951305273790560e+00
7.713468192913340182e+00
7.777513134763611724e+00
7.858089543832293522e+00
8.631816338165315017e+00
9.410418938636606612e+00
9.600669065824540382e+00
1.002670993325293303e+01
1.005893228721614996e+01
1.033831769168160797e+01
1.066802870375458845e+01
1.092881037580134951e+01
1.104117486203636922e+01
1.136098621679860798e+01
1.138639774259120863e+01
1.146814784455779801e+01
1.237005901136530639e+01
1.288335010737297992e+01
1.527838727050993839e+01
1.557961221404970154e+01
1.563301394689143464e+01
1.636176389553548560e+01
1.636772137787102110e+01
1.657244769593713585e+01
1.668698172860644036e+01
1.712831173607789026e+01
1.715574819153487951e+01
1.921261258487206192e+01
2.039016278637930313e+01
2.064321436141422339e+01
