1.289169999999999927e+00 -0.000000000000000000e+00 -0.000000000000000000e+00 -0.000000000000000000e+00 1.289169999999999927e+00 -0.000000000000000000e+00 -0.000000000000000000e+00 -0.000000000000000000e+00 1.308030000000000026e+00
1.155280000000000085e+00 -0.000000000000000000e+00 -0.000000000000000000e+00 -0.000000000000000000e+00 7.676899999999999835e-01 3.103799999999999892e-01 -0.000000000000000000e+00 9.334000000000000630e-02 9.853499999999999481e-01
8.645899999999999697e-01 -1.678300000000000070e-01 -2.687899999999999734e-01 -1.678300000000000070e-01 1.058380000000000098e+00 -1.551899999999999946e-01 -8.082999999999999907e-02 -4.667000000000000315e-02 9.853499999999999481e-01
8.645899999999999697e-01 1.678300000000000070e-01 2.687899999999999734e-01 1.678300000000000070e-01 1.058380000000000098e+00 -1.551899999999999946e-01 8.082999999999999907e-02 -4.667000000000000315e-02 9.853499999999999481e-01
8.645899999999999697e-01 -1.678300000000000070e-01 -2.687899999999999734e-01 -1.678300000000000070e-01 1.058380000000000098e+00 -1.551899999999999946e-01 -8.082999999999999907e-02 -4.667000000000000315e-02 9.853499999999999481e-01
1.155280000000000085e+00 -0.000000000000000000e+00 -0.000000000000000000e+00 -0.000000000000000000e+00 7.676899999999999835e-01 3.103799999999999892e-01 -0.000000000000000000e+00 9.334000000000000630e-02 9.853499999999999481e-01
8.645899999999999697e-01 1.678300000000000070e-01 2.687899999999999734e-01 1.678300000000000070e-01 1.058380000000000098e+00 -1.551899999999999946e-01 8.082999999999999907e-02 -4.667000000000000315e-02 9.853499999999999481e-01
4.148209999999999731e+00 -0.000000000000000000e+00 -0.000000000000000000e+00 -0.000000000000000000e+00 4.148209999999999731e+00 -0.000000000000000000e+00 -0.000000000000000000e+00 -0.000000000000000000e+00 3.867480000000000029e+00
-1.983340000000000103e+00 -2.002700000000000036e-01 3.942300000000000249e-01 -2.002700000000000036e-01 -1.752089999999999925e+00 2.276100000000000068e-01 4.296699999999999964e-01 2.480700000000000127e-01 -1.847930000000000073e+00
-1.636460000000000026e+00 0.000000000000000000e+00 0.000000000000000000e+00 0.000000000000000000e+00 -2.098970000000000002e+00 -4.552200000000000135e-01 0.000000000000000000e+00 -4.961400000000000254e-01 -1.847930000000000073e+00
-1.983340000000000103e+00 2.002700000000000036e-01 -3.942300000000000249e-01 2.002700000000000036e-01 -1.752089999999999925e+00 2.276100000000000068e-01 -4.296699999999999964e-01 2.480700000000000127e-01 -1.847930000000000073e+00
-1.983340000000000103e+00 -2.002700000000000036e-01 3.942300000000000249e-01 -2.002700000000000036e-01 -1.752089999999999925e+00 2.276100000000000068e-01 4.296699999999999964e-01 2.480700000000000127e-01 -1.847930000000000073e+00
-1.636460000000000026e+00 0.000000000000000000e+00 0.000000000000000000e+00 0.000000000000000000e+00 -2.098970000000000002e+00 -4.552200000000000135e-01 0.000000000000000000e+00 -4.961400000000000254e-01 -1.847930000000000073e+00
-1.983340000000000103e+00 2.002700000000000036e-01 -3.942300000000000249e-01 2.002700000000000036e-01 -1.752089999999999925e+00 2.276100000000000068e-01 -4.296699999999999964e-01 2.480700000000000127e-01 -1.847930000000000073e+00
