-5.727104687361669194e-02
-3.482967972864522282e-02
-1.544068032827569485e-02
8.221322953150544954e-01
8.738864474289551598e-01
1.074309303692376982e+00
1.092275359055581596e+00
1.202795323402947147e+00
1.373642646396798561e+00
1.545827509782381926e+00
1.598337342365496960e+00
1.633559273488415453e+00
1.655993194430460225e+00
1.686255386944694123e+00
1.701778660695920209e+00
1.756399701093119603e+00
1.769596567017465594e+00
1.806061615781698659e+00
1.873195139327454184e+00
1.892213016549669558e+00
1.942811259489711784e+00
2.026232930834952040e+00
2.052597978173027471e+00
2.072117619731080662e+00
2.081934393779016013e+00
2.130716597767051912e+00
2.177076937087892627e+00
2.341900027755241087e+00
2.391029692412873331e+00
2.431263235439552250e+00
2.540378607609503625e+00
2.649900615117480207e+00
2.894206910364219176e+00
2.905721855236663931e+00
3.255491667935889399e+00
3.292068088603271825e+00
3.301066524625033693e+00
3.401847968384242638e+00
3.506034127044401760e+00
3.828143923626696754e+00
3.936198381687589620e+00
4.159387779469473578e+00
4.280963875110370687e+00
4.525846053502041499e+00
4.585415313796559644e+00
4.664772588240502671e+00
4.679363599892617742e+00
4.699477928451202047e+00
4.771772375124363030e+00
4.950367006596581909e+00
5.015437478425984530e+00
5.058399361458127963e+00
5.108404007123946933e+00
5.152081948106027376e+00
5.340569220598118783e+00
5.562580408407594490e+00
5.658724732658410694e+00
5.746874724578568738e+00
5.957484704134791365e+00
6.094367292836886385e+00
6.117991663936785507e+00
6.211388959001038046e+00
6.247055554419217671e+00
6.380323792724002629e+00
6.535592253193279078e+00
6.636332051668301091e+00
6.802896890296074695e+00
6.834012181727509905e+00
6.894368107375759003e+00
6.921485902607908081e+00
7.000942900781294220e+00
7.037424777573114909e+00
7.093977473885859197e+00
7.121890689978329192e+00
7.149356887161250285e+00
7.181964981813821147e+00
7.340818360373726037e+00
7.391361606632433912e+00
7.497034787167524250e+00
7.575164651675896366e+00
7.614887812699540959e+00
7.636902703321549524e+00
7.767035438312355211e+00
7.827476681536649217e+00
7.949017499037223544e+00
7.991632386440207014e+00
8.023665976347720274e+00
8.113657134732770615e+00
8.131600365241764550e+00
8.226777741011360945e+00
8.264738816199820093e+00
8.333267102403475235e+00
8.447105527930855118e+00
8.497042291291716509e+00
8.608126143360122384e+00
8.652517205992715787e+00
9.016760959457670310e+00
9.092805078742202340e+00
9.295400830518284252e+00
9.315975966048860357e+00
9.386263836053192477e+00
9.427219494633611419e+00
9.541599247505629933e+00
9.718490623548493801e+00
9.729099716828891076e+00
9.894678564763990991e+00
9.943030684856603685e+00
1.001045643315028855e+01
1.025346146430560346e+01
1.026751761624980119e+01
1.041989932772865224e+01
1.085504781196287460e+01
1.106405648937133712e+01
1.120224508748134795e+01
1.146184356899011370e+01
1.156806781619125779e+01
1.163901525044107821e+01
1.171268858973036942e+01
1.172642166221221949e+01
1.189464076800976855e+01
1.478134253036577128e+01
1.491552084239769371e+01
1.508561964256026222e+01
1.517721957408536682e+01
1.540349349985255856e+01
1.557124542225187547e+01
1.562370743453678479e+01
1.573735374832757472e+01
1.582453304208373801e+01
1.586762464895108415e+01
1.594620318445742058e+01
1.599403688879077201e+01
1.608011374337880639e+01
1.609768287673725951e+01
1.626603329026471556e+01
1.633129679480475360e+01
1.636775320561743996e+01
1.650374660493792334e+01
1.656059488665790624e+01
1.662591973395757705e+01
1.669036185946847439e+01
2.042892960974705474e+01
2.056639095709308052e+01
2.148311232107675650e+01
2.155610846140833559e+01
2.252657224257610125e+01
2.260167529188931823e+01
2.315250297484054087e+01
2.329900858405781960e+01
2.344458404408148056e+01
