1.337960000000000038e+00 -8.451999999999999791e-02 -0.000000000000000000e+00 8.451999999999999791e-02 1.337960000000000038e+00 -0.000000000000000000e+00 -0.000000000000000000e+00 -0.000000000000000000e+00 1.223470000000000057e+00
6.223830000000000418e+00 -3.377100000000000102e-01 -0.000000000000000000e+00 3.377100000000000102e-01 6.223830000000000418e+00 -0.000000000000000000e+00 -0.000000000000000000e+00 -0.000000000000000000e+00 5.699559999999999960e+00
5.631709999999999994e+00 -4.273700000000000276e-01 -0.000000000000000000e+00 4.273700000000000276e-01 5.631709999999999994e+00 -0.000000000000000000e+00 -0.000000000000000000e+00 -0.000000000000000000e+00 3.754620000000000068e+00
4.301940000000000097e+00 1.027740000000000098e+00 -0.000000000000000000e+00 -1.027740000000000098e+00 4.301940000000000097e+00 0.000000000000000000e+00 -0.000000000000000000e+00 0.000000000000000000e+00 6.100920000000000343e+00
-2.478299999999999947e+00 -5.914300000000000113e-01 -1.551290000000000058e+00 -1.696999999999999897e-01 -1.264760000000000106e+00 -4.046000000000000152e-01 -1.753830000000000000e+00 -6.966599999999999460e-01 -2.731199999999999850e+00
-2.478299999999999947e+00 -5.914300000000000113e-01 1.551290000000000058e+00 -1.696999999999999897e-01 -1.264760000000000106e+00 4.046000000000000152e-01 1.753830000000000000e+00 6.966599999999999460e-01 -2.731199999999999850e+00
-1.264760000000000106e+00 1.696999999999999897e-01 4.046000000000000152e-01 5.914300000000000113e-01 -2.478299999999999947e+00 -1.551290000000000058e+00 6.966599999999999460e-01 -1.753830000000000000e+00 -2.731199999999999850e+00
-1.264760000000000106e+00 1.696999999999999897e-01 -4.046000000000000152e-01 5.914300000000000113e-01 -2.478299999999999947e+00 1.551290000000000058e+00 -6.966599999999999460e-01 1.753830000000000000e+00 -2.731199999999999850e+00
-2.432459999999999845e+00 1.853320000000000078e+00 7.477899999999999547e-01 1.520659999999999901e+00 -2.572220000000000173e+00 -4.814300000000000246e-01 2.498799999999999910e-01 -2.312599999999999933e-01 -1.463449999999999918e+00
-2.432459999999999845e+00 1.853320000000000078e+00 -7.477899999999999547e-01 1.520659999999999901e+00 -2.572220000000000173e+00 4.814300000000000246e-01 -2.498799999999999910e-01 2.312599999999999933e-01 -1.463449999999999918e+00
-2.572220000000000173e+00 -1.520659999999999901e+00 4.814300000000000246e-01 -1.853320000000000078e+00 -2.432459999999999845e+00 7.477899999999999547e-01 2.312599999999999933e-01 2.498799999999999910e-01 -1.463449999999999918e+00
-2.572220000000000173e+00 -1.520659999999999901e+00 -4.814300000000000246e-01 -1.853320000000000078e+00 -2.432459999999999845e+00 -7.477899999999999547e-01 -2.312599999999999933e-01 -2.498799999999999910e-01 -1.463449999999999918e+00
