-4.045759384837412376e-01
-4.765617473108810231e-02
-1.484417168453666148e-02
7.833481141867898456e-02
9.721302721343472175e-01
1.600478284763651393e+00
1.635524692568106619e+00
3.429669867494537616e+00
3.818070258651613536e+00
3.901341448783994803e+00
4.590867652198220128e+00
4.895150661624215971e+00
4.905926701449992322e+00
5.273307434618239142e+00
5.629078574686979586e+00
5.795263289963623166e+00
6.354372321480698638e+00
6.363571010054024590e+00
6.896208226264633367e+00
6.918773793093686564e+00
7.001226671091288267e+00
7.534457750893556849e+00
7.806839930471227262e+00
7.923077217849135323e+00
8.110275439219064353e+00
8.770979722927194189e+00
8.886751110501519335e+00
9.840593843869383406e+00
1.041369900659703163e+01
1.086989263976420261e+01
1.119221032682999528e+01
1.171877536263922082e+01
1.198523783660549569e+01
1.232778885283163817e+01
1.263756372882052048e+01
1.294886500817735708e+01
1.353241275604612959e+01
1.360226010632056592e+01
1.441819860454141455e+01
1.483503629924780576e+01
1.506444685343607226e+01
1.509356588086460071e+01
1.515013293671048977e+01
1.555004601279365950e+01
1.692930450432031364e+01
1.735584696867312005e+01
1.889710176191047708e+01
1.905650329939886944e+01
2.128454554365678675e+01
2.439031707460975085e+01
2.755797008126687331e+01
