-1.991478338986105434e-01
-1.991478171914569384e-01
-5.168160272719474896e-02
2.159850866207355224e+00
2.882810037989713248e+00
2.882810040673955854e+00
3.011236917522909007e+00
3.257090199880003034e+00
3.257090200062226604e+00
3.616825186178307394e+00
3.616825186350955956e+00
3.763331405429861665e+00
4.060546868956709687e+00
4.304172258166311771e+00
4.431172654560729285e+00
4.431172655888185652e+00
5.005917142329161074e+00
5.005917143282196946e+00
5.345935332907479243e+00
5.345935334244426684e+00
5.629768770458684735e+00
5.725461019312617417e+00
5.725461019789061190e+00
6.008144491718824476e+00
6.533610803451733950e+00
6.533610804649726767e+00
6.985424252349107910e+00
7.209486505497045172e+00
7.396978877114332995e+00
7.396978877348317383e+00
7.898021704716882141e+00
8.452653485519109111e+00
8.452653486112456704e+00
8.808389703957073991e+00
8.808389704501147222e+00
9.046145324548422906e+00
9.466791808807956343e+00
9.466791809744998787e+00
9.934856008129862914e+00
1.271963133948575297e+01
1.271963133956095682e+01
1.302930856330896070e+01
1.302930856348678290e+01
1.390711054360392041e+01
1.390711054365733368e+01
1.509248142831162376e+01
1.512424144762185563e+01
1.512424144768187340e+01
1.583915849736523462e+01
1.583915849754843919e+01
1.618310497436627671e+01
1.717029323072598856e+01
1.717029323101949601e+01
1.721002994377946749e+01
1.744364318972186467e+01
1.814554075585984094e+01
1.893152173681339789e+01
1.893152173711498421e+01
2.001384775195425547e+01
2.001384775202649280e+01
2.302111696745095060e+01
2.542644234780324553e+01
2.542644234794180846e+01
2.571025354960384490e+01
2.580353922139036271e+01
2.700745465419353408e+01
2.700745465430194869e+01
2.908130992969066497e+01
2.926249251051168798e+01
