-5.435667556851597748e-02
-1.731194938468906194e-02
-1.731181362421179565e-02
2.281879118960395747e+00
2.281879120134331806e+00
2.386897535544868720e+00
2.386897536867019998e+00
3.493857251140581432e+00
3.493857251824839416e+00
3.521856277584486605e+00
5.615130853802397404e+00
5.740585124982606757e+00
5.854335349592135529e+00
6.222604284145084819e+00
6.394042748101751883e+00
6.394042748368715223e+00
6.587716738271558015e+00
6.921098691333398278e+00
6.921098691481991416e+00
7.347961481104667847e+00
7.347961481718239263e+00
7.360734074529509563e+00
7.638914950434719131e+00
7.638914950861608766e+00
8.160118525007128198e+00
8.548164136872507868e+00
8.710937774750671991e+00
8.710937774857981708e+00
8.932050328979020293e+00
8.932050329237105402e+00
9.001337791931398158e+00
9.001337792060780885e+00
9.452558460265256812e+00
9.452558460631525605e+00
9.546236246896690147e+00
9.610288470971784847e+00
9.610288471133474175e+00
9.878483528470781039e+00
9.898839433409898803e+00
9.898839433940095134e+00
1.044967973487576351e+01
1.067364694933431402e+01
1.069850456086546231e+01
1.069850456097537617e+01
1.072260889809777851e+01
1.072260889819783003e+01
1.098549772928121904e+01
1.131683367521023165e+01
1.131683367594603595e+01
1.139751247338897855e+01
1.143126360543392828e+01
1.143126360616779813e+01
1.160323929554717282e+01
1.186410834354104971e+01
1.186410834363940658e+01
1.212909359113429097e+01
1.220194102300138539e+01
1.220194102309509887e+01
1.236122232311905478e+01
1.236122232349502248e+01
1.268635483343826564e+01
1.268635483374037420e+01
1.291346220860066296e+01
1.341586878874524125e+01
1.377668183462491669e+01
1.446961499907009063e+01
1.446961499924534600e+01
1.451358146376183988e+01
1.451358146393718407e+01
1.511983168521508958e+01
1.725812884008680825e+01
1.725812884025130600e+01
1.726856035270330736e+01
1.726856035301671710e+01
1.828554772430175746e+01
1.848948104884406973e+01
1.848948104903317713e+01
1.857687856853732455e+01
1.857687856907277180e+01
1.888026153606124424e+01
1.900184474641820742e+01
1.993244578697983727e+01
1.993244578701065350e+01
1.997796893343832991e+01
1.997796893385970307e+01
2.080591379199778501e+01
2.278022538690607490e+01
2.405679265679020062e+01
2.410896112408218173e+01
2.420726212234821517e+01
