-2.088785634404013644e-02
-9.244487214358526606e-03
-5.491775084892195659e-03
1.958928628616529055e+00
3.367100046909601296e+00
3.439098687406970001e+00
3.758650372375103021e+00
3.842088593105548178e+00
4.092019445993579474e+00
4.212960529195853177e+00
4.365217993948563802e+00
4.838445026297099716e+00
5.275093570087093120e+00
5.553864121070231974e+00
6.571047185085126863e+00
7.305442676927160761e+00
8.281843045977749895e+00
9.778622414072634328e+00
1.064285475780529033e+01
1.151790106778124567e+01
1.304816002419973309e+01
1.386412670713518658e+01
1.497885059298640620e+01
1.557377651307266575e+01
