1.442399999999999904e+00 1.474399999999999877e-01 9.253999999999999726e-02 1.611400000000000055e-01 1.442409999999999970e+00 9.200999999999999457e-02 9.926999999999999713e-02 7.886999999999999567e-02 1.224739999999999940e+00
1.442399999999999904e+00 -1.474399999999999877e-01 9.253999999999999726e-02 -1.611400000000000055e-01 1.442409999999999970e+00 -9.200999999999999457e-02 9.926999999999999713e-02 -7.886999999999999567e-02 1.224739999999999940e+00
1.442399999999999904e+00 1.474399999999999877e-01 9.253999999999999726e-02 1.611400000000000055e-01 1.442409999999999970e+00 9.200999999999999457e-02 9.926999999999999713e-02 7.886999999999999567e-02 1.224739999999999940e+00
1.284010000000000096e+00 -6.536999999999999755e-02 9.414999999999999758e-02 -8.452999999999999403e-02 1.559080000000000021e+00 1.354999999999999954e-02 9.063000000000000222e-02 5.329999999999999669e-03 1.324589999999999934e+00
1.284010000000000096e+00 6.536999999999999755e-02 9.414999999999999758e-02 8.452999999999999403e-02 1.559080000000000021e+00 -1.354999999999999954e-02 9.063000000000000222e-02 -5.329999999999999669e-03 1.324589999999999934e+00
1.284010000000000096e+00 -6.536999999999999755e-02 9.414999999999999758e-02 -8.452999999999999403e-02 1.559080000000000021e+00 1.354999999999999954e-02 9.063000000000000222e-02 5.329999999999999669e-03 1.324589999999999934e+00
1.284010000000000096e+00 6.536999999999999755e-02 9.414999999999999758e-02 8.452999999999999403e-02 1.559080000000000021e+00 -1.354999999999999954e-02 9.063000000000000222e-02 -5.329999999999999669e-03 1.324589999999999934e+00
1.406560000000000032e+00 -1.621799999999999908e-01 -1.558700000000000085e-01 -1.617300000000000126e-01 1.321669999999999900e+00 9.188000000000000334e-02 -1.842600000000000071e-01 9.229999999999999316e-02 1.325960000000000027e+00
1.406560000000000032e+00 1.621799999999999908e-01 -1.558700000000000085e-01 1.617300000000000126e-01 1.321669999999999900e+00 -9.188000000000000334e-02 -1.842600000000000071e-01 -9.229999999999999316e-02 1.325960000000000027e+00
1.406560000000000032e+00 -1.621799999999999908e-01 -1.558700000000000085e-01 -1.617300000000000126e-01 1.321669999999999900e+00 9.188000000000000334e-02 -1.842600000000000071e-01 9.229999999999999316e-02 1.325960000000000027e+00
1.406560000000000032e+00 1.621799999999999908e-01 -1.558700000000000085e-01 1.617300000000000126e-01 1.321669999999999900e+00 -9.188000000000000334e-02 -1.842600000000000071e-01 -9.229999999999999316e-02 1.325960000000000027e+00
1.442399999999999904e+00 -1.474399999999999877e-01 9.253999999999999726e-02 -1.611400000000000055e-01 1.442409999999999970e+00 -9.200999999999999457e-02 9.926999999999999713e-02 -7.886999999999999567e-02 1.224739999999999940e+00
2.690069999999999961e+00 -8.702000000000000013e-02 8.207000000000000406e-02 -3.065000000000000016e-02 2.881349999999999856e+00 -9.964000000000000634e-02 5.274999999999999828e-02 -7.696000000000000063e-02 2.960589999999999833e+00
2.690069999999999961e+00 8.702000000000000013e-02 8.207000000000000406e-02 3.065000000000000016e-02 2.881349999999999856e+00 9.964000000000000634e-02 5.274999999999999828e-02 7.696000000000000063e-02 2.960589999999999833e+00
2.690069999999999961e+00 -8.702000000000000013e-02 8.207000000000000406e-02 -3.065000000000000016e-02 2.881349999999999856e+00 -9.964000000000000634e-02 5.274999999999999828e-02 -7.696000000000000063e-02 2.960589999999999833e+00
2.690069999999999961e+00 8.702000000000000013e-02 8.207000000000000406e-02 3.065000000000000016e-02 2.881349999999999856e+00 9.964000000000000634e-02 5.274999999999999828e-02 7.696000000000000063e-02 2.960589999999999833e+00
-1.997949999999999893e+00 2.266199999999999881e-01 -1.238400000000000056e-01 3.215700000000000225e-01 -2.217890000000000139e+00 3.106800000000000117e-01 -1.042399999999999993e-01 2.334700000000000109e-01 -1.782829999999999915e+00
-1.283409999999999940e+00 -3.290000000000000147e-01 -3.586599999999999788e-01 -2.533799999999999941e-01 -2.573700000000000099e+00 -1.026089999999999947e+00 -3.692699999999999871e-01 -9.895199999999999552e-01 -2.355490000000000084e+00
-1.283409999999999940e+00 3.290000000000000147e-01 -3.586599999999999788e-01 2.533799999999999941e-01 -2.573700000000000099e+00 1.026089999999999947e+00 -3.692699999999999871e-01 9.895199999999999552e-01 -2.355490000000000084e+00
-1.730169999999999986e+00 -8.146000000000000463e-02 2.091800000000000048e-01 3.249999999999999851e-03 -1.881860000000000088e+00 2.416600000000000137e-01 2.959999999999999853e-01 2.779099999999999904e-01 -2.313930000000000042e+00
-1.997949999999999893e+00 -2.266199999999999881e-01 -1.238400000000000056e-01 -3.215700000000000225e-01 -2.217890000000000139e+00 -3.106800000000000117e-01 -1.042399999999999993e-01 -2.334700000000000109e-01 -1.782829999999999915e+00
-1.997949999999999893e+00 2.266199999999999881e-01 -1.238400000000000056e-01 3.215700000000000225e-01 -2.217890000000000139e+00 3.106800000000000117e-01 -1.042399999999999993e-01 2.334700000000000109e-01 -1.782829999999999915e+00
-1.997949999999999893e+00 -2.266199999999999881e-01 -1.238400000000000056e-01 -3.215700000000000225e-01 -2.217890000000000139e+00 -3.106800000000000117e-01 -1.042399999999999993e-01 -2.334700000000000109e-01 -1.782829999999999915e+00
-2.453209999999999891e+00 1.080099999999999949e-01 -1.890000000000000013e-02 1.294200000000000073e-01 -1.817909999999999915e+00 2.230999999999999997e-02 -6.550999999999999879e-02 1.544000000000000060e-02 -1.561379999999999990e+00
-2.453209999999999891e+00 -1.080099999999999949e-01 -1.890000000000000013e-02 -1.294200000000000073e-01 -1.817909999999999915e+00 -2.230999999999999997e-02 -6.550999999999999879e-02 -1.544000000000000060e-02 -1.561379999999999990e+00
-2.453209999999999891e+00 1.080099999999999949e-01 -1.890000000000000013e-02 1.294200000000000073e-01 -1.817909999999999915e+00 2.230999999999999997e-02 -6.550999999999999879e-02 1.544000000000000060e-02 -1.561379999999999990e+00
-2.453209999999999891e+00 -1.080099999999999949e-01 -1.890000000000000013e-02 -1.294200000000000073e-01 -1.817909999999999915e+00 -2.230999999999999997e-02 -6.550999999999999879e-02 -1.544000000000000060e-02 -1.561379999999999990e+00
-1.730169999999999986e+00 8.146000000000000463e-02 2.091800000000000048e-01 -3.249999999999999851e-03 -1.881860000000000088e+00 -2.416600000000000137e-01 2.959999999999999853e-01 -2.779099999999999904e-01 -2.313930000000000042e+00
-1.730169999999999986e+00 -8.146000000000000463e-02 2.091800000000000048e-01 3.249999999999999851e-03 -1.881860000000000088e+00 2.416600000000000137e-01 2.959999999999999853e-01 2.779099999999999904e-01 -2.313930000000000042e+00
-1.730169999999999986e+00 8.146000000000000463e-02 2.091800000000000048e-01 -3.249999999999999851e-03 -1.881860000000000088e+00 -2.416600000000000137e-01 2.959999999999999853e-01 -2.779099999999999904e-01 -2.313930000000000042e+00
