-1.649903851744094763e-01
-1.649903851744094763e-01
-1.649903851744094763e-01
1.194580922332179274e+00
1.194580922332179274e+00
1.194580922332179274e+00
3.772538588271828530e+00
3.772538588271828530e+00
3.772538588271828530e+00
4.452961407872293442e+00
4.452961407872293442e+00
4.452961407872293442e+00
6.732538882175133743e+00
6.732538882175133743e+00
6.732538882175133743e+00
7.631998342505061039e+00
7.631998342505061039e+00
7.631998342505061039e+00
8.484329767282739354e+00
8.484329767282739354e+00
8.484329767282739354e+00
1.012758446027481973e+01
1.012758446027481973e+01
1.012758446027481973e+01
