-1.055649580861593717e-01
-4.569232639570407206e-02
-1.327586894491570614e-02
1.557454953297346290e+00
1.827697596218473386e+00
1.841630691185414559e+00
2.245925954805325198e+00
2.577591956182561539e+00
2.601525004486235471e+00
2.724673172909726659e+00
2.783587293453552380e+00
2.868675806820912388e+00
3.128878580808839072e+00
3.450617342535971854e+00
3.456259751403938374e+00
3.563574611890291344e+00
3.709579568773844649e+00
3.921964241116532079e+00
5.128216804851137844e+00
5.632419817106609550e+00
5.994323345156081118e+00
6.817085043396812871e+00
8.133571525048182593e+00
8.306337080595177724e+00
9.751808807739909213e+00
9.904003914853804602e+00
1.100942614953519794e+01
1.203810972755688091e+01
1.285796810482532848e+01
1.384719050912874572e+01
1.441818869840056472e+01
1.532433653295987064e+01
1.669916491478773679e+01
1.809575752928187242e+01
2.058015896201909811e+01
2.149215263706070189e+01
