-3.616707570001401889e-02
-3.521809260956428045e-02
-3.521799998358604578e-02
2.758636223363916784e+00
2.853610933969230601e+00
2.853610935151264627e+00
3.163087882312231258e+00
4.458129337596973052e+00
4.458129338121851859e+00
4.885853160491603120e+00
5.024041347540396885e+00
5.033562217197435906e+00
5.033562217849273601e+00
5.493028515428822089e+00
5.493028515691742442e+00
6.017666829670684336e+00
6.017666830249549292e+00
6.052106035949815777e+00
6.822934818613164865e+00
6.944223472911813744e+00
7.245524187387175630e+00
7.245524187552524253e+00
7.957191304605657045e+00
7.957191305137998327e+00
9.003189829358278828e+00
9.003189829626823126e+00
1.028311776817159284e+01
1.031359209502157803e+01
1.082727036348269145e+01
1.082727036365651863e+01
1.107129209821782112e+01
1.107129209822520011e+01
1.144676659447727296e+01
1.144735487435105981e+01
1.179704395992018995e+01
1.179704396011282341e+01
1.201270364496512499e+01
1.201270364513892375e+01
1.222934535412598045e+01
1.270932937676728081e+01
1.270932937688743003e+01
1.287280926026790517e+01
1.289440407770734609e+01
1.362757821586144580e+01
1.362757821596282248e+01
1.401598850788369255e+01
1.407597709041672474e+01
1.407597709073194459e+01
1.477080916327531668e+01
1.531393914104122977e+01
1.542719442758315651e+01
1.542719442782240868e+01
1.579792675455233919e+01
1.579792675480237740e+01
1.599023867342617500e+01
1.614768774085989378e+01
1.614768774105092319e+01
1.652550240284838523e+01
1.739845446170519239e+01
1.739845446224741821e+01
2.380635889215994894e+01
2.395148393695887634e+01
2.395148393699511757e+01
2.516075536236418486e+01
2.537839504760405163e+01
2.537839504779212874e+01
2.608829425469563290e+01
2.626247360635876404e+01
2.635765506792965951e+01
2.635765506800821711e+01
2.823072255995866442e+01
2.823072256005763947e+01
