-1.725230458722898652e-01
-7.243497514517477365e-02
-3.936619447044686221e-02
2.855165593319848316e+00
2.929987227601194455e+00
3.294413180503717786e+00
3.377275063349103323e+00
3.379602670400783992e+00
3.563894551196340910e+00
3.602809064687277907e+00
3.793162150162563861e+00
4.086360360620441057e+00
4.109056667286312248e+00
4.161907969864238943e+00
4.315294794951473278e+00
4.317093645938254731e+00
4.656055953621788035e+00
4.662547106045982659e+00
5.039436961015870686e+00
5.060028234363755040e+00
5.356013086980746074e+00
5.592222164309709420e+00
5.652330780017426726e+00
5.755387450003795813e+00
5.917402898431744163e+00
6.331177969478979151e+00
6.343720951956391296e+00
6.596674974863303120e+00
6.677075431553034512e+00
6.886456589113414850e+00
7.049222497826144185e+00
8.160441831775793631e+00
8.433258051437062974e+00
8.857562951827780751e+00
8.974148671780655562e+00
9.400199478883708437e+00
9.607630199100395174e+00
9.760559156473217257e+00
1.016743276052114808e+01
1.030593421512187469e+01
1.066068881879237118e+01
1.078243046479993517e+01
1.090994731721507804e+01
1.138870136077828299e+01
1.202335565744962409e+01
1.212634978341606917e+01
1.326608292423241409e+01
1.397411514806170807e+01
1.426460715439410265e+01
1.468032938484438787e+01
1.473101630741950530e+01
1.498754332993231664e+01
1.637823345692633481e+01
1.641629091992805201e+01
1.689898855939680189e+01
1.703613636040492452e+01
2.063043884969390263e+01
2.085920492913281166e+01
2.321300030221996380e+01
2.343104760677763210e+01
