5.234670000000000378e+00 -5.142999999999999655e-02 -0.000000000000000000e+00 5.142999999999999655e-02 5.234670000000000378e+00 -0.000000000000000000e+00 -0.000000000000000000e+00 -0.000000000000000000e+00 5.166269999999999918e+00
5.234670000000000378e+00 -5.142999999999999655e-02 -0.000000000000000000e+00 5.142999999999999655e-02 5.234670000000000378e+00 -0.000000000000000000e+00 -0.000000000000000000e+00 -0.000000000000000000e+00 5.166269999999999918e+00
4.334030000000000271e+00 7.720000000000000299e-03 -0.000000000000000000e+00 -7.720000000000000299e-03 4.334030000000000271e+00 -0.000000000000000000e+00 -0.000000000000000000e+00 -0.000000000000000000e+00 3.616870000000000029e+00
4.334030000000000271e+00 7.720000000000000299e-03 -0.000000000000000000e+00 -7.720000000000000299e-03 4.334030000000000271e+00 -0.000000000000000000e+00 -0.000000000000000000e+00 -0.000000000000000000e+00 3.616870000000000029e+00
-2.397229999999999972e+00 -5.422200000000000353e-01 -4.517800000000000149e-01 -5.640699999999999603e-01 -2.387119999999999909e+00 3.314099999999999824e-01 -2.809200000000000030e-01 3.202200000000000046e-01 -2.195780000000000065e+00
-2.387119999999999909e+00 5.640699999999999603e-01 3.314099999999999824e-01 5.422200000000000353e-01 -2.397229999999999972e+00 4.517800000000000149e-01 3.202200000000000046e-01 2.809200000000000030e-01 -2.195780000000000065e+00
-2.387119999999999909e+00 5.640699999999999603e-01 -3.314099999999999824e-01 5.422200000000000353e-01 -2.397229999999999972e+00 -4.517800000000000149e-01 -3.202200000000000046e-01 -2.809200000000000030e-01 -2.195780000000000065e+00
-2.397229999999999972e+00 -5.422200000000000353e-01 4.517800000000000149e-01 -5.640699999999999603e-01 -2.387119999999999909e+00 -3.314099999999999824e-01 2.809200000000000030e-01 -3.202200000000000046e-01 -2.195780000000000065e+00
-2.397229999999999972e+00 -5.422200000000000353e-01 4.517800000000000149e-01 -5.640699999999999603e-01 -2.387119999999999909e+00 -3.314099999999999824e-01 2.809200000000000030e-01 -3.202200000000000046e-01 -2.195780000000000065e+00
-2.387119999999999909e+00 5.640699999999999603e-01 -3.314099999999999824e-01 5.422200000000000353e-01 -2.397229999999999972e+00 -4.517800000000000149e-01 -3.202200000000000046e-01 -2.809200000000000030e-01 -2.195780000000000065e+00
-2.387119999999999909e+00 5.640699999999999603e-01 3.314099999999999824e-01 5.422200000000000353e-01 -2.397229999999999972e+00 4.517800000000000149e-01 3.202200000000000046e-01 2.809200000000000030e-01 -2.195780000000000065e+00
-2.397229999999999972e+00 -5.422200000000000353e-01 -4.517800000000000149e-01 -5.640699999999999603e-01 -2.387119999999999909e+00 3.314099999999999824e-01 -2.809200000000000030e-01 3.202200000000000046e-01 -2.195780000000000065e+00
