-6.590597843320827876e-02
-4.886713571952209373e-02
-2.492238908520888127e-02
7.665570890545863048e-01
9.565057067698682358e-01
1.496466358201560043e+00
2.299541714984789209e+00
2.442602086234530567e+00
2.858720555950283515e+00
2.879228281966445646e+00
2.985786996806853999e+00
3.084681878563469759e+00
3.190105526174048300e+00
3.297558213494818702e+00
3.357323891634615975e+00
3.460242914892076360e+00
3.514471711909058715e+00
3.664736303375672133e+00
4.000632317122816417e+00
4.091049718262644852e+00
4.165094921662396921e+00
4.224804847223135873e+00
4.795216409638992872e+00
5.382832651763020060e+00
5.431757716060815255e+00
5.677518289942275587e+00
6.632586038243154292e+00
6.702085314299692342e+00
6.703232677915673676e+00
6.810807875327888006e+00
7.216414426509186519e+00
7.434194804018403602e+00
7.461503227953889983e+00
7.614421129623332618e+00
8.136403840601133197e+00
8.211436880835977448e+00
8.802164495254222842e+00
8.826753995856162049e+00
8.850690249589842296e+00
8.882186831074481148e+00
9.454064360913582377e+00
9.456569201733870500e+00
9.992859534130706933e+00
1.001148583205443288e+01
1.083658383457051322e+01
1.087071005170814786e+01
1.132342344152623603e+01
1.139449513872473574e+01
1.245437342861438523e+01
1.307486188705157026e+01
1.451268081106112362e+01
1.463002481531907861e+01
1.819424208555608757e+01
1.826377901849590302e+01
2.018363514887532872e+01
2.018549800984581211e+01
2.068076212025743033e+01
2.072255569516386586e+01
2.136978463005760176e+01
2.151768098460133061e+01
2.352229119512089639e+01
2.523636757728542079e+01
2.596617150067757862e+01
2.644120871283323382e+01
2.655984554551206855e+01
2.674521678644064693e+01
