1.208080000000000043e+00 0.000000000000000000e+00 -9.969999999999999696e-03 0.000000000000000000e+00 1.158109999999999973e+00 0.000000000000000000e+00 -2.318999999999999881e-02 0.000000000000000000e+00 1.038510000000000044e+00
1.208080000000000043e+00 0.000000000000000000e+00 -9.969999999999999696e-03 0.000000000000000000e+00 1.158109999999999973e+00 0.000000000000000000e+00 -2.318999999999999881e-02 0.000000000000000000e+00 1.038510000000000044e+00
3.155790000000000095e+00 0.000000000000000000e+00 9.895000000000000462e-01 0.000000000000000000e+00 3.674539999999999917e+00 0.000000000000000000e+00 -2.294799999999999895e-01 0.000000000000000000e+00 3.305619999999999781e+00
3.155790000000000095e+00 0.000000000000000000e+00 9.895000000000000462e-01 0.000000000000000000e+00 3.674539999999999917e+00 0.000000000000000000e+00 -2.294799999999999895e-01 0.000000000000000000e+00 3.305619999999999781e+00
4.597489999999999633e+00 6.714700000000000113e-01 -6.664200000000000124e-01 9.896399999999999642e-01 4.665779999999999816e+00 -4.623399999999999732e-01 4.625600000000000267e-01 1.616900000000000004e-01 5.274659999999999904e+00
4.597489999999999633e+00 -6.714700000000000113e-01 -6.664200000000000124e-01 -9.896399999999999642e-01 4.665779999999999816e+00 4.623399999999999732e-01 4.625600000000000267e-01 -1.616900000000000004e-01 5.274659999999999904e+00
-1.555730000000000057e+00 -0.000000000000000000e+00 7.369299999999999740e-01 -0.000000000000000000e+00 -1.440630000000000077e+00 0.000000000000000000e+00 5.956200000000000383e-01 0.000000000000000000e+00 -2.729830000000000201e+00
-1.555730000000000057e+00 -0.000000000000000000e+00 7.369299999999999740e-01 -0.000000000000000000e+00 -1.440630000000000077e+00 0.000000000000000000e+00 5.956200000000000383e-01 0.000000000000000000e+00 -2.729830000000000201e+00
-1.452560000000000073e+00 -2.657999999999999807e-01 1.867600000000000093e-01 -3.330799999999999872e-01 -2.293480000000000185e+00 6.589199999999999502e-01 2.610999999999999988e-01 6.593900000000000317e-01 -1.715940000000000021e+00
-1.452560000000000073e+00 2.657999999999999807e-01 1.867600000000000093e-01 3.330799999999999872e-01 -2.293480000000000185e+00 -6.589199999999999502e-01 2.610999999999999988e-01 -6.593900000000000317e-01 -1.715940000000000021e+00
-1.452560000000000073e+00 -2.657999999999999807e-01 1.867600000000000093e-01 -3.330799999999999872e-01 -2.293480000000000185e+00 6.589199999999999502e-01 2.610999999999999988e-01 6.593900000000000317e-01 -1.715940000000000021e+00
-1.452560000000000073e+00 2.657999999999999807e-01 1.867600000000000093e-01 3.330799999999999872e-01 -2.293480000000000185e+00 -6.589199999999999502e-01 2.610999999999999988e-01 -6.593900000000000317e-01 -1.715940000000000021e+00
-2.250259999999999927e+00 -7.044599999999999751e-01 -7.117799999999999683e-01 -6.686100000000000376e-01 -1.735419999999999963e+00 -4.360800000000000232e-01 -6.638500000000000512e-01 -4.677600000000000091e-01 -1.728529999999999900e+00
-2.250259999999999927e+00 7.044599999999999751e-01 -7.117799999999999683e-01 6.686100000000000376e-01 -1.735419999999999963e+00 4.360800000000000232e-01 -6.638500000000000512e-01 4.677600000000000091e-01 -1.728529999999999900e+00
-2.250259999999999927e+00 -7.044599999999999751e-01 -7.117799999999999683e-01 -6.686100000000000376e-01 -1.735419999999999963e+00 -4.360800000000000232e-01 -6.638500000000000512e-01 -4.677600000000000091e-01 -1.728529999999999900e+00
-2.250259999999999927e+00 7.044599999999999751e-01 -7.117799999999999683e-01 6.686100000000000376e-01 -1.735419999999999963e+00 4.360800000000000232e-01 -6.638500000000000512e-01 4.677600000000000091e-01 -1.728529999999999900e+00
