2.785159999999999858e+00 0.000000000000000000e+00 -1.155299999999999938e-01 0.000000000000000000e+00 2.355750000000000011e+00 0.000000000000000000e+00 -2.599999999999999881e-03 -0.000000000000000000e+00 2.104859999999999953e+00
2.785159999999999858e+00 -0.000000000000000000e+00 1.155299999999999938e-01 0.000000000000000000e+00 2.355750000000000011e+00 0.000000000000000000e+00 2.599999999999999881e-03 0.000000000000000000e+00 2.104859999999999953e+00
2.785159999999999858e+00 0.000000000000000000e+00 -1.155299999999999938e-01 0.000000000000000000e+00 2.355750000000000011e+00 0.000000000000000000e+00 -2.599999999999999881e-03 -0.000000000000000000e+00 2.104859999999999953e+00
2.785159999999999858e+00 -0.000000000000000000e+00 1.155299999999999938e-01 0.000000000000000000e+00 2.355750000000000011e+00 0.000000000000000000e+00 2.599999999999999881e-03 -0.000000000000000000e+00 2.104859999999999953e+00
1.624020000000000019e+00 3.675899999999999723e-01 -1.370099999999999929e-01 3.120999999999999885e-01 2.060389999999999944e+00 -1.859000000000000097e-01 5.249999999999999806e-02 9.737999999999999434e-02 2.364549999999999930e+00
1.624020000000000019e+00 -3.675899999999999723e-01 1.370099999999999929e-01 -3.120999999999999885e-01 2.060389999999999944e+00 -1.859000000000000097e-01 -5.249999999999999806e-02 9.737999999999999434e-02 2.364549999999999930e+00
1.624020000000000019e+00 3.675899999999999723e-01 1.370099999999999929e-01 3.120999999999999885e-01 2.060389999999999944e+00 1.859000000000000097e-01 -5.249999999999999806e-02 -9.737999999999999434e-02 2.364549999999999930e+00
1.624020000000000019e+00 -3.675899999999999723e-01 -1.370099999999999929e-01 -3.120999999999999885e-01 2.060389999999999944e+00 1.859000000000000097e-01 5.249999999999999806e-02 -9.737999999999999434e-02 2.364549999999999930e+00
2.623839999999999950e+00 0.000000000000000000e+00 -3.617999999999999688e-02 0.000000000000000000e+00 2.957870000000000221e+00 0.000000000000000000e+00 -2.937999999999999987e-02 -0.000000000000000000e+00 3.066390000000000171e+00
2.623839999999999950e+00 0.000000000000000000e+00 3.617999999999999688e-02 0.000000000000000000e+00 2.957870000000000221e+00 0.000000000000000000e+00 2.937999999999999987e-02 -0.000000000000000000e+00 3.066390000000000171e+00
2.623839999999999950e+00 0.000000000000000000e+00 3.617999999999999688e-02 0.000000000000000000e+00 2.957870000000000221e+00 0.000000000000000000e+00 2.937999999999999987e-02 0.000000000000000000e+00 3.066390000000000171e+00
2.623839999999999950e+00 0.000000000000000000e+00 -3.617999999999999688e-02 0.000000000000000000e+00 2.957870000000000221e+00 0.000000000000000000e+00 -2.937999999999999987e-02 -0.000000000000000000e+00 3.066390000000000171e+00
-1.723559999999999981e+00 2.624000000000000221e-01 -1.148200000000000054e-01 2.836899999999999977e-01 -2.145119999999999916e+00 -8.290000000000000493e-03 -8.359999999999999376e-02 -7.788000000000000478e-02 -1.683980000000000032e+00
-1.723559999999999981e+00 2.624000000000000221e-01 1.148200000000000054e-01 2.836899999999999977e-01 -2.145119999999999916e+00 8.290000000000000493e-03 8.359999999999999376e-02 7.788000000000000478e-02 -1.683980000000000032e+00
-2.139330000000000176e+00 0.000000000000000000e+00 7.481999999999999762e-02 0.000000000000000000e+00 -1.554980000000000029e+00 0.000000000000000000e+00 -4.508000000000000201e-02 0.000000000000000000e+00 -1.745600000000000041e+00
-1.723559999999999981e+00 -2.624000000000000221e-01 1.148200000000000054e-01 -2.836899999999999977e-01 -2.145119999999999916e+00 -8.290000000000000493e-03 8.359999999999999376e-02 -7.788000000000000478e-02 -1.683980000000000032e+00
-1.723559999999999981e+00 2.624000000000000221e-01 1.148200000000000054e-01 2.836899999999999977e-01 -2.145119999999999916e+00 8.290000000000000493e-03 8.359999999999999376e-02 7.788000000000000478e-02 -1.683980000000000032e+00
-1.446569999999999911e+00 -0.000000000000000000e+00 -4.435999999999999666e-02 0.000000000000000000e+00 -1.528799999999999937e+00 0.000000000000000000e+00 -4.594000000000000167e-02 0.000000000000000000e+00 -2.422239999999999949e+00
-1.723559999999999981e+00 -2.624000000000000221e-01 1.148200000000000054e-01 -2.836899999999999977e-01 -2.145119999999999916e+00 -8.290000000000000493e-03 8.359999999999999376e-02 -7.788000000000000478e-02 -1.683980000000000032e+00
-1.446569999999999911e+00 0.000000000000000000e+00 4.435999999999999666e-02 0.000000000000000000e+00 -1.528799999999999937e+00 0.000000000000000000e+00 4.594000000000000167e-02 0.000000000000000000e+00 -2.422239999999999949e+00
-2.139330000000000176e+00 0.000000000000000000e+00 -7.481999999999999762e-02 0.000000000000000000e+00 -1.554980000000000029e+00 0.000000000000000000e+00 4.508000000000000201e-02 -0.000000000000000000e+00 -1.745600000000000041e+00
-1.723559999999999981e+00 -2.624000000000000221e-01 -1.148200000000000054e-01 -2.836899999999999977e-01 -2.145119999999999916e+00 8.290000000000000493e-03 -8.359999999999999376e-02 7.788000000000000478e-02 -1.683980000000000032e+00
-1.723559999999999981e+00 2.624000000000000221e-01 -1.148200000000000054e-01 2.836899999999999977e-01 -2.145119999999999916e+00 -8.290000000000000493e-03 -8.359999999999999376e-02 -7.788000000000000478e-02 -1.683980000000000032e+00
-1.446569999999999911e+00 -0.000000000000000000e+00 -4.435999999999999666e-02 0.000000000000000000e+00 -1.528799999999999937e+00 0.000000000000000000e+00 -4.594000000000000167e-02 0.000000000000000000e+00 -2.422239999999999949e+00
-1.446569999999999911e+00 0.000000000000000000e+00 4.435999999999999666e-02 0.000000000000000000e+00 -1.528799999999999937e+00 0.000000000000000000e+00 4.594000000000000167e-02 0.000000000000000000e+00 -2.422239999999999949e+00
-1.723559999999999981e+00 -2.624000000000000221e-01 -1.148200000000000054e-01 -2.836899999999999977e-01 -2.145119999999999916e+00 8.290000000000000493e-03 -8.359999999999999376e-02 7.788000000000000478e-02 -1.683980000000000032e+00
-2.139330000000000176e+00 0.000000000000000000e+00 7.481999999999999762e-02 0.000000000000000000e+00 -1.554980000000000029e+00 0.000000000000000000e+00 -4.508000000000000201e-02 -0.000000000000000000e+00 -1.745600000000000041e+00
-2.139330000000000176e+00 0.000000000000000000e+00 -7.481999999999999762e-02 0.000000000000000000e+00 -1.554980000000000029e+00 0.000000000000000000e+00 4.508000000000000201e-02 -0.000000000000000000e+00 -1.745600000000000041e+00
