1.156349999999999989e+00 0.000000000000000000e+00 1.027799999999999964e-01 0.000000000000000000e+00 1.470310000000000006e+00 0.000000000000000000e+00 1.414999999999999869e-01 0.000000000000000000e+00 1.239119999999999999e+00
1.156349999999999989e+00 0.000000000000000000e+00 1.027799999999999964e-01 0.000000000000000000e+00 1.470310000000000006e+00 0.000000000000000000e+00 1.414999999999999869e-01 0.000000000000000000e+00 1.239119999999999999e+00
4.877139999999999809e+00 0.000000000000000000e+00 -6.544999999999999429e-02 0.000000000000000000e+00 5.971370000000000289e+00 0.000000000000000000e+00 7.728000000000000147e-02 0.000000000000000000e+00 4.642590000000000217e+00
4.877139999999999809e+00 0.000000000000000000e+00 -6.544999999999999429e-02 0.000000000000000000e+00 5.971370000000000289e+00 0.000000000000000000e+00 7.728000000000000147e-02 0.000000000000000000e+00 4.642590000000000217e+00
5.268650000000000055e+00 -1.239999999999999956e-02 1.519999999999999962e-01 5.379099999999999993e-01 4.481559999999999988e+00 -6.852000000000000313e-01 1.050299999999999984e-01 -6.544499999999999762e-01 5.421280000000000321e+00
5.268650000000000055e+00 -1.239999999999999956e-02 1.519999999999999962e-01 5.379099999999999993e-01 4.481559999999999988e+00 -6.852000000000000313e-01 1.050299999999999984e-01 -6.544499999999999762e-01 5.421280000000000321e+00
5.268650000000000055e+00 1.239999999999999956e-02 1.519999999999999962e-01 -5.379099999999999993e-01 4.481559999999999988e+00 6.852000000000000313e-01 1.050299999999999984e-01 6.544499999999999762e-01 5.421280000000000321e+00
5.268650000000000055e+00 1.239999999999999956e-02 1.519999999999999962e-01 -5.379099999999999993e-01 4.481559999999999988e+00 6.852000000000000313e-01 1.050299999999999984e-01 6.544499999999999762e-01 5.421280000000000321e+00
-1.790899999999999936e+00 6.037099999999999689e-01 1.207400000000000029e+00 3.228400000000000158e-01 -1.018950000000000022e+00 -3.502899999999999903e-01 1.153340000000000032e+00 -6.532799999999999718e-01 -1.982960000000000056e+00
-1.790899999999999936e+00 6.037099999999999689e-01 1.207400000000000029e+00 3.228400000000000158e-01 -1.018950000000000022e+00 -3.502899999999999903e-01 1.153340000000000032e+00 -6.532799999999999718e-01 -1.982960000000000056e+00
-1.790899999999999936e+00 -6.037099999999999689e-01 1.207400000000000029e+00 -3.228400000000000158e-01 -1.018950000000000022e+00 3.502899999999999903e-01 1.153340000000000032e+00 6.532799999999999718e-01 -1.982960000000000056e+00
-1.790899999999999936e+00 -6.037099999999999689e-01 1.207400000000000029e+00 -3.228400000000000158e-01 -1.018950000000000022e+00 3.502899999999999903e-01 1.153340000000000032e+00 6.532799999999999718e-01 -1.982960000000000056e+00
-1.260709999999999997e+00 -1.048000000000000043e-01 -3.396100000000000230e-01 4.649999999999999967e-02 -3.179790000000000116e+00 -1.381259999999999932e+00 -3.474400000000000266e-01 -1.564400000000000013e+00 -2.213659999999999961e+00
-1.260709999999999997e+00 -1.048000000000000043e-01 -3.396100000000000230e-01 4.649999999999999967e-02 -3.179790000000000116e+00 -1.381259999999999932e+00 -3.474400000000000266e-01 -1.564400000000000013e+00 -2.213659999999999961e+00
-1.260709999999999997e+00 1.048000000000000043e-01 -3.396100000000000230e-01 -4.649999999999999967e-02 -3.179790000000000116e+00 1.381259999999999932e+00 -3.474400000000000266e-01 1.564400000000000013e+00 -2.213659999999999961e+00
-1.260709999999999997e+00 1.048000000000000043e-01 -3.396100000000000230e-01 -4.649999999999999967e-02 -3.179790000000000116e+00 1.381259999999999932e+00 -3.474400000000000266e-01 1.564400000000000013e+00 -2.213659999999999961e+00
-1.592170000000000085e+00 -4.200400000000000245e-01 -6.739699999999999580e-01 -5.171000000000000041e-01 -2.283529999999999838e+00 8.833100000000000396e-01 -4.625299999999999967e-01 9.903999999999999471e-01 -3.135320000000000107e+00
-1.592170000000000085e+00 -4.200400000000000245e-01 -6.739699999999999580e-01 -5.171000000000000041e-01 -2.283529999999999838e+00 8.833100000000000396e-01 -4.625299999999999967e-01 9.903999999999999471e-01 -3.135320000000000107e+00
-1.592170000000000085e+00 4.200400000000000245e-01 -6.739699999999999580e-01 5.171000000000000041e-01 -2.283529999999999838e+00 -8.833100000000000396e-01 -4.625299999999999967e-01 -9.903999999999999471e-01 -3.135320000000000107e+00
-1.592170000000000085e+00 4.200400000000000245e-01 -6.739699999999999580e-01 5.171000000000000041e-01 -2.283529999999999838e+00 -8.833100000000000396e-01 -4.625299999999999967e-01 -9.903999999999999471e-01 -3.135320000000000107e+00
-3.641610000000000014e+00 -1.639100000000000001e+00 -3.644899999999999807e-01 -1.560189999999999966e+00 -1.720129999999999937e+00 -1.214100000000000040e-01 -5.577800000000000535e-01 -2.971500000000000252e-01 -1.030200000000000005e+00
-3.641610000000000014e+00 -1.639100000000000001e+00 -3.644899999999999807e-01 -1.560189999999999966e+00 -1.720129999999999937e+00 -1.214100000000000040e-01 -5.577800000000000535e-01 -2.971500000000000252e-01 -1.030200000000000005e+00
-3.641610000000000014e+00 1.639100000000000001e+00 -3.644899999999999807e-01 1.560189999999999966e+00 -1.720129999999999937e+00 1.214100000000000040e-01 -5.577800000000000535e-01 2.971500000000000252e-01 -1.030200000000000005e+00
-3.641610000000000014e+00 1.639100000000000001e+00 -3.644899999999999807e-01 1.560189999999999966e+00 -1.720129999999999937e+00 1.214100000000000040e-01 -5.577800000000000535e-01 2.971500000000000252e-01 -1.030200000000000005e+00
