-3.404023791814147354e-02
-2.327909236449350605e-02
-1.308692851573535487e-02
2.873040541050631003e+00
3.284988301137989009e+00
5.410919394068550048e+00
5.593664724903580243e+00
5.876100437526927678e+00
6.423806439099819521e+00
6.734634114770807756e+00
7.024151570136305089e+00
7.293812097184331655e+00
8.073892818580517883e+00
8.244492912061243572e+00
8.427302110356803766e+00
8.529160395879063827e+00
9.385893246999879480e+00
1.023794305245417569e+01
1.024060876326118930e+01
1.045654005703445932e+01
1.133919898559358153e+01
1.135407292142394731e+01
1.240410704468848024e+01
1.263977098509664820e+01
1.282053202476558518e+01
1.283089238571123225e+01
1.413332620333746448e+01
1.441426482877298909e+01
1.464918112439968745e+01
1.468379637462927256e+01
1.504923787640890964e+01
1.557130920437310273e+01
1.687596650907117635e+01
1.769733339336014311e+01
1.825177056586442248e+01
2.273325092384738255e+01
