2.542279999999999873e+00 1.382799999999999863e-01 -8.198999999999999344e-02 1.677899999999999947e-01 2.475200000000000067e+00 -4.884000000000000147e-02 4.279000000000000165e-02 -1.149499999999999966e-01 2.424409999999999954e+00
2.542279999999999873e+00 -1.382799999999999863e-01 -8.198999999999999344e-02 -1.677899999999999947e-01 2.475200000000000067e+00 4.884000000000000147e-02 4.279000000000000165e-02 1.149499999999999966e-01 2.424409999999999954e+00
2.542279999999999873e+00 -1.382799999999999863e-01 -8.198999999999999344e-02 -1.677899999999999947e-01 2.475200000000000067e+00 4.884000000000000147e-02 4.279000000000000165e-02 1.149499999999999966e-01 2.424409999999999954e+00
2.542279999999999873e+00 1.382799999999999863e-01 -8.198999999999999344e-02 1.677899999999999947e-01 2.475200000000000067e+00 -4.884000000000000147e-02 4.279000000000000165e-02 -1.149499999999999966e-01 2.424409999999999954e+00
4.690549999999999997e+00 3.981199999999999739e-01 6.052100000000000257e-01 -2.929399999999999782e-01 4.758270000000000444e+00 -7.373000000000000387e-02 -4.667799999999999727e-01 -2.050099999999999978e-01 4.715980000000000061e+00
4.690549999999999997e+00 -3.981199999999999739e-01 6.052100000000000257e-01 2.929399999999999782e-01 4.758270000000000444e+00 7.373000000000000387e-02 -4.667799999999999727e-01 2.050099999999999978e-01 4.715980000000000061e+00
6.862879999999999647e+00 -3.060399999999999787e-01 -4.022200000000000220e-01 4.975999999999999868e-02 6.858579999999999899e+00 -1.128799999999999942e-01 1.878700000000000092e-01 -1.385000000000000120e-01 6.868710000000000093e+00
6.862879999999999647e+00 3.060399999999999787e-01 -4.022200000000000220e-01 -4.975999999999999868e-02 6.858579999999999899e+00 1.128799999999999942e-01 1.878700000000000092e-01 1.385000000000000120e-01 6.868710000000000093e+00
-3.393889999999999851e+00 -1.340419999999999945e+00 1.799399999999999888e-01 -1.320810000000000040e+00 -3.022460000000000147e+00 1.005700000000000066e-01 2.220199999999999951e-01 7.947999999999999510e-02 -1.837730000000000086e+00
-3.393889999999999851e+00 1.340419999999999945e+00 1.799399999999999888e-01 1.320810000000000040e+00 -3.022460000000000147e+00 -1.005700000000000066e-01 2.220199999999999951e-01 -7.947999999999999510e-02 -1.837730000000000086e+00
-3.393889999999999851e+00 -1.340419999999999945e+00 1.799399999999999888e-01 -1.320810000000000040e+00 -3.022460000000000147e+00 1.005700000000000066e-01 2.220199999999999951e-01 7.947999999999999510e-02 -1.837730000000000086e+00
-3.393889999999999851e+00 1.340419999999999945e+00 1.799399999999999888e-01 1.320810000000000040e+00 -3.022460000000000147e+00 -1.005700000000000066e-01 2.220199999999999951e-01 -7.947999999999999510e-02 -1.837730000000000086e+00
-2.921940000000000204e+00 1.301129999999999898e+00 1.756800000000000028e-01 1.369199999999999973e+00 -3.502860000000000085e+00 -2.970700000000000007e-01 2.163799999999999890e-01 -3.215700000000000225e-01 -1.854340000000000099e+00
-2.921940000000000204e+00 -1.301129999999999898e+00 1.756800000000000028e-01 -1.369199999999999973e+00 -3.502860000000000085e+00 2.970700000000000007e-01 2.163799999999999890e-01 3.215700000000000225e-01 -1.854340000000000099e+00
-2.921940000000000204e+00 1.301129999999999898e+00 1.756800000000000028e-01 1.369199999999999973e+00 -3.502860000000000085e+00 -2.970700000000000007e-01 2.163799999999999890e-01 -3.215700000000000225e-01 -1.854340000000000099e+00
-2.921940000000000204e+00 -1.301129999999999898e+00 1.756800000000000028e-01 -1.369199999999999973e+00 -3.502860000000000085e+00 2.970700000000000007e-01 2.163799999999999890e-01 3.215700000000000225e-01 -1.854340000000000099e+00
-2.003159999999999830e+00 -2.404999999999999846e-02 -3.751300000000000190e-01 -1.015299999999999953e-01 -1.758299999999999974e+00 1.347200000000000064e-01 -3.417499999999999982e-01 1.281799999999999884e-01 -4.524689999999999657e+00
-2.003159999999999830e+00 2.404999999999999846e-02 -3.751300000000000190e-01 1.015299999999999953e-01 -1.758299999999999974e+00 -1.347200000000000064e-01 -3.417499999999999982e-01 -1.281799999999999884e-01 -4.524689999999999657e+00
-2.003159999999999830e+00 -2.404999999999999846e-02 -3.751300000000000190e-01 -1.015299999999999953e-01 -1.758299999999999974e+00 1.347200000000000064e-01 -3.417499999999999982e-01 1.281799999999999884e-01 -4.524689999999999657e+00
-2.003159999999999830e+00 2.404999999999999846e-02 -3.751300000000000190e-01 1.015299999999999953e-01 -1.758299999999999974e+00 -1.347200000000000064e-01 -3.417499999999999982e-01 -1.281799999999999884e-01 -4.524689999999999657e+00
