1.154079999999999995e+00 0.000000000000000000e+00 0.000000000000000000e+00 0.000000000000000000e+00 1.154079999999999995e+00 -0.000000000000000000e+00 -0.000000000000000000e+00 0.000000000000000000e+00 1.577430000000000110e+00
1.154079999999999995e+00 -0.000000000000000000e+00 0.000000000000000000e+00 0.000000000000000000e+00 1.154079999999999995e+00 0.000000000000000000e+00 0.000000000000000000e+00 0.000000000000000000e+00 1.577430000000000110e+00
3.768990000000000062e+00 0.000000000000000000e+00 0.000000000000000000e+00 -0.000000000000000000e+00 3.768990000000000062e+00 0.000000000000000000e+00 0.000000000000000000e+00 0.000000000000000000e+00 3.376570000000000071e+00
3.768990000000000062e+00 0.000000000000000000e+00 0.000000000000000000e+00 -0.000000000000000000e+00 3.768990000000000062e+00 0.000000000000000000e+00 0.000000000000000000e+00 0.000000000000000000e+00 3.376570000000000071e+00
5.891589999999999883e+00 -0.000000000000000000e+00 0.000000000000000000e+00 -0.000000000000000000e+00 5.891589999999999883e+00 0.000000000000000000e+00 0.000000000000000000e+00 0.000000000000000000e+00 3.757810000000000095e+00
5.891589999999999883e+00 -0.000000000000000000e+00 0.000000000000000000e+00 -0.000000000000000000e+00 5.891589999999999883e+00 0.000000000000000000e+00 -0.000000000000000000e+00 -0.000000000000000000e+00 3.757810000000000095e+00
-4.906209999999999738e+00 0.000000000000000000e+00 0.000000000000000000e+00 0.000000000000000000e+00 -2.194710000000000161e+00 0.000000000000000000e+00 -0.000000000000000000e+00 -0.000000000000000000e+00 -1.405399999999999983e+00
-2.194710000000000161e+00 -0.000000000000000000e+00 0.000000000000000000e+00 0.000000000000000000e+00 -4.906209999999999738e+00 0.000000000000000000e+00 0.000000000000000000e+00 -0.000000000000000000e+00 -1.405399999999999983e+00
-4.906209999999999738e+00 0.000000000000000000e+00 0.000000000000000000e+00 0.000000000000000000e+00 -2.194710000000000161e+00 -0.000000000000000000e+00 -0.000000000000000000e+00 -0.000000000000000000e+00 -1.405399999999999983e+00
-2.194710000000000161e+00 -0.000000000000000000e+00 0.000000000000000000e+00 -0.000000000000000000e+00 -4.906209999999999738e+00 0.000000000000000000e+00 0.000000000000000000e+00 0.000000000000000000e+00 -1.405399999999999983e+00
-1.287630000000000052e+00 0.000000000000000000e+00 0.000000000000000000e+00 -0.000000000000000000e+00 -1.287630000000000052e+00 0.000000000000000000e+00 -0.000000000000000000e+00 0.000000000000000000e+00 -3.351090000000000124e+00
-1.287630000000000052e+00 0.000000000000000000e+00 0.000000000000000000e+00 0.000000000000000000e+00 -1.287630000000000052e+00 0.000000000000000000e+00 -0.000000000000000000e+00 0.000000000000000000e+00 -3.351090000000000124e+00
-2.426109999999999989e+00 0.000000000000000000e+00 0.000000000000000000e+00 -0.000000000000000000e+00 -2.426109999999999989e+00 0.000000000000000000e+00 0.000000000000000000e+00 0.000000000000000000e+00 -2.549929999999999808e+00
-2.426109999999999989e+00 0.000000000000000000e+00 0.000000000000000000e+00 -0.000000000000000000e+00 -2.426109999999999989e+00 0.000000000000000000e+00 0.000000000000000000e+00 0.000000000000000000e+00 -2.549929999999999808e+00
