2.610300000000000065e+00 0.000000000000000000e+00 0.000000000000000000e+00 0.000000000000000000e+00 1.898349999999999982e+00 0.000000000000000000e+00 0.000000000000000000e+00 0.000000000000000000e+00 2.371309999999999807e+00
2.610300000000000065e+00 0.000000000000000000e+00 0.000000000000000000e+00 0.000000000000000000e+00 1.898349999999999982e+00 0.000000000000000000e+00 0.000000000000000000e+00 0.000000000000000000e+00 2.371309999999999807e+00
2.240289999999999893e+00 0.000000000000000000e+00 7.909100000000000019e-01 0.000000000000000000e+00 2.236060000000000159e+00 0.000000000000000000e+00 1.083530000000000104e+00 0.000000000000000000e+00 2.149869999999999948e+00
2.240289999999999893e+00 0.000000000000000000e+00 -7.909100000000000019e-01 0.000000000000000000e+00 2.236060000000000159e+00 0.000000000000000000e+00 -1.083530000000000104e+00 0.000000000000000000e+00 2.149869999999999948e+00
1.380049999999999999e+00 0.000000000000000000e+00 0.000000000000000000e+00 0.000000000000000000e+00 3.694589999999999819e+00 -4.533000000000000224e-02 0.000000000000000000e+00 -1.114600000000000035e-01 2.233639999999999848e+00
1.380049999999999999e+00 0.000000000000000000e+00 0.000000000000000000e+00 0.000000000000000000e+00 3.694589999999999819e+00 4.533000000000000224e-02 0.000000000000000000e+00 1.114600000000000035e-01 2.233639999999999848e+00
-1.326170000000000071e+00 -0.000000000000000000e+00 -0.000000000000000000e+00 -0.000000000000000000e+00 -1.609680000000000000e+00 -1.044599999999999973e-01 -0.000000000000000000e+00 -8.644000000000000294e-02 -2.320250000000000146e+00
-1.326170000000000071e+00 -0.000000000000000000e+00 -0.000000000000000000e+00 -0.000000000000000000e+00 -1.609680000000000000e+00 1.044599999999999973e-01 -0.000000000000000000e+00 8.644000000000000294e-02 -2.320250000000000146e+00
-1.789150000000000018e+00 -0.000000000000000000e+00 1.567699999999999927e-01 -0.000000000000000000e+00 -2.304819999999999869e+00 -0.000000000000000000e+00 1.973300000000000054e-01 -0.000000000000000000e+00 -1.057160000000000100e+00
-1.789150000000000018e+00 -0.000000000000000000e+00 -1.567699999999999927e-01 -0.000000000000000000e+00 -2.304819999999999869e+00 -0.000000000000000000e+00 -1.973300000000000054e-01 -0.000000000000000000e+00 -1.057160000000000100e+00
-1.789150000000000018e+00 -0.000000000000000000e+00 -1.567699999999999927e-01 -0.000000000000000000e+00 -2.304819999999999869e+00 -0.000000000000000000e+00 -1.973300000000000054e-01 -0.000000000000000000e+00 -1.057160000000000100e+00
-1.326170000000000071e+00 -0.000000000000000000e+00 -0.000000000000000000e+00 -0.000000000000000000e+00 -1.609680000000000000e+00 1.044599999999999973e-01 -0.000000000000000000e+00 8.644000000000000294e-02 -2.320250000000000146e+00
-1.789150000000000018e+00 -0.000000000000000000e+00 1.567699999999999927e-01 -0.000000000000000000e+00 -2.304819999999999869e+00 -0.000000000000000000e+00 1.973300000000000054e-01 -0.000000000000000000e+00 -1.057160000000000100e+00
-1.326170000000000071e+00 -0.000000000000000000e+00 -0.000000000000000000e+00 -0.000000000000000000e+00 -1.609680000000000000e+00 -1.044599999999999973e-01 -0.000000000000000000e+00 -8.644000000000000294e-02 -2.320250000000000146e+00
