3.089929999999999843e+00 0.000000000000000000e+00 -0.000000000000000000e+00 0.000000000000000000e+00 3.089929999999999843e+00 0.000000000000000000e+00 0.000000000000000000e+00 0.000000000000000000e+00 2.131769999999999943e+00
3.089929999999999843e+00 0.000000000000000000e+00 0.000000000000000000e+00 0.000000000000000000e+00 3.089929999999999843e+00 0.000000000000000000e+00 0.000000000000000000e+00 0.000000000000000000e+00 2.131769999999999943e+00
4.899339999999999584e+00 0.000000000000000000e+00 -0.000000000000000000e+00 0.000000000000000000e+00 4.899339999999999584e+00 0.000000000000000000e+00 0.000000000000000000e+00 0.000000000000000000e+00 6.125899999999999679e+00
4.899339999999999584e+00 0.000000000000000000e+00 0.000000000000000000e+00 0.000000000000000000e+00 4.899339999999999584e+00 0.000000000000000000e+00 -0.000000000000000000e+00 0.000000000000000000e+00 6.125899999999999679e+00
3.900619999999999976e+00 -1.004499999999999976e-01 0.000000000000000000e+00 -8.477099999999999635e-01 3.018489999999999895e+00 0.000000000000000000e+00 -0.000000000000000000e+00 0.000000000000000000e+00 3.907420000000000115e+00
2.828460000000000196e+00 -2.286900000000000044e-01 0.000000000000000000e+00 5.185600000000000209e-01 4.090650000000000119e+00 -0.000000000000000000e+00 -0.000000000000000000e+00 0.000000000000000000e+00 3.907420000000000115e+00
3.900619999999999976e+00 1.004499999999999976e-01 0.000000000000000000e+00 8.477099999999999635e-01 3.018489999999999895e+00 0.000000000000000000e+00 -0.000000000000000000e+00 -0.000000000000000000e+00 3.907420000000000115e+00
3.649589999999999890e+00 9.926399999999999668e-01 0.000000000000000000e+00 2.453899999999999970e-01 3.269530000000000047e+00 0.000000000000000000e+00 -0.000000000000000000e+00 0.000000000000000000e+00 3.907420000000000115e+00
2.828460000000000196e+00 2.286900000000000044e-01 -0.000000000000000000e+00 -5.185600000000000209e-01 4.090650000000000119e+00 -0.000000000000000000e+00 -0.000000000000000000e+00 0.000000000000000000e+00 3.907420000000000115e+00
3.649589999999999890e+00 -9.926399999999999668e-01 0.000000000000000000e+00 -2.453899999999999970e-01 3.269530000000000047e+00 0.000000000000000000e+00 -0.000000000000000000e+00 0.000000000000000000e+00 3.907420000000000115e+00
-2.521170000000000133e+00 8.995000000000000218e-02 9.453000000000000291e-01 -6.544999999999999429e-02 -1.364219999999999988e+00 -3.825000000000000067e-01 1.194870000000000099e+00 -4.567899999999999738e-01 -2.686630000000000074e+00
-1.664060000000000095e+00 4.294000000000000039e-01 -8.038999999999999480e-01 5.847999999999999865e-01 -2.221319999999999961e+00 6.273999999999999577e-01 -9.930299999999999683e-01 8.063900000000000512e-01 -2.686630000000000074e+00
-1.664060000000000095e+00 -4.294000000000000039e-01 -8.038999999999999480e-01 -5.847999999999999865e-01 -2.221319999999999961e+00 -6.273999999999999577e-01 -9.930299999999999683e-01 -8.063900000000000512e-01 -2.686630000000000074e+00
-1.642849999999999921e+00 5.725500000000000034e-01 1.413899999999999879e-01 4.171500000000000208e-01 -2.242539999999999978e+00 -1.009900000000000020e+00 2.018399999999999916e-01 -1.263179999999999970e+00 -2.686630000000000074e+00
-1.664060000000000095e+00 -4.294000000000000039e-01 8.038999999999999480e-01 -5.847999999999999865e-01 -2.221319999999999961e+00 6.273999999999999577e-01 9.930299999999999683e-01 8.063900000000000512e-01 -2.686630000000000074e+00
-2.521170000000000133e+00 8.995000000000000218e-02 -9.453000000000000291e-01 -6.544999999999999429e-02 -1.364219999999999988e+00 3.825000000000000067e-01 -1.194870000000000099e+00 4.567899999999999738e-01 -2.686630000000000074e+00
-2.521170000000000133e+00 -8.995000000000000218e-02 -9.453000000000000291e-01 6.544999999999999429e-02 -1.364219999999999988e+00 -3.825000000000000067e-01 -1.194870000000000099e+00 -4.567899999999999738e-01 -2.686630000000000074e+00
-1.642849999999999921e+00 -5.725500000000000034e-01 1.413899999999999879e-01 -4.171500000000000208e-01 -2.242539999999999978e+00 1.009900000000000020e+00 2.018399999999999916e-01 1.263179999999999970e+00 -2.686630000000000074e+00
-2.125080000000000080e+00 7.419200000000000239e-01 0.000000000000000000e+00 1.053500000000000103e+00 -2.349439999999999973e+00 -0.000000000000000000e+00 -0.000000000000000000e+00 -0.000000000000000000e+00 -1.286720000000000086e+00
-3.070790000000000131e+00 -5.074899999999999967e-01 0.000000000000000000e+00 -1.959200000000000108e-01 -1.403729999999999922e+00 -0.000000000000000000e+00 -0.000000000000000000e+00 -0.000000000000000000e+00 -1.286720000000000086e+00
-1.515910000000000091e+00 -7.017900000000000249e-01 0.000000000000000000e+00 -3.902200000000000113e-01 -2.958610000000000184e+00 0.000000000000000000e+00 0.000000000000000000e+00 0.000000000000000000e+00 -1.286720000000000086e+00
-3.070790000000000131e+00 5.074899999999999967e-01 0.000000000000000000e+00 1.959200000000000108e-01 -1.403729999999999922e+00 0.000000000000000000e+00 0.000000000000000000e+00 0.000000000000000000e+00 -1.286720000000000086e+00
-2.521170000000000133e+00 -8.995000000000000218e-02 9.453000000000000291e-01 6.544999999999999429e-02 -1.364219999999999988e+00 3.825000000000000067e-01 1.194870000000000099e+00 4.567899999999999738e-01 -2.686630000000000074e+00
-1.515910000000000091e+00 7.017900000000000249e-01 0.000000000000000000e+00 3.902200000000000113e-01 -2.958610000000000184e+00 0.000000000000000000e+00 -0.000000000000000000e+00 -0.000000000000000000e+00 -1.286720000000000086e+00
-2.125080000000000080e+00 -7.419200000000000239e-01 0.000000000000000000e+00 -1.053500000000000103e+00 -2.349439999999999973e+00 -0.000000000000000000e+00 -0.000000000000000000e+00 0.000000000000000000e+00 -1.286720000000000086e+00
-1.642849999999999921e+00 -5.725500000000000034e-01 -1.413899999999999879e-01 -4.171500000000000208e-01 -2.242539999999999978e+00 -1.009900000000000020e+00 -2.018399999999999916e-01 -1.263179999999999970e+00 -2.686630000000000074e+00
-1.664060000000000095e+00 4.294000000000000039e-01 8.038999999999999480e-01 5.847999999999999865e-01 -2.221319999999999961e+00 -6.273999999999999577e-01 9.930299999999999683e-01 -8.063900000000000512e-01 -2.686630000000000074e+00
-1.642849999999999921e+00 5.725500000000000034e-01 -1.413899999999999879e-01 4.171500000000000208e-01 -2.242539999999999978e+00 1.009900000000000020e+00 -2.018399999999999916e-01 1.263179999999999970e+00 -2.686630000000000074e+00
