-2.418569161874107448e-02
-2.418569161808346857e-02
-1.900153149242941875e-02
3.320407612473419423e+00
3.320407612473430969e+00
3.879851162272173415e+00
3.879851162272179188e+00
6.086344430615336698e+00
6.172817703130470512e+00
6.172817703130471401e+00
6.416410924924745629e+00
7.083471444150474028e+00
7.083471444150474028e+00
7.896135408139723033e+00
7.896135408139724809e+00
9.035092348366747572e+00
1.148611332404376029e+01
1.437925145976573837e+01
1.713977487019719703e+01
1.742989326155545982e+01
1.742989326155546692e+01
