-6.337546883750250215e-02
-1.453206312598531377e-02
-1.270619727128519290e-02
1.149906882026387578e+00
1.319290929864560979e+00
1.530974289028631974e+00
2.110110069075094685e+00
2.342472900437300609e+00
3.195047094372054808e+00
3.412732791302437896e+00
3.488428217857224567e+00
4.471498091671654684e+00
4.705815253976521895e+00
5.105065556469940091e+00
5.274056932154388200e+00
5.602640412432310590e+00
6.052508986544163250e+00
6.320223369115579359e+00
6.635969991976295113e+00
6.677352855161871048e+00
7.313031272125612325e+00
8.191455147520356306e+00
9.110754860686585133e+00
9.167387307053326495e+00
9.198924903275969456e+00
9.593284187215425973e+00
9.643105780618880019e+00
9.739888580203444945e+00
9.825783819604520630e+00
1.071928790624713201e+01
1.188713576869635702e+01
1.200659979893851137e+01
1.203007483700127800e+01
1.281208947541896670e+01
2.193089804271849985e+01
2.212193287269076336e+01
2.297039506866136449e+01
2.320666785861877557e+01
2.380635777382201468e+01
2.444028696229448272e+01
2.465367884977844426e+01
2.478527087755138325e+01
