2.681179999999999897e+00 -0.000000000000000000e+00 -9.532999999999999807e-02 -0.000000000000000000e+00 2.694570000000000132e+00 0.000000000000000000e+00 -7.152000000000000024e-02 0.000000000000000000e+00 2.779939999999999856e+00
2.681179999999999897e+00 -0.000000000000000000e+00 -9.532999999999999807e-02 -0.000000000000000000e+00 2.694570000000000132e+00 0.000000000000000000e+00 -7.152000000000000024e-02 0.000000000000000000e+00 2.779939999999999856e+00
4.800489999999999924e+00 -0.000000000000000000e+00 -2.654199999999999893e-01 -0.000000000000000000e+00 4.663590000000000124e+00 0.000000000000000000e+00 1.971799999999999942e-01 0.000000000000000000e+00 5.033640000000000114e+00
5.850550000000000139e+00 -0.000000000000000000e+00 6.243800000000000461e-01 -0.000000000000000000e+00 5.893600000000000172e+00 0.000000000000000000e+00 -6.047000000000000153e-01 0.000000000000000000e+00 5.737560000000000215e+00
-2.343669999999999920e+00 7.241800000000000459e-01 5.102400000000000269e-01 6.890500000000000513e-01 -3.060979999999999812e+00 -9.191799999999999971e-01 6.654200000000000115e-01 -8.807399999999999674e-01 -2.634560000000000013e+00
-2.343669999999999920e+00 -7.241800000000000459e-01 5.102400000000000269e-01 -6.890500000000000513e-01 -3.060979999999999812e+00 9.191799999999999971e-01 6.654200000000000115e-01 8.807399999999999674e-01 -2.634560000000000013e+00
-2.343669999999999920e+00 7.241800000000000459e-01 5.102400000000000269e-01 6.890500000000000513e-01 -3.060979999999999812e+00 -9.191799999999999971e-01 6.654200000000000115e-01 -8.807399999999999674e-01 -2.634560000000000013e+00
-2.343669999999999920e+00 -7.241800000000000459e-01 5.102400000000000269e-01 -6.890500000000000513e-01 -3.060979999999999812e+00 9.191799999999999971e-01 6.654200000000000115e-01 8.807399999999999674e-01 -2.634560000000000013e+00
-3.319370000000000154e+00 0.000000000000000000e+00 -1.104640000000000066e+00 0.000000000000000000e+00 -1.851210000000000022e+00 -0.000000000000000000e+00 -1.055569999999999897e+00 -0.000000000000000000e+00 -2.896409999999999929e+00
-3.319370000000000154e+00 0.000000000000000000e+00 -1.104640000000000066e+00 0.000000000000000000e+00 -1.851210000000000022e+00 -0.000000000000000000e+00 -1.055569999999999897e+00 -0.000000000000000000e+00 -2.896409999999999929e+00
