-8.489235691318378074e-02
-6.548909534473408567e-02
-5.810774896384616334e-02
1.293756368359245457e+00
1.921282468897792306e+00
1.931086099998408745e+00
2.071087556993792766e+00
2.425618369400963648e+00
2.454802432073047935e+00
2.659113918274398358e+00
2.873857735438674954e+00
2.892894909300806283e+00
3.121059695218856511e+00
3.194594406491329863e+00
3.518515486067252951e+00
3.518825144055759413e+00
3.527822213476407232e+00
3.738436916630024420e+00
3.798878783507329882e+00
3.930007724658572066e+00
4.595492225324845137e+00
4.655630246339304001e+00
4.818745829600274533e+00
4.837556321485664945e+00
4.901971832415748409e+00
5.381146026207445310e+00
5.634538620124205366e+00
6.174885115359011856e+00
6.195032841615486063e+00
6.880423248097533140e+00
6.943617121154738392e+00
6.949201110028248252e+00
6.989828389599063385e+00
7.078037711391117703e+00
8.942284577096073050e+00
9.288480127345879467e+00
9.379942474859490176e+00
1.005172793458781477e+01
1.005238601795722175e+01
1.041854713974445446e+01
1.043598115918382163e+01
1.047698130839125952e+01
1.106038080927257816e+01
1.114275222177023039e+01
1.479163179140511630e+01
1.480327627908379817e+01
1.594504547346097745e+01
1.611172029665433314e+01
2.095616789510162903e+01
2.096454674575154442e+01
2.621932054939839674e+01
2.737616277929202369e+01
2.769590017063007892e+01
2.773578037709711808e+01
2.824556252410229717e+01
2.835719037276004784e+01
2.861700865956298401e+01
2.914787600420498492e+01
2.949737803515189327e+01
2.993124736759958182e+01
