-5.182138628183220741e-02
-1.087239576535703987e-02
-1.087208306877400325e-02
1.086182310684170149e+00
1.086182311149106017e+00
2.452709896920777233e+00
2.665591050018494723e+00
2.665591051788718246e+00
2.804312967722091710e+00
3.014330430040082387e+00
3.014330430935279637e+00
3.016893617425260299e+00
3.113879434900961751e+00
3.714338951734584615e+00
3.858280727588484726e+00
3.858280728580166574e+00
3.998691800954137232e+00
4.164948684253371169e+00
4.182126343017831260e+00
4.182126343517150957e+00
4.336357684490425690e+00
4.336357684760792530e+00
4.509684505454782055e+00
4.509684506476123289e+00
5.005560382674728359e+00
5.005560382695390054e+00
5.157360434734988175e+00
5.157360435641367147e+00
5.339408170169326340e+00
5.405086163495476548e+00
5.451825935784511579e+00
5.617292864520036844e+00
5.617292864626437954e+00
5.784252161648124613e+00
5.879634320452669094e+00
5.879634320891631738e+00
8.384429880200245933e+00
8.384429880934723300e+00
8.560213422021211827e+00
8.560213422688152107e+00
8.811750055678961857e+00
8.845272846534561140e+00
8.868579684321147738e+00
8.868579684841950694e+00
8.963498781728267417e+00
8.963498782724862224e+00
9.545037546393468020e+00
9.545037546694041808e+00
9.575568217729985676e+00
9.831349403833030465e+00
1.002552612566121226e+01
1.002552612596678827e+01
1.006086020718925944e+01
1.006086020803298631e+01
1.033160023549332251e+01
1.033160023620913925e+01
1.105150452994161725e+01
1.105150453127621013e+01
1.125931251444579928e+01
1.139886626512009471e+01
1.139886626570412176e+01
1.190749839070535643e+01
1.193874504912452217e+01
1.320028826293129853e+01
1.320028826353746787e+01
1.330492602603981744e+01
1.330492602634754284e+01
1.372463953897623590e+01
1.374676435324852264e+01
1.416807276816007999e+01
1.434505044614474123e+01
1.450588392130150339e+01
