1.051330000000000098e+00 -9.736000000000000210e-02 -3.423999999999999960e-02 2.973999999999999908e-02 9.463099999999999845e-01 5.183000000000000107e-02 2.892000000000000126e-02 -1.502000000000000036e-02 1.123680000000000012e+00
1.032999999999999918e+00 -1.285999999999999990e-02 8.623999999999999722e-02 -2.150000000000000001e-03 1.039520000000000000e+00 1.011900000000000022e-01 -7.975000000000000144e-02 -6.375999999999999723e-02 1.005549999999999944e+00
1.032999999999999918e+00 1.285999999999999990e-02 8.623999999999999722e-02 2.150000000000000001e-03 1.039520000000000000e+00 -1.011900000000000022e-01 -7.975000000000000144e-02 6.375999999999999723e-02 1.005549999999999944e+00
1.051330000000000098e+00 9.736000000000000210e-02 -3.423999999999999960e-02 -2.973999999999999908e-02 9.463099999999999845e-01 -5.183000000000000107e-02 2.892000000000000126e-02 1.502000000000000036e-02 1.123680000000000012e+00
2.027229999999999865e+00 -1.238699999999999940e-01 -2.073800000000000088e-01 4.506000000000000283e-02 2.107850000000000001e+00 -2.177000000000000046e-01 2.249800000000000133e-01 1.803099999999999981e-01 1.828659999999999952e+00
2.027229999999999865e+00 1.238699999999999940e-01 -2.073800000000000088e-01 -4.506000000000000283e-02 2.107850000000000001e+00 2.177000000000000046e-01 2.249800000000000133e-01 -1.803099999999999981e-01 1.828659999999999952e+00
3.136550000000000171e+00 1.277800000000000047e-01 2.340500000000000080e-01 -4.152000000000000135e-02 3.024560000000000137e+00 -2.880099999999999882e-01 -2.659199999999999897e-01 1.841500000000000081e-01 2.958359999999999879e+00
3.136550000000000171e+00 -1.277800000000000047e-01 2.340500000000000080e-01 4.152000000000000135e-02 3.024560000000000137e+00 2.880099999999999882e-01 -2.659199999999999897e-01 -1.841500000000000081e-01 2.958359999999999879e+00
-2.299459999999999837e+00 -8.265000000000000124e-02 1.774900000000000089e-01 -7.494000000000000661e-02 -1.368880000000000097e+00 2.339000000000000107e-02 2.389300000000000035e-01 1.664200000000000124e-01 -1.616740000000000066e+00
-1.959100000000000064e+00 -1.575400000000000134e-01 -3.585200000000000053e-01 -1.116899999999999976e-01 -1.521560000000000024e+00 -1.418399999999999939e-01 -2.979200000000000181e-01 -3.282599999999999962e-01 -1.852980000000000071e+00
-2.299459999999999837e+00 8.265000000000000124e-02 1.774900000000000089e-01 7.494000000000000661e-02 -1.368880000000000097e+00 -2.339000000000000107e-02 2.389300000000000035e-01 -1.664200000000000124e-01 -1.616740000000000066e+00
-1.959100000000000064e+00 1.575400000000000134e-01 -3.585200000000000053e-01 1.116899999999999976e-01 -1.521560000000000024e+00 1.418399999999999939e-01 -2.979200000000000181e-01 3.282599999999999962e-01 -1.852980000000000071e+00
-1.491209999999999924e+00 9.896000000000000629e-02 -5.381999999999999978e-02 1.628300000000000025e-01 -2.223739999999999828e+00 -1.644200000000000106e-01 -3.259999999999999704e-02 -2.943399999999999905e-01 -1.609560000000000102e+00
-1.491209999999999924e+00 -9.896000000000000629e-02 -5.381999999999999978e-02 -1.628300000000000025e-01 -2.223739999999999828e+00 1.644200000000000106e-01 -3.259999999999999704e-02 2.943399999999999905e-01 -1.609560000000000102e+00
-1.498350000000000071e+00 -3.985999999999999960e-02 1.561800000000000133e-01 -1.703999999999999959e-02 -2.004059999999999953e+00 3.577600000000000224e-01 1.833599999999999952e-01 4.034200000000000008e-01 -1.836969999999999992e+00
-1.498350000000000071e+00 3.985999999999999960e-02 1.561800000000000133e-01 1.703999999999999959e-02 -2.004059999999999953e+00 -3.577600000000000224e-01 1.833599999999999952e-01 -4.034200000000000008e-01 -1.836969999999999992e+00
