1.017470000000000097e+00 -3.728400000000000047e-01 -0.000000000000000000e+00 -3.798000000000000265e-01 9.278499999999999526e-01 -0.000000000000000000e+00 -0.000000000000000000e+00 -0.000000000000000000e+00 1.265439999999999898e+00
1.366109999999999935e+00 1.270100000000000118e-01 -0.000000000000000000e+00 1.885199999999999931e-01 1.297530000000000072e+00 -0.000000000000000000e+00 -0.000000000000000000e+00 -0.000000000000000000e+00 8.369900000000000118e-01
1.017470000000000097e+00 -3.728400000000000047e-01 -0.000000000000000000e+00 -3.798000000000000265e-01 9.278499999999999526e-01 -0.000000000000000000e+00 -0.000000000000000000e+00 -0.000000000000000000e+00 1.265439999999999898e+00
1.017470000000000097e+00 3.728400000000000047e-01 -0.000000000000000000e+00 3.798000000000000265e-01 9.278499999999999526e-01 -0.000000000000000000e+00 -0.000000000000000000e+00 -0.000000000000000000e+00 1.265439999999999898e+00
1.366109999999999935e+00 -1.270100000000000118e-01 -0.000000000000000000e+00 -1.885199999999999931e-01 1.297530000000000072e+00 -0.000000000000000000e+00 -0.000000000000000000e+00 -0.000000000000000000e+00 8.369900000000000118e-01
1.366109999999999935e+00 1.270100000000000118e-01 -0.000000000000000000e+00 1.885199999999999931e-01 1.297530000000000072e+00 -0.000000000000000000e+00 -0.000000000000000000e+00 -0.000000000000000000e+00 8.369900000000000118e-01
1.017470000000000097e+00 3.728400000000000047e-01 -0.000000000000000000e+00 3.798000000000000265e-01 9.278499999999999526e-01 -0.000000000000000000e+00 -0.000000000000000000e+00 -0.000000000000000000e+00 1.265439999999999898e+00
1.366109999999999935e+00 -1.270100000000000118e-01 -0.000000000000000000e+00 -1.885199999999999931e-01 1.297530000000000072e+00 -0.000000000000000000e+00 -0.000000000000000000e+00 -0.000000000000000000e+00 8.369900000000000118e-01
1.644290000000000029e+00 8.907100000000000017e-01 -0.000000000000000000e+00 1.107210000000000027e+00 2.319119999999999848e+00 -0.000000000000000000e+00 -0.000000000000000000e+00 -0.000000000000000000e+00 2.898489999999999789e+00
1.644290000000000029e+00 8.907100000000000017e-01 -0.000000000000000000e+00 1.107210000000000027e+00 2.319119999999999848e+00 -0.000000000000000000e+00 -0.000000000000000000e+00 -0.000000000000000000e+00 2.898489999999999789e+00
1.644290000000000029e+00 -8.907100000000000017e-01 -0.000000000000000000e+00 -1.107210000000000027e+00 2.319119999999999848e+00 -0.000000000000000000e+00 -0.000000000000000000e+00 -0.000000000000000000e+00 2.898489999999999789e+00
1.644290000000000029e+00 -8.907100000000000017e-01 -0.000000000000000000e+00 -1.107210000000000027e+00 2.319119999999999848e+00 -0.000000000000000000e+00 -0.000000000000000000e+00 -0.000000000000000000e+00 2.898489999999999789e+00
-1.751619999999999955e+00 -0.000000000000000000e+00 0.000000000000000000e+00 -0.000000000000000000e+00 -5.288100000000000023e-01 3.767099999999999893e-01 0.000000000000000000e+00 4.547999999999999959e-02 -2.351339999999999986e+00
-1.138120000000000021e+00 3.979199999999999959e-01 -6.187500000000000222e-01 2.740000000000000213e-01 -2.007849999999999913e+00 2.962400000000000033e-01 -8.365799999999999903e-01 1.276000000000000051e-02 -1.324789999999999912e+00
-1.138120000000000021e+00 3.979199999999999959e-01 6.187500000000000222e-01 2.740000000000000213e-01 -2.007849999999999913e+00 -2.962400000000000033e-01 8.365799999999999903e-01 -1.276000000000000051e-02 -1.324789999999999912e+00
-1.138120000000000021e+00 -3.979199999999999959e-01 -6.187500000000000222e-01 -2.740000000000000213e-01 -2.007849999999999913e+00 -2.962400000000000033e-01 -8.365799999999999903e-01 -1.276000000000000051e-02 -1.324789999999999912e+00
-1.138120000000000021e+00 3.979199999999999959e-01 6.187500000000000222e-01 2.740000000000000213e-01 -2.007849999999999913e+00 -2.962400000000000033e-01 8.365799999999999903e-01 -1.276000000000000051e-02 -1.324789999999999912e+00
-1.138120000000000021e+00 -3.979199999999999959e-01 6.187500000000000222e-01 -2.740000000000000213e-01 -2.007849999999999913e+00 2.962400000000000033e-01 8.365799999999999903e-01 1.276000000000000051e-02 -1.324789999999999912e+00
-1.138120000000000021e+00 3.979199999999999959e-01 -6.187500000000000222e-01 2.740000000000000213e-01 -2.007849999999999913e+00 2.962400000000000033e-01 -8.365799999999999903e-01 1.276000000000000051e-02 -1.324789999999999912e+00
-1.751619999999999955e+00 -0.000000000000000000e+00 0.000000000000000000e+00 -0.000000000000000000e+00 -5.288100000000000023e-01 -3.767099999999999893e-01 0.000000000000000000e+00 -4.547999999999999959e-02 -2.351339999999999986e+00
-1.138120000000000021e+00 -3.979199999999999959e-01 -6.187500000000000222e-01 -2.740000000000000213e-01 -2.007849999999999913e+00 -2.962400000000000033e-01 -8.365799999999999903e-01 -1.276000000000000051e-02 -1.324789999999999912e+00
-1.138120000000000021e+00 -3.979199999999999959e-01 6.187500000000000222e-01 -2.740000000000000213e-01 -2.007849999999999913e+00 2.962400000000000033e-01 8.365799999999999903e-01 1.276000000000000051e-02 -1.324789999999999912e+00
-1.751619999999999955e+00 -0.000000000000000000e+00 0.000000000000000000e+00 -0.000000000000000000e+00 -5.288100000000000023e-01 3.767099999999999893e-01 0.000000000000000000e+00 4.547999999999999959e-02 -2.351339999999999986e+00
-1.751619999999999955e+00 -0.000000000000000000e+00 0.000000000000000000e+00 -0.000000000000000000e+00 -5.288100000000000023e-01 -3.767099999999999893e-01 0.000000000000000000e+00 -4.547999999999999959e-02 -2.351339999999999986e+00
