-2.991343910687788155e-02
-1.915351399811043853e-02
-1.513522709259904758e-02
2.053925148626025710e+00
2.515705950867589191e+00
2.683537770586801319e+00
2.823099320132897994e+00
2.865805883796554543e+00
2.898714982849079025e+00
2.931255353706839983e+00
3.033484329792262457e+00
3.241968196460959462e+00
3.393116858506057376e+00
3.819976243213134559e+00
4.031900543838564666e+00
4.382445780718294159e+00
4.502886619832459303e+00
4.513078597750107335e+00
4.666470294807209207e+00
4.989775657228102013e+00
5.139048697585194780e+00
5.258054055468377008e+00
5.538394911816785893e+00
6.163799766916951306e+00
6.256270903288173812e+00
6.324123141475748611e+00
6.529616862182034076e+00
6.638582614139196814e+00
7.015770117546169082e+00
7.029010507119886952e+00
7.684623173823697861e+00
7.965725480666359992e+00
8.299668337267089413e+00
8.448878970443296055e+00
8.555792376378677844e+00
8.643434438073736459e+00
8.999751169034936993e+00
9.110470246565339991e+00
9.163326645208268673e+00
9.526039900951463579e+00
9.726726461222881426e+00
9.872342450372620704e+00
1.005633664421148943e+01
1.057470967745780044e+01
1.105026165152277606e+01
1.116658370512416099e+01
1.149424807626500389e+01
1.161633401642162688e+01
1.205444675267692389e+01
1.275674950761736248e+01
1.282480830081052048e+01
1.286733954705854721e+01
1.332148195144331559e+01
1.378985080384373063e+01
1.562241434146623043e+01
1.568268299788850584e+01
1.761415597721438075e+01
1.796116107051971511e+01
1.949905694509735454e+01
1.965314341291948352e+01
2.095077264272767081e+01
2.143580607491404777e+01
2.196854804132351546e+01
2.236289214754578580e+01
2.244996249556164614e+01
2.248977382467656128e+01
2.330331878507561782e+01
2.420417860761605766e+01
2.561157456204398741e+01
2.645993367432274823e+01
2.720861006274491345e+01
2.756991180735577274e+01
