1.086969999999999992e+00 -0.000000000000000000e+00 4.368999999999999967e-02 -0.000000000000000000e+00 9.917700000000000404e-01 0.000000000000000000e+00 4.619999999999999801e-02 0.000000000000000000e+00 1.345059999999999922e+00
9.639999999999999680e-01 -0.000000000000000000e+00 -2.423700000000000021e-01 -0.000000000000000000e+00 6.493900000000000228e-01 0.000000000000000000e+00 -1.479399999999999882e-01 0.000000000000000000e+00 1.432390000000000052e+00
1.170970000000000066e+00 -0.000000000000000000e+00 3.579999999999999849e-02 -0.000000000000000000e+00 1.089739999999999931e+00 0.000000000000000000e+00 -4.658999999999999947e-02 0.000000000000000000e+00 6.872599999999999820e-01
1.170970000000000066e+00 -0.000000000000000000e+00 3.579999999999999849e-02 -0.000000000000000000e+00 1.089739999999999931e+00 0.000000000000000000e+00 -4.658999999999999947e-02 0.000000000000000000e+00 6.872599999999999820e-01
1.086969999999999992e+00 -0.000000000000000000e+00 4.368999999999999967e-02 -0.000000000000000000e+00 9.917700000000000404e-01 0.000000000000000000e+00 4.619999999999999801e-02 0.000000000000000000e+00 1.345059999999999922e+00
4.014190000000000147e+00 -0.000000000000000000e+00 2.764800000000000035e-01 -0.000000000000000000e+00 5.774540000000000006e+00 0.000000000000000000e+00 1.506000000000000116e-01 0.000000000000000000e+00 3.522580000000000044e+00
-2.242789999999999839e+00 0.000000000000000000e+00 2.827000000000000068e-01 0.000000000000000000e+00 -1.589739999999999931e+00 -0.000000000000000000e+00 3.395000000000000240e-01 -0.000000000000000000e+00 -1.607830000000000092e+00
-1.482629999999999892e+00 0.000000000000000000e+00 -1.576700000000000046e-01 0.000000000000000000e+00 -4.156450000000000422e+00 -0.000000000000000000e+00 -7.630000000000000671e-02 -0.000000000000000000e+00 -1.050799999999999956e+00
-1.762930000000000108e+00 0.000000000000000000e+00 -3.004100000000000104e-01 0.000000000000000000e+00 -1.625510000000000010e+00 -0.000000000000000000e+00 -3.022900000000000031e-01 -0.000000000000000000e+00 -2.376570000000000071e+00
-1.762930000000000108e+00 0.000000000000000000e+00 -3.004100000000000104e-01 0.000000000000000000e+00 -1.625510000000000010e+00 -0.000000000000000000e+00 -3.022900000000000031e-01 -0.000000000000000000e+00 -2.376570000000000071e+00
-2.242789999999999839e+00 0.000000000000000000e+00 2.827000000000000068e-01 0.000000000000000000e+00 -1.589739999999999931e+00 -0.000000000000000000e+00 3.395000000000000240e-01 -0.000000000000000000e+00 -1.607830000000000092e+00
