-2.026212604383402505e-01
-9.878698760208833030e-02
-9.878698760192371198e-02
3.871508555032029619e+00
5.149789584582311619e+00
5.149789584582318724e+00
5.764967195626006458e+00
6.588681287301686673e+00
6.588681287301702660e+00
6.748143316286062898e+00
7.149802780825589288e+00
7.220618510262651668e+00
7.220618510262654333e+00
7.901901810212073940e+00
8.244518757315720592e+00
8.244518757315725921e+00
8.510923463403045730e+00
8.651895175842001962e+00
9.013205237869117425e+00
9.208844701307970837e+00
9.208844701307976166e+00
9.276079275491099452e+00
9.318017728383209075e+00
9.318017728383210851e+00
1.015352059823530695e+01
1.015352059823531228e+01
1.093008005993232601e+01
1.134452440438513676e+01
1.167862712557094085e+01
1.172625061764691523e+01
1.180737283771059865e+01
1.180737283771060575e+01
1.190423853933974918e+01
1.198993788049279274e+01
1.198993788049280163e+01
1.211138010246248342e+01
1.244124117355790204e+01
1.306399089270002278e+01
1.349947889049032845e+01
1.349947889049033023e+01
1.352395030423012834e+01
1.378636590209221602e+01
1.378636590209221779e+01
1.408709977839816396e+01
1.413118823717495331e+01
1.413118823717496042e+01
1.419736381673355652e+01
1.485713286046301640e+01
1.500531070544418100e+01
1.556259566751815093e+01
1.556259566751815981e+01
1.557188305255894889e+01
1.557188305255895422e+01
1.703081271329459412e+01
1.716576960600444934e+01
1.716576960600446711e+01
1.722746249082245029e+01
1.736460241332260068e+01
1.765029821402242405e+01
1.977367963760533698e+01
1.983346261233548447e+01
1.983346261233549157e+01
2.044402698554822706e+01
2.062165931354918058e+01
2.081573306523861433e+01
2.081573306523862144e+01
