-2.261303354745224092e-02
-2.196082335958703460e-02
-1.571988631869833050e-02
2.495472882897125988e+00
2.839344886313469818e+00
3.091008910757690131e+00
3.129338042343013715e+00
3.176305891034724382e+00
3.403250846788796302e+00
3.463459307950902843e+00
3.500311550969680940e+00
3.677489174527051485e+00
3.871036963720632329e+00
3.885089834617633464e+00
4.260986356125306962e+00
4.316364139685310519e+00
4.329050074492504230e+00
4.568996711257623744e+00
4.687818367903443750e+00
4.810335677080458616e+00
5.336147103827988403e+00
5.531440901447290059e+00
6.124435984832356183e+00
6.129581647085537988e+00
6.251199970073895607e+00
6.385834546673355483e+00
6.547286149088355600e+00
6.750606718157243336e+00
7.074724621142313374e+00
7.209236131865003117e+00
7.394359941403726211e+00
7.430320465435606536e+00
7.983184314248097380e+00
8.081548639768442399e+00
8.244535591963099819e+00
8.969922692532191988e+00
9.064965286353020346e+00
9.341548727771408878e+00
9.751259140717406737e+00
9.956576200460041548e+00
1.060055883126435283e+01
1.080217659035027999e+01
1.096449070038693030e+01
1.173827286238471856e+01
1.210746196681612297e+01
1.225485362876456819e+01
1.291767009448105163e+01
1.304269041385301087e+01
1.714727006356829264e+01
1.715464191045118270e+01
1.722827635227124077e+01
1.728063192522029823e+01
1.743910993738171911e+01
1.767892224966136538e+01
1.773031180428476361e+01
1.775714039043096548e+01
1.789533746007548132e+01
2.175123003188708282e+01
2.389787271997271745e+01
2.436053743195296661e+01
