-1.356211030424562571e-02
-1.001257882390074044e-02
-1.001254298931186608e-02
4.389141332084342650e+00
4.389141333133823153e+00
4.734610791004796759e+00
6.359643806298034718e+00
6.359643806789498477e+00
6.689832918098754355e+00
6.689832919525902533e+00
7.107323622764337046e+00
7.932330262130960818e+00
1.098150329851929463e+01
1.098150329859055319e+01
1.107759439898855014e+01
1.107759439901119514e+01
1.284302023078029542e+01
1.463835830651354364e+01
1.878128638280901797e+01
1.878128638293305741e+01
1.952885387075786738e+01
1.952885387110879023e+01
2.067542227388647902e+01
2.131882909328966136e+01
2.751273847943219408e+01
2.768920238298814596e+01
3.658437051832844844e+01
3.658437051895331393e+01
3.667384656769900175e+01
3.667384656836964041e+01
