2.517840000000000078e+00 4.035000000000000253e-01 1.282699999999999951e-01 4.035000000000000253e-01 2.517840000000000078e+00 1.282699999999999951e-01 1.941999999999999976e-02 1.941999999999999976e-02 2.762189999999999923e+00
2.517840000000000078e+00 -4.035000000000000253e-01 1.282699999999999951e-01 -4.035000000000000253e-01 2.517840000000000078e+00 -1.282699999999999951e-01 1.941999999999999976e-02 -1.941999999999999976e-02 2.762189999999999923e+00
2.517840000000000078e+00 -4.035000000000000253e-01 -1.282699999999999951e-01 -4.035000000000000253e-01 2.517840000000000078e+00 1.282699999999999951e-01 -1.941999999999999976e-02 1.941999999999999976e-02 2.762189999999999923e+00
2.517840000000000078e+00 4.035000000000000253e-01 -1.282699999999999951e-01 4.035000000000000253e-01 2.517840000000000078e+00 -1.282699999999999951e-01 -1.941999999999999976e-02 -1.941999999999999976e-02 2.762189999999999923e+00
2.211549999999999905e+00 9.029999999999999832e-03 0.000000000000000000e+00 -9.029999999999999832e-03 2.211549999999999905e+00 0.000000000000000000e+00 0.000000000000000000e+00 0.000000000000000000e+00 1.575290000000000079e+00
2.211549999999999905e+00 -9.029999999999999832e-03 0.000000000000000000e+00 9.029999999999999832e-03 2.211549999999999905e+00 0.000000000000000000e+00 -0.000000000000000000e+00 0.000000000000000000e+00 1.575290000000000079e+00
2.710080000000000044e+00 1.331199999999999883e-01 -2.537000000000000019e-02 1.331199999999999883e-01 2.710080000000000044e+00 -2.537000000000000019e-02 3.527999999999999886e-02 3.527999999999999886e-02 3.151339999999999808e+00
2.710080000000000044e+00 1.331199999999999883e-01 2.537000000000000019e-02 1.331199999999999883e-01 2.710080000000000044e+00 2.537000000000000019e-02 -3.527999999999999886e-02 -3.527999999999999886e-02 3.151339999999999808e+00
2.710080000000000044e+00 -1.331199999999999883e-01 -2.537000000000000019e-02 -1.331199999999999883e-01 2.710080000000000044e+00 2.537000000000000019e-02 3.527999999999999886e-02 -3.527999999999999886e-02 3.151339999999999808e+00
2.710080000000000044e+00 -1.331199999999999883e-01 2.537000000000000019e-02 -1.331199999999999883e-01 2.710080000000000044e+00 -2.537000000000000019e-02 -3.527999999999999886e-02 3.527999999999999886e-02 3.151339999999999808e+00
-1.997179999999999955e+00 1.588299999999999990e-01 -1.993699999999999917e-01 6.524000000000000632e-02 -1.701160000000000005e+00 -4.723999999999999727e-02 -1.275000000000000022e-01 -2.428999999999999909e-02 -1.710730000000000084e+00
-1.997179999999999955e+00 1.588299999999999990e-01 1.993699999999999917e-01 6.524000000000000632e-02 -1.701160000000000005e+00 4.723999999999999727e-02 1.275000000000000022e-01 2.428999999999999909e-02 -1.710730000000000084e+00
-1.701160000000000005e+00 -6.524000000000000632e-02 4.723999999999999727e-02 -1.588299999999999990e-01 -1.997179999999999955e+00 -1.993699999999999917e-01 2.428999999999999909e-02 -1.275000000000000022e-01 -1.710730000000000084e+00
-1.701160000000000005e+00 -6.524000000000000632e-02 -4.723999999999999727e-02 -1.588299999999999990e-01 -1.997179999999999955e+00 1.993699999999999917e-01 -2.428999999999999909e-02 1.275000000000000022e-01 -1.710730000000000084e+00
-1.701160000000000005e+00 6.524000000000000632e-02 -4.723999999999999727e-02 1.588299999999999990e-01 -1.997179999999999955e+00 -1.993699999999999917e-01 -2.428999999999999909e-02 -1.275000000000000022e-01 -1.710730000000000084e+00
-1.997179999999999955e+00 -1.588299999999999990e-01 -1.993699999999999917e-01 -6.524000000000000632e-02 -1.701160000000000005e+00 4.723999999999999727e-02 -1.275000000000000022e-01 2.428999999999999909e-02 -1.710730000000000084e+00
-1.997179999999999955e+00 -1.588299999999999990e-01 1.993699999999999917e-01 -6.524000000000000632e-02 -1.701160000000000005e+00 -4.723999999999999727e-02 1.275000000000000022e-01 -2.428999999999999909e-02 -1.710730000000000084e+00
-1.701160000000000005e+00 6.524000000000000632e-02 4.723999999999999727e-02 1.588299999999999990e-01 -1.997179999999999955e+00 1.993699999999999917e-01 2.428999999999999909e-02 1.275000000000000022e-01 -1.710730000000000084e+00
-1.586189999999999989e+00 -1.589599999999999902e-01 7.285999999999999421e-02 -1.589599999999999902e-01 -1.586189999999999989e+00 7.285999999999999421e-02 1.722999999999999879e-02 1.722999999999999879e-02 -2.438520000000000021e+00
-1.586189999999999989e+00 1.589599999999999902e-01 7.285999999999999421e-02 1.589599999999999902e-01 -1.586189999999999989e+00 -7.285999999999999421e-02 1.722999999999999879e-02 -1.722999999999999879e-02 -2.438520000000000021e+00
-2.098329999999999806e+00 8.158800000000000496e-01 -0.000000000000000000e+00 8.158800000000000496e-01 -2.098329999999999806e+00 0.000000000000000000e+00 0.000000000000000000e+00 0.000000000000000000e+00 -1.682399999999999896e+00
-2.098329999999999806e+00 -8.158800000000000496e-01 0.000000000000000000e+00 -8.158800000000000496e-01 -2.098329999999999806e+00 0.000000000000000000e+00 0.000000000000000000e+00 0.000000000000000000e+00 -1.682399999999999896e+00
-1.586189999999999989e+00 -1.589599999999999902e-01 -7.285999999999999421e-02 -1.589599999999999902e-01 -1.586189999999999989e+00 -7.285999999999999421e-02 -1.722999999999999879e-02 -1.722999999999999879e-02 -2.438520000000000021e+00
-1.586189999999999989e+00 1.589599999999999902e-01 -7.285999999999999421e-02 1.589599999999999902e-01 -1.586189999999999989e+00 7.285999999999999421e-02 -1.722999999999999879e-02 1.722999999999999879e-02 -2.438520000000000021e+00
