1.437289999999999957e+00 0.000000000000000000e+00 0.000000000000000000e+00 0.000000000000000000e+00 1.226779999999999982e+00 1.544000000000000095e-01 0.000000000000000000e+00 4.936999999999999722e-02 1.166179999999999994e+00
1.437289999999999957e+00 0.000000000000000000e+00 0.000000000000000000e+00 0.000000000000000000e+00 1.226779999999999982e+00 -1.544000000000000095e-01 0.000000000000000000e+00 -4.936999999999999722e-02 1.166179999999999994e+00
5.898130000000000095e+00 -1.979249999999999954e+00 0.000000000000000000e+00 -1.897019999999999929e+00 6.399449999999999861e+00 0.000000000000000000e+00 0.000000000000000000e+00 0.000000000000000000e+00 5.246550000000000047e+00
5.898130000000000095e+00 1.979249999999999954e+00 0.000000000000000000e+00 1.897019999999999929e+00 6.399449999999999861e+00 0.000000000000000000e+00 0.000000000000000000e+00 0.000000000000000000e+00 5.246550000000000047e+00
6.255840000000000067e+00 0.000000000000000000e+00 0.000000000000000000e+00 0.000000000000000000e+00 6.662810000000000343e+00 -1.470579999999999998e+00 0.000000000000000000e+00 -1.820449999999999902e+00 8.326879999999999171e+00
6.255840000000000067e+00 0.000000000000000000e+00 0.000000000000000000e+00 0.000000000000000000e+00 6.662810000000000343e+00 1.470579999999999998e+00 0.000000000000000000e+00 1.820449999999999902e+00 8.326879999999999171e+00
-3.002369999999999983e+00 -0.000000000000000000e+00 -0.000000000000000000e+00 -0.000000000000000000e+00 -2.008179999999999854e+00 -1.587999999999999828e-02 -0.000000000000000000e+00 5.279999999999999971e-03 -1.326710000000000056e+00
-7.046299999999999786e-01 -0.000000000000000000e+00 0.000000000000000000e+00 -0.000000000000000000e+00 -8.572999999999999510e-01 -1.168199999999999933e-01 0.000000000000000000e+00 -2.625000000000000111e-01 -5.302979999999999805e+00
-2.444119999999999848e+00 -1.336079999999999934e+00 -7.738300000000000178e-01 -1.589939999999999909e+00 -2.726059999999999928e+00 -1.203619999999999912e+00 -1.135960000000000081e+00 -1.278129999999999988e+00 -2.223580000000000112e+00
-2.498009999999999842e+00 1.479619999999999935e+00 -3.152400000000000202e-01 1.613620000000000054e+00 -2.985720000000000152e+00 7.517599999999999838e-01 -8.152099999999999902e-01 1.148379999999999956e+00 -1.831369999999999942e+00
-2.498009999999999842e+00 -1.479619999999999935e+00 3.152400000000000202e-01 -1.613620000000000054e+00 -2.985720000000000152e+00 7.517599999999999838e-01 8.152099999999999902e-01 1.148379999999999956e+00 -1.831369999999999942e+00
-2.444119999999999848e+00 1.336079999999999934e+00 7.738300000000000178e-01 1.589939999999999909e+00 -2.726059999999999928e+00 -1.203619999999999912e+00 1.135960000000000081e+00 -1.278129999999999988e+00 -2.223580000000000112e+00
-3.002369999999999983e+00 -0.000000000000000000e+00 -0.000000000000000000e+00 -0.000000000000000000e+00 -2.008179999999999854e+00 1.587999999999999828e-02 -0.000000000000000000e+00 -5.279999999999999971e-03 -1.326710000000000056e+00
-7.046299999999999786e-01 -0.000000000000000000e+00 0.000000000000000000e+00 -0.000000000000000000e+00 -8.572999999999999510e-01 1.168199999999999933e-01 0.000000000000000000e+00 2.625000000000000111e-01 -5.302979999999999805e+00
-2.498009999999999842e+00 -1.479619999999999935e+00 -3.152400000000000202e-01 -1.613620000000000054e+00 -2.985720000000000152e+00 -7.517599999999999838e-01 -8.152099999999999902e-01 -1.148379999999999956e+00 -1.831369999999999942e+00
-2.444119999999999848e+00 1.336079999999999934e+00 -7.738300000000000178e-01 1.589939999999999909e+00 -2.726059999999999928e+00 1.203619999999999912e+00 -1.135960000000000081e+00 1.278129999999999988e+00 -2.223580000000000112e+00
-2.444119999999999848e+00 -1.336079999999999934e+00 7.738300000000000178e-01 -1.589939999999999909e+00 -2.726059999999999928e+00 1.203619999999999912e+00 1.135960000000000081e+00 1.278129999999999988e+00 -2.223580000000000112e+00
-2.498009999999999842e+00 1.479619999999999935e+00 3.152400000000000202e-01 1.613620000000000054e+00 -2.985720000000000152e+00 -7.517599999999999838e-01 8.152099999999999902e-01 -1.148379999999999956e+00 -1.831369999999999942e+00
