8.083500000000000130e-01 1.990800000000000070e-01 -4.240000000000000019e-02 2.070400000000000018e-01 1.051660000000000039e+00 -1.084000000000000068e-02 -3.066999999999999935e-02 8.587000000000000188e-02 1.071080000000000032e+00
8.083500000000000130e-01 -1.990800000000000070e-01 -4.240000000000000019e-02 -2.070400000000000018e-01 1.051660000000000039e+00 1.084000000000000068e-02 -3.066999999999999935e-02 -8.587000000000000188e-02 1.071080000000000032e+00
1.100079999999999947e+00 -1.647599999999999898e-01 3.898000000000000076e-02 -1.578700000000000103e-01 1.011390000000000011e+00 -1.112699999999999939e-01 5.967999999999999694e-02 -4.939999999999999947e-02 1.069329999999999892e+00
1.100079999999999947e+00 1.647599999999999898e-01 3.898000000000000076e-02 1.578700000000000103e-01 1.011390000000000011e+00 1.112699999999999939e-01 5.967999999999999694e-02 4.939999999999999947e-02 1.069329999999999892e+00
1.100079999999999947e+00 -1.647599999999999898e-01 3.898000000000000076e-02 -1.578700000000000103e-01 1.011390000000000011e+00 -1.112699999999999939e-01 5.967999999999999694e-02 -4.939999999999999947e-02 1.069329999999999892e+00
1.100079999999999947e+00 1.647599999999999898e-01 3.898000000000000076e-02 1.578700000000000103e-01 1.011390000000000011e+00 1.112699999999999939e-01 5.967999999999999694e-02 4.939999999999999947e-02 1.069329999999999892e+00
1.237260000000000026e+00 -0.000000000000000000e+00 -2.809999999999999998e-02 -0.000000000000000000e+00 9.980700000000000127e-01 -0.000000000000000000e+00 -4.204000000000000098e-02 -0.000000000000000000e+00 7.134399999999999631e-01
1.237260000000000026e+00 -0.000000000000000000e+00 -2.809999999999999998e-02 -0.000000000000000000e+00 9.980700000000000127e-01 -0.000000000000000000e+00 -4.204000000000000098e-02 -0.000000000000000000e+00 7.134399999999999631e-01
8.083500000000000130e-01 -1.990800000000000070e-01 -4.240000000000000019e-02 -2.070400000000000018e-01 1.051660000000000039e+00 1.084000000000000068e-02 -3.066999999999999935e-02 -8.587000000000000188e-02 1.071080000000000032e+00
8.083500000000000130e-01 1.990800000000000070e-01 -4.240000000000000019e-02 2.070400000000000018e-01 1.051660000000000039e+00 -1.084000000000000068e-02 -3.066999999999999935e-02 8.587000000000000188e-02 1.071080000000000032e+00
4.554249999999999687e+00 -0.000000000000000000e+00 8.058899999999999952e-01 -0.000000000000000000e+00 2.843659999999999854e+00 -0.000000000000000000e+00 7.665300000000000447e-01 -0.000000000000000000e+00 4.857219999999999871e+00
4.554249999999999687e+00 -0.000000000000000000e+00 8.058899999999999952e-01 -0.000000000000000000e+00 2.843659999999999854e+00 -0.000000000000000000e+00 7.665300000000000447e-01 -0.000000000000000000e+00 4.857219999999999871e+00
-9.866300000000000070e-01 0.000000000000000000e+00 -1.263299999999999979e-01 0.000000000000000000e+00 -2.883490000000000109e+00 0.000000000000000000e+00 -1.291499999999999870e-01 0.000000000000000000e+00 -1.045709999999999917e+00
-9.866300000000000070e-01 0.000000000000000000e+00 -1.263299999999999979e-01 0.000000000000000000e+00 -2.883490000000000109e+00 0.000000000000000000e+00 -1.291499999999999870e-01 0.000000000000000000e+00 -1.045709999999999917e+00
-2.010819999999999830e+00 -5.403599999999999515e-01 6.775299999999999656e-01 -5.627499999999999725e-01 -1.298540000000000028e+00 4.433500000000000218e-01 6.976999999999999869e-01 6.116300000000000070e-01 -2.113640000000000185e+00
-2.010819999999999830e+00 5.403599999999999515e-01 6.775299999999999656e-01 5.627499999999999725e-01 -1.298540000000000028e+00 -4.433500000000000218e-01 6.976999999999999869e-01 -6.116300000000000070e-01 -2.113640000000000185e+00
-2.300060000000000215e+00 -1.244999999999999996e-01 -9.998399999999999510e-01 -1.015500000000000014e-01 -1.243649999999999922e+00 -5.577000000000000013e-02 -1.024389999999999912e+00 -1.439999999999999891e-01 -2.289239999999999942e+00
-2.300060000000000215e+00 1.244999999999999996e-01 -9.998399999999999510e-01 1.015500000000000014e-01 -1.243649999999999922e+00 5.577000000000000013e-02 -1.024389999999999912e+00 1.439999999999999891e-01 -2.289239999999999942e+00
-2.300060000000000215e+00 -1.244999999999999996e-01 -9.998399999999999510e-01 -1.015500000000000014e-01 -1.243649999999999922e+00 -5.577000000000000013e-02 -1.024389999999999912e+00 -1.439999999999999891e-01 -2.289239999999999942e+00
-2.300060000000000215e+00 1.244999999999999996e-01 -9.998399999999999510e-01 1.015500000000000014e-01 -1.243649999999999922e+00 5.577000000000000013e-02 -1.024389999999999912e+00 1.439999999999999891e-01 -2.289239999999999942e+00
-2.010819999999999830e+00 -5.403599999999999515e-01 6.775299999999999656e-01 -5.627499999999999725e-01 -1.298540000000000028e+00 4.433500000000000218e-01 6.976999999999999869e-01 6.116300000000000070e-01 -2.113640000000000185e+00
-2.010819999999999830e+00 5.403599999999999515e-01 6.775299999999999656e-01 5.627499999999999725e-01 -1.298540000000000028e+00 -4.433500000000000218e-01 6.976999999999999869e-01 -6.116300000000000070e-01 -2.113640000000000185e+00
