2.468300000000000161e+00 0.000000000000000000e+00 -1.614400000000000002e-01 0.000000000000000000e+00 2.443099999999999827e+00 0.000000000000000000e+00 -1.249699999999999978e-01 -0.000000000000000000e+00 2.539499999999999869e+00
2.468300000000000161e+00 0.000000000000000000e+00 1.614400000000000002e-01 0.000000000000000000e+00 2.443099999999999827e+00 0.000000000000000000e+00 1.249699999999999978e-01 0.000000000000000000e+00 2.539499999999999869e+00
2.468300000000000161e+00 -0.000000000000000000e+00 1.614400000000000002e-01 0.000000000000000000e+00 2.443099999999999827e+00 0.000000000000000000e+00 1.249699999999999978e-01 0.000000000000000000e+00 2.539499999999999869e+00
2.468300000000000161e+00 -0.000000000000000000e+00 -1.614400000000000002e-01 0.000000000000000000e+00 2.443099999999999827e+00 0.000000000000000000e+00 -1.249699999999999978e-01 -0.000000000000000000e+00 2.539499999999999869e+00
4.268480000000000274e+00 -3.003000000000000114e-02 2.344100000000000072e-01 -1.013600000000000056e-01 4.263939999999999841e+00 3.376000000000000112e-01 -2.522499999999999742e-01 -4.339700000000000224e-01 4.252880000000000216e+00
4.268480000000000274e+00 3.003000000000000114e-02 -2.344100000000000072e-01 1.013600000000000056e-01 4.263939999999999841e+00 3.376000000000000112e-01 2.522499999999999742e-01 -4.339700000000000224e-01 4.252880000000000216e+00
4.268480000000000274e+00 -3.003000000000000114e-02 -2.344100000000000072e-01 -1.013600000000000056e-01 4.263939999999999841e+00 -3.376000000000000112e-01 2.522499999999999742e-01 4.339700000000000224e-01 4.252880000000000216e+00
4.268480000000000274e+00 3.003000000000000114e-02 2.344100000000000072e-01 1.013600000000000056e-01 4.263939999999999841e+00 -3.376000000000000112e-01 -2.522499999999999742e-01 4.339700000000000224e-01 4.252880000000000216e+00
-2.487470000000000070e+00 6.350000000000000089e-02 -6.174899999999999833e-01 6.121000000000000052e-02 -1.829120000000000079e+00 3.899999999999999929e-04 -5.927400000000000446e-01 2.052000000000000005e-02 -2.427340000000000053e+00
-2.487470000000000070e+00 -6.350000000000000089e-02 6.174899999999999833e-01 -6.121000000000000052e-02 -1.829120000000000079e+00 3.899999999999999929e-04 5.927400000000000446e-01 2.052000000000000005e-02 -2.427340000000000053e+00
-2.487470000000000070e+00 6.350000000000000089e-02 6.174899999999999833e-01 6.121000000000000052e-02 -1.829120000000000079e+00 -3.899999999999999929e-04 5.927400000000000446e-01 -2.052000000000000005e-02 -2.427340000000000053e+00
-2.487470000000000070e+00 -6.350000000000000089e-02 -6.174899999999999833e-01 -6.121000000000000052e-02 -1.829120000000000079e+00 -3.899999999999999929e-04 -5.927400000000000446e-01 -2.052000000000000005e-02 -2.427340000000000053e+00
-2.487470000000000070e+00 6.350000000000000089e-02 -6.174899999999999833e-01 6.121000000000000052e-02 -1.829120000000000079e+00 3.899999999999999929e-04 -5.927400000000000446e-01 2.052000000000000005e-02 -2.427340000000000053e+00
-2.487470000000000070e+00 -6.350000000000000089e-02 6.174899999999999833e-01 -6.121000000000000052e-02 -1.829120000000000079e+00 3.899999999999999929e-04 5.927400000000000446e-01 2.052000000000000005e-02 -2.427340000000000053e+00
-2.487470000000000070e+00 6.350000000000000089e-02 6.174899999999999833e-01 6.121000000000000052e-02 -1.829120000000000079e+00 -3.899999999999999929e-04 5.927400000000000446e-01 -2.052000000000000005e-02 -2.427340000000000053e+00
-2.487470000000000070e+00 -6.350000000000000089e-02 -6.174899999999999833e-01 -6.121000000000000052e-02 -1.829120000000000079e+00 -3.899999999999999929e-04 -5.927400000000000446e-01 -2.052000000000000005e-02 -2.427340000000000053e+00
-1.761840000000000073e+00 0.000000000000000000e+00 -8.827000000000000124e-02 0.000000000000000000e+00 -3.048799999999999955e+00 0.000000000000000000e+00 -4.540000000000000285e-02 -0.000000000000000000e+00 -1.937689999999999912e+00
-1.761840000000000073e+00 0.000000000000000000e+00 8.827000000000000124e-02 0.000000000000000000e+00 -3.048799999999999955e+00 0.000000000000000000e+00 4.540000000000000285e-02 0.000000000000000000e+00 -1.937689999999999912e+00
-1.761840000000000073e+00 0.000000000000000000e+00 8.827000000000000124e-02 0.000000000000000000e+00 -3.048799999999999955e+00 0.000000000000000000e+00 4.540000000000000285e-02 0.000000000000000000e+00 -1.937689999999999912e+00
-1.761840000000000073e+00 -0.000000000000000000e+00 -8.827000000000000124e-02 0.000000000000000000e+00 -3.048799999999999955e+00 0.000000000000000000e+00 -4.540000000000000285e-02 -0.000000000000000000e+00 -1.937689999999999912e+00
