-4.744977830723785817e-02
-3.387397635556333580e-02
-2.848470079866313384e-02
2.136136509003946582e+00
2.364636113270021323e+00
2.791180092358128917e+00
2.867383557148209583e+00
3.027871107517243754e+00
3.211688441279277662e+00
3.478404843257270951e+00
3.601280893234846570e+00
5.248303656228329395e+00
5.556076908769767897e+00
5.933653268214425403e+00
6.085741684087190961e+00
6.112577548479989353e+00
6.226970651668292334e+00
6.527913271340981538e+00
7.019423644177677168e+00
7.859035620852750093e+00
8.800061635307217855e+00
8.862835861618211908e+00
9.572423126082348688e+00
9.967666734561964503e+00
1.016666346567880197e+01
1.079732479678812140e+01
1.112229263402387858e+01
1.127831278920243818e+01
1.130865301272378787e+01
1.234345316444458263e+01
1.251211061349275333e+01
1.263086325308803026e+01
1.288102978539798826e+01
1.320536416074334163e+01
1.338625573081146847e+01
1.357906766155668521e+01
1.429868725596744028e+01
1.482445912467267846e+01
1.488170814144257115e+01
1.573885588981545069e+01
1.663308081922801662e+01
1.663608385323598071e+01
1.778759133159083206e+01
1.801517946874891507e+01
1.897409339060190447e+01
1.900749086800377796e+01
2.020258443150409633e+01
2.041594288342942676e+01
2.114633577551249033e+01
2.131669742773211951e+01
2.154819258116694058e+01
2.182404867209357491e+01
2.184983653420898619e+01
2.260900082989524762e+01
2.263595902093787160e+01
2.350053777323867266e+01
2.374611024611424526e+01
2.393689797313819057e+01
2.639992808719589945e+01
2.678159517317032368e+01
2.735809674446132433e+01
2.741282054143576730e+01
2.794879288164589681e+01
2.797228895687798556e+01
2.823237516965330940e+01
2.861190607449464451e+01
2.873248246896118019e+01
2.882205978721192707e+01
2.922086053014636420e+01
2.932801779393406250e+01
2.963202913957322693e+01
3.084438599107226509e+01
