7.606959999999999944e+00 -5.956299999999999928e-01 1.748800000000000077e-01 2.874300000000000188e-01 8.290089999999999293e+00 -8.517299999999999871e-01 7.147000000000000020e-01 2.158700000000000063e-01 7.234659999999999869e+00
7.606959999999999944e+00 -5.956299999999999928e-01 -1.748800000000000077e-01 2.874300000000000188e-01 8.290089999999999293e+00 8.517299999999999871e-01 -7.147000000000000020e-01 -2.158700000000000063e-01 7.234659999999999869e+00
7.606959999999999944e+00 5.956299999999999928e-01 1.748800000000000077e-01 -2.874300000000000188e-01 8.290089999999999293e+00 8.517299999999999871e-01 7.147000000000000020e-01 -2.158700000000000063e-01 7.234659999999999869e+00
7.606959999999999944e+00 5.956299999999999928e-01 -1.748800000000000077e-01 -2.874300000000000188e-01 8.290089999999999293e+00 -8.517299999999999871e-01 -7.147000000000000020e-01 2.158700000000000063e-01 7.234659999999999869e+00
4.309319999999999595e+00 -2.335099999999999953e-01 -3.755000000000000004e-02 7.656000000000000305e-02 3.810000000000000053e+00 7.966400000000000148e-01 -5.233600000000000474e-01 9.644300000000000095e-01 5.210670000000000357e+00
4.309319999999999595e+00 -2.335099999999999953e-01 3.755000000000000004e-02 7.656000000000000305e-02 3.810000000000000053e+00 -7.966400000000000148e-01 5.233600000000000474e-01 -9.644300000000000095e-01 5.210670000000000357e+00
4.309319999999999595e+00 2.335099999999999953e-01 -3.755000000000000004e-02 -7.656000000000000305e-02 3.810000000000000053e+00 -7.966400000000000148e-01 -5.233600000000000474e-01 -9.644300000000000095e-01 5.210670000000000357e+00
4.309319999999999595e+00 2.335099999999999953e-01 3.755000000000000004e-02 -7.656000000000000305e-02 3.810000000000000053e+00 7.966400000000000148e-01 5.233600000000000474e-01 9.644300000000000095e-01 5.210670000000000357e+00
-3.849429999999999907e+00 2.502650000000000041e+00 4.474699999999999789e-01 2.598529999999999784e+00 -3.875000000000000000e+00 -2.752999999999999892e-01 8.518000000000000571e-02 -1.229800000000000060e-01 -1.541539999999999910e+00
-3.849429999999999907e+00 2.502650000000000041e+00 -4.474699999999999789e-01 2.598529999999999784e+00 -3.875000000000000000e+00 2.752999999999999892e-01 -8.518000000000000571e-02 1.229800000000000060e-01 -1.541539999999999910e+00
-3.849429999999999907e+00 -2.502650000000000041e+00 4.474699999999999789e-01 -2.598529999999999784e+00 -3.875000000000000000e+00 2.752999999999999892e-01 8.518000000000000571e-02 1.229800000000000060e-01 -1.541539999999999910e+00
-3.849429999999999907e+00 -2.502650000000000041e+00 -4.474699999999999789e-01 -2.598529999999999784e+00 -3.875000000000000000e+00 -2.752999999999999892e-01 -8.518000000000000571e-02 -1.229800000000000060e-01 -1.541539999999999910e+00
-2.650850000000000151e+00 -1.211870000000000003e+00 1.458699999999999997e-01 -5.088599999999999790e-01 -2.137199999999999989e+00 -9.385099999999999554e-01 4.106400000000000050e-01 -1.129380000000000051e+00 -3.347309999999999786e+00
-2.650850000000000151e+00 -1.211870000000000003e+00 -1.458699999999999997e-01 -5.088599999999999790e-01 -2.137199999999999989e+00 9.385099999999999554e-01 -4.106400000000000050e-01 1.129380000000000051e+00 -3.347309999999999786e+00
-2.650850000000000151e+00 1.211870000000000003e+00 1.458699999999999997e-01 5.088599999999999790e-01 -2.137199999999999989e+00 9.385099999999999554e-01 4.106400000000000050e-01 1.129380000000000051e+00 -3.347309999999999786e+00
-2.650850000000000151e+00 1.211870000000000003e+00 -1.458699999999999997e-01 5.088599999999999790e-01 -2.137199999999999989e+00 -9.385099999999999554e-01 -4.106400000000000050e-01 -1.129380000000000051e+00 -3.347309999999999786e+00
-2.328219999999999956e+00 -7.709099999999999842e-01 4.666600000000000192e-01 -3.440799999999999970e-01 -2.411770000000000191e+00 -1.565849999999999964e+00 8.003400000000000514e-01 -1.778909999999999991e+00 -4.607129999999999725e+00
-2.328219999999999956e+00 -7.709099999999999842e-01 -4.666600000000000192e-01 -3.440799999999999970e-01 -2.411770000000000191e+00 1.565849999999999964e+00 -8.003400000000000514e-01 1.778909999999999991e+00 -4.607129999999999725e+00
-2.328219999999999956e+00 7.709099999999999842e-01 4.666600000000000192e-01 3.440799999999999970e-01 -2.411770000000000191e+00 1.565849999999999964e+00 8.003400000000000514e-01 1.778909999999999991e+00 -4.607129999999999725e+00
-2.328219999999999956e+00 7.709099999999999842e-01 -4.666600000000000192e-01 3.440799999999999970e-01 -2.411770000000000191e+00 -1.565849999999999964e+00 -8.003400000000000514e-01 -1.778909999999999991e+00 -4.607129999999999725e+00
-3.087759999999999838e+00 1.810049999999999937e+00 2.453200000000000103e-01 1.959689999999999932e+00 -3.676120000000000054e+00 -1.393629999999999924e+00 2.287700000000000011e-01 -1.325860000000000039e+00 -2.949349999999999916e+00
-3.087759999999999838e+00 1.810049999999999937e+00 -2.453200000000000103e-01 1.959689999999999932e+00 -3.676120000000000054e+00 1.393629999999999924e+00 -2.287700000000000011e-01 1.325860000000000039e+00 -2.949349999999999916e+00
-3.087759999999999838e+00 -1.810049999999999937e+00 2.453200000000000103e-01 -1.959689999999999932e+00 -3.676120000000000054e+00 1.393629999999999924e+00 2.287700000000000011e-01 1.325860000000000039e+00 -2.949349999999999916e+00
-3.087759999999999838e+00 -1.810049999999999937e+00 -2.453200000000000103e-01 -1.959689999999999932e+00 -3.676120000000000054e+00 -1.393629999999999924e+00 -2.287700000000000011e-01 -1.325860000000000039e+00 -2.949349999999999916e+00
