2.661649999999999849e+00 -0.000000000000000000e+00 0.000000000000000000e+00 -0.000000000000000000e+00 2.661649999999999849e+00 0.000000000000000000e+00 0.000000000000000000e+00 0.000000000000000000e+00 3.446149999999999824e+00
2.661649999999999849e+00 -0.000000000000000000e+00 0.000000000000000000e+00 -0.000000000000000000e+00 2.661649999999999849e+00 0.000000000000000000e+00 0.000000000000000000e+00 0.000000000000000000e+00 3.446149999999999824e+00
2.810950000000000060e+00 -0.000000000000000000e+00 0.000000000000000000e+00 -0.000000000000000000e+00 2.810950000000000060e+00 0.000000000000000000e+00 0.000000000000000000e+00 0.000000000000000000e+00 3.163479999999999848e+00
2.810950000000000060e+00 -0.000000000000000000e+00 0.000000000000000000e+00 -0.000000000000000000e+00 2.810950000000000060e+00 0.000000000000000000e+00 0.000000000000000000e+00 0.000000000000000000e+00 3.163479999999999848e+00
-2.192159999999999886e+00 0.000000000000000000e+00 1.098530000000000006e+00 0.000000000000000000e+00 -5.441399999999999570e-01 -0.000000000000000000e+00 9.919000000000000039e-01 -0.000000000000000000e+00 -1.652409999999999934e+00
-5.441399999999999570e-01 0.000000000000000000e+00 0.000000000000000000e+00 0.000000000000000000e+00 -2.192159999999999886e+00 -1.098530000000000006e+00 0.000000000000000000e+00 -9.919000000000000039e-01 -1.652409999999999934e+00
-5.441399999999999570e-01 0.000000000000000000e+00 -0.000000000000000000e+00 0.000000000000000000e+00 -2.192159999999999886e+00 1.098530000000000006e+00 -0.000000000000000000e+00 9.919000000000000039e-01 -1.652409999999999934e+00
-2.192159999999999886e+00 0.000000000000000000e+00 -1.098530000000000006e+00 0.000000000000000000e+00 -5.441399999999999570e-01 0.000000000000000000e+00 -9.919000000000000039e-01 0.000000000000000000e+00 -1.652409999999999934e+00
-5.441399999999999570e-01 0.000000000000000000e+00 0.000000000000000000e+00 0.000000000000000000e+00 -2.192159999999999886e+00 -1.098530000000000006e+00 0.000000000000000000e+00 -9.919000000000000039e-01 -1.652409999999999934e+00
-2.192159999999999886e+00 0.000000000000000000e+00 1.098530000000000006e+00 0.000000000000000000e+00 -5.441399999999999570e-01 -0.000000000000000000e+00 9.919000000000000039e-01 -0.000000000000000000e+00 -1.652409999999999934e+00
-2.192159999999999886e+00 0.000000000000000000e+00 -1.098530000000000006e+00 0.000000000000000000e+00 -5.441399999999999570e-01 0.000000000000000000e+00 -9.919000000000000039e-01 0.000000000000000000e+00 -1.652409999999999934e+00
-5.441399999999999570e-01 0.000000000000000000e+00 -0.000000000000000000e+00 0.000000000000000000e+00 -2.192159999999999886e+00 1.098530000000000006e+00 -0.000000000000000000e+00 9.919000000000000039e-01 -1.652409999999999934e+00
