-7.844736715916171554e-02
-7.844736715847387687e-02
-2.744824552702006260e-02
2.640893038609350540e+00
3.447801066624346156e+00
3.447801066624357702e+00
3.575523570743722956e+00
3.575523570743740720e+00
4.181654617289821907e+00
4.181654617289838782e+00
4.507682442779882948e+00
4.592590810104139720e+00
4.592590810104156596e+00
4.698342041927308088e+00
5.752566793011480328e+00
6.814110757373871508e+00
7.167124533750496518e+00
7.357782905645662730e+00
7.357782905645665394e+00
8.769300614468592769e+00
8.769300614468592769e+00
9.201360386383976575e+00
9.332775397595309386e+00
1.085963470451537383e+01
1.117730813095469777e+01
1.117730813095469955e+01
1.180448038805000976e+01
1.209329973832849880e+01
2.294974806401885914e+01
2.334537268588247372e+01
2.334537268588248082e+01
2.355896381992232236e+01
2.355896381992232946e+01
2.463107853649657741e+01
2.614903540339292576e+01
2.652393245916661257e+01
