1.794140000000000068e+00 0.000000000000000000e+00 0.000000000000000000e+00 0.000000000000000000e+00 9.076699999999999768e-01 0.000000000000000000e+00 0.000000000000000000e+00 0.000000000000000000e+00 1.796759999999999913e+00
4.731449999999999712e+00 0.000000000000000000e+00 0.000000000000000000e+00 0.000000000000000000e+00 4.069860000000000255e+00 0.000000000000000000e+00 0.000000000000000000e+00 0.000000000000000000e+00 3.459389999999999965e+00
3.541739999999999888e+00 0.000000000000000000e+00 -0.000000000000000000e+00 0.000000000000000000e+00 3.990819999999999812e+00 -0.000000000000000000e+00 -0.000000000000000000e+00 0.000000000000000000e+00 4.824399999999999800e+00
3.541739999999999888e+00 0.000000000000000000e+00 -0.000000000000000000e+00 0.000000000000000000e+00 3.990819999999999812e+00 -0.000000000000000000e+00 0.000000000000000000e+00 0.000000000000000000e+00 4.824399999999999800e+00
4.731449999999999712e+00 0.000000000000000000e+00 0.000000000000000000e+00 0.000000000000000000e+00 4.069860000000000255e+00 0.000000000000000000e+00 0.000000000000000000e+00 0.000000000000000000e+00 3.459389999999999965e+00
1.892349999999999977e+00 0.000000000000000000e+00 0.000000000000000000e+00 0.000000000000000000e+00 -2.320099999999999940e-01 0.000000000000000000e+00 0.000000000000000000e+00 0.000000000000000000e+00 1.889790000000000081e+00
-2.879680000000000017e+00 -1.142999999999999988e-01 0.000000000000000000e+00 -7.381999999999999673e-02 -2.339150000000000063e+00 0.000000000000000000e+00 -0.000000000000000000e+00 0.000000000000000000e+00 -2.881499999999999950e+00
-2.879680000000000017e+00 1.142999999999999988e-01 0.000000000000000000e+00 7.381999999999999673e-02 -2.339150000000000063e+00 0.000000000000000000e+00 0.000000000000000000e+00 -0.000000000000000000e+00 -2.881499999999999950e+00
-2.879680000000000017e+00 -1.142999999999999988e-01 0.000000000000000000e+00 -7.381999999999999673e-02 -2.339150000000000063e+00 0.000000000000000000e+00 -0.000000000000000000e+00 0.000000000000000000e+00 -2.881499999999999950e+00
-2.178539999999999921e+00 -0.000000000000000000e+00 -2.624600000000000266e-01 -0.000000000000000000e+00 -1.860100000000000087e+00 -0.000000000000000000e+00 -2.586300000000000265e-01 -0.000000000000000000e+00 -2.182030000000000136e+00
-2.879680000000000017e+00 1.142999999999999988e-01 0.000000000000000000e+00 7.381999999999999673e-02 -2.339150000000000063e+00 0.000000000000000000e+00 0.000000000000000000e+00 -0.000000000000000000e+00 -2.881499999999999950e+00
-2.178539999999999921e+00 -0.000000000000000000e+00 2.624600000000000266e-01 -0.000000000000000000e+00 -1.860100000000000087e+00 0.000000000000000000e+00 2.586300000000000265e-01 0.000000000000000000e+00 -2.182030000000000136e+00
-2.178539999999999921e+00 -0.000000000000000000e+00 -2.624600000000000266e-01 -0.000000000000000000e+00 -1.860100000000000087e+00 -0.000000000000000000e+00 -2.586300000000000265e-01 -0.000000000000000000e+00 -2.182030000000000136e+00
-2.178539999999999921e+00 -0.000000000000000000e+00 2.624600000000000266e-01 -0.000000000000000000e+00 -1.860100000000000087e+00 0.000000000000000000e+00 2.586300000000000265e-01 0.000000000000000000e+00 -2.182030000000000136e+00
