1.224800000000000111e+00 5.320000000000000076e-03 -3.296999999999999931e-02 3.259999999999999877e-03 1.403790000000000093e+00 1.612200000000000022e-01 4.250000000000000305e-03 -1.323499999999999954e-01 1.268369999999999997e+00
1.224800000000000111e+00 -5.320000000000000076e-03 -3.296999999999999931e-02 -3.259999999999999877e-03 1.403790000000000093e+00 -1.612200000000000022e-01 4.250000000000000305e-03 1.323499999999999954e-01 1.268369999999999997e+00
1.224800000000000111e+00 5.320000000000000076e-03 -3.296999999999999931e-02 3.259999999999999877e-03 1.403790000000000093e+00 1.612200000000000022e-01 4.250000000000000305e-03 -1.323499999999999954e-01 1.268369999999999997e+00
1.224800000000000111e+00 -5.320000000000000076e-03 -3.296999999999999931e-02 -3.259999999999999877e-03 1.403790000000000093e+00 -1.612200000000000022e-01 4.250000000000000305e-03 1.323499999999999954e-01 1.268369999999999997e+00
8.627890000000000725e+00 -1.588400000000000090e-01 -5.383000000000000285e-02 -2.958799999999999764e-01 4.215690000000000381e+00 -9.264999999999999625e-02 6.691999999999999338e-02 -3.925699999999999745e-01 8.093999999999999417e+00
8.627890000000000725e+00 1.588400000000000090e-01 -5.383000000000000285e-02 2.958799999999999764e-01 4.215690000000000381e+00 9.264999999999999625e-02 6.691999999999999338e-02 3.925699999999999745e-01 8.093999999999999417e+00
8.627890000000000725e+00 -1.588400000000000090e-01 -5.383000000000000285e-02 -2.958799999999999764e-01 4.215690000000000381e+00 -9.264999999999999625e-02 6.691999999999999338e-02 -3.925699999999999745e-01 8.093999999999999417e+00
8.627890000000000725e+00 1.588400000000000090e-01 -5.383000000000000285e-02 2.958799999999999764e-01 4.215690000000000381e+00 9.264999999999999625e-02 6.691999999999999338e-02 3.925699999999999745e-01 8.093999999999999417e+00
-1.323509999999999964e+00 -1.806699999999999973e-01 -1.000299999999999939e-01 -2.214500000000000079e-01 -2.761639999999999873e+00 -5.982699999999999685e-01 -1.639500000000000124e-01 -7.556000000000000494e-01 -1.278259999999999952e+00
-1.323509999999999964e+00 1.806699999999999973e-01 -1.000299999999999939e-01 2.214500000000000079e-01 -2.761639999999999873e+00 5.982699999999999685e-01 -1.639500000000000124e-01 7.556000000000000494e-01 -1.278259999999999952e+00
-1.323509999999999964e+00 -1.806699999999999973e-01 -1.000299999999999939e-01 -2.214500000000000079e-01 -2.761639999999999873e+00 -5.982699999999999685e-01 -1.639500000000000124e-01 -7.556000000000000494e-01 -1.278259999999999952e+00
-1.323509999999999964e+00 1.806699999999999973e-01 -1.000299999999999939e-01 2.214500000000000079e-01 -2.761639999999999873e+00 5.982699999999999685e-01 -1.639500000000000124e-01 7.556000000000000494e-01 -1.278259999999999952e+00
-1.426390000000000047e+00 8.251000000000000001e-02 1.906799999999999884e-01 5.729000000000000065e-02 -1.470900000000000096e+00 -2.190000000000000002e-01 2.722399999999999820e-01 -7.588500000000000245e-01 -3.905889999999999862e+00
-1.426390000000000047e+00 -8.251000000000000001e-02 1.906799999999999884e-01 -5.729000000000000065e-02 -1.470900000000000096e+00 2.190000000000000002e-01 2.722399999999999820e-01 7.588500000000000245e-01 -3.905889999999999862e+00
-1.426390000000000047e+00 8.251000000000000001e-02 1.906799999999999884e-01 5.729000000000000065e-02 -1.470900000000000096e+00 -2.190000000000000002e-01 2.722399999999999820e-01 -7.588500000000000245e-01 -3.905889999999999862e+00
-1.426390000000000047e+00 -8.251000000000000001e-02 1.906799999999999884e-01 -5.729000000000000065e-02 -1.470900000000000096e+00 2.190000000000000002e-01 2.722399999999999820e-01 7.588500000000000245e-01 -3.905889999999999862e+00
-1.522210000000000063e+00 -1.896700000000000053e-01 -2.071800000000000030e-01 -1.445299999999999918e-01 -1.447740000000000027e+00 -1.474730000000000096e+00 -4.264800000000000257e-01 -2.571149999999999824e+00 -5.862809999999999633e+00
-1.522210000000000063e+00 1.896700000000000053e-01 -2.071800000000000030e-01 1.445299999999999918e-01 -1.447740000000000027e+00 1.474730000000000096e+00 -4.264800000000000257e-01 2.571149999999999824e+00 -5.862809999999999633e+00
-6.341680000000000206e+00 1.480400000000000049e-01 9.973999999999999533e-02 2.093099999999999961e-01 -6.630700000000000482e-01 -4.417000000000000093e-02 3.379000000000000059e-02 5.548999999999999766e-02 -1.246809999999999974e+00
-6.341680000000000206e+00 -1.480400000000000049e-01 9.973999999999999533e-02 -2.093099999999999961e-01 -6.630700000000000482e-01 4.417000000000000093e-02 3.379000000000000059e-02 -5.548999999999999766e-02 -1.246809999999999974e+00
-6.341680000000000206e+00 1.480400000000000049e-01 9.973999999999999533e-02 2.093099999999999961e-01 -6.630700000000000482e-01 -4.417000000000000093e-02 3.379000000000000059e-02 5.548999999999999766e-02 -1.246809999999999974e+00
-6.341680000000000206e+00 -1.480400000000000049e-01 9.973999999999999533e-02 -2.093099999999999961e-01 -6.630700000000000482e-01 4.417000000000000093e-02 3.379000000000000059e-02 -5.548999999999999766e-02 -1.246809999999999974e+00
