-8.159428183392082590e-03
-8.159428175989720880e-03
-5.877006148460271577e-03
4.272486985403131321e+00
4.754607354675405517e+00
4.967112239418685071e+00
4.967112239418693953e+00
6.350344345749119768e+00
6.350344345749126873e+00
7.505539483748669305e+00
7.600902620079051708e+00
7.600902620079054373e+00
7.660290017461360179e+00
8.938817320604284689e+00
1.061488635345857823e+01
1.061488635345858178e+01
1.151771647150274980e+01
1.151771647150275513e+01
1.194135621272931580e+01
1.201042236785220574e+01
1.237126641117510140e+01
1.237126641117510140e+01
1.317685919346532586e+01
1.587645359437199666e+01
1.587645359437200554e+01
1.701120236409947850e+01
1.759705358464138669e+01
1.880522084407926897e+01
2.603759260749944815e+01
2.603759260749945526e+01
2.774098113161620560e+01
2.774098113161621626e+01
2.815095214782943245e+01
2.907048971496234913e+01
2.946425888105412838e+01
3.057033911338608689e+01
