-9.444687338591306602e-02
-4.954261709065108099e-02
-2.304865230063171330e-02
1.031666735837345028e+00
1.090702405227301997e+00
1.274173688602908028e+00
1.464479215482189511e+00
1.537433524019700126e+00
1.544720876368380402e+00
1.616224918962262169e+00
1.699557279563191026e+00
1.882239729385623006e+00
1.896540190714191887e+00
2.131260972942558674e+00
2.136750654509246505e+00
2.241883791729527342e+00
2.344011762563923629e+00
2.588823796849667680e+00
2.656104366035526798e+00
2.743726113478213158e+00
2.988235435787855554e+00
3.167223073966133562e+00
3.299558419506906759e+00
3.337508581502401483e+00
3.605927458516249740e+00
3.735455685040998119e+00
3.872385775430114752e+00
3.972084069283349006e+00
4.357406321810246119e+00
4.455389579967500957e+00
4.629995371968450790e+00
4.687606412609394368e+00
4.698662840796449025e+00
4.850769544415492796e+00
4.899875107537035035e+00
5.325261597542347403e+00
6.138679513730020965e+00
6.163841864194688824e+00
6.302496479196475931e+00
6.425603838230592224e+00
6.687878888197698046e+00
6.827117651302350154e+00
8.514015973380958613e+00
8.653313913736717211e+00
8.723791644910672716e+00
8.888184023983310311e+00
9.289379836961371595e+00
9.426885165962895385e+00
9.659257213028299205e+00
9.690298160275260031e+00
9.974688911966330451e+00
1.000233572893675493e+01
1.003695976973020088e+01
1.015301612903145134e+01
1.058952102394151140e+01
1.063805296209097051e+01
1.068716419912734494e+01
1.109629928083778871e+01
1.110483009734956816e+01
1.110756387134607337e+01
1.180598359717038193e+01
1.235525390103820342e+01
2.210370886687611502e+01
2.231408939276754921e+01
2.263407248869834376e+01
2.296679129240319739e+01
2.326867641823548993e+01
2.331453578967709106e+01
2.333258937318040083e+01
2.366137317509993920e+01
2.400232861063905077e+01
2.463763957671283578e+01
2.495118548527750946e+01
2.503424150187612796e+01
2.559412587708534659e+01
2.585621369281437154e+01
2.616341804412703098e+01
2.629120589170777933e+01
