-5.829798133140428468e-02
-4.355915293662367127e-02
-3.039970381347628994e-02
1.072178004977438315e+00
1.186151408539146912e+00
1.914674375049969957e+00
2.107363658722821942e+00
2.166359307445977045e+00
2.261407198608156754e+00
2.425171596582452516e+00
2.725525600292143746e+00
2.888196060272123500e+00
3.051163463010164278e+00
3.171360393783416498e+00
3.218040503548702080e+00
3.334012558528531400e+00
3.702870718104109837e+00
3.880467956649558126e+00
4.031922710701661750e+00
4.163503484374585284e+00
5.172280279064246145e+00
5.440600439642372166e+00
5.442047544768305656e+00
5.633953809056868600e+00
5.823107192272754418e+00
5.969434441162459137e+00
6.146355430616817550e+00
6.160113747046422006e+00
7.731049658875006614e+00
7.883808924523185269e+00
7.891360545093771606e+00
7.922559990629566506e+00
8.026056596942236609e+00
8.226982210257782313e+00
8.605574616289851875e+00
9.334402087994426722e+00
9.390412082334327337e+00
9.480167914107124005e+00
9.540770541804780791e+00
9.562872619591276546e+00
9.624063956565287015e+00
1.074265700755948139e+01
1.091336555846901035e+01
1.112183970732746374e+01
1.422305274855970403e+01
1.426638044586454690e+01
1.698901286062584148e+01
1.736099202946737208e+01
2.000947010354051514e+01
2.002512355642335606e+01
2.136541849613941579e+01
2.226032634788558440e+01
2.278790240959683899e+01
2.284628303670891114e+01
2.291067662782203840e+01
2.304280590429516096e+01
2.308948591659405380e+01
2.310905147906181867e+01
2.341454336076169795e+01
2.349473928303061498e+01
