2.747920000000000140e+00 0.000000000000000000e+00 0.000000000000000000e+00 0.000000000000000000e+00 2.747920000000000140e+00 0.000000000000000000e+00 0.000000000000000000e+00 0.000000000000000000e+00 2.650469999999999882e+00
2.529430000000000067e+00 0.000000000000000000e+00 0.000000000000000000e+00 0.000000000000000000e+00 2.529430000000000067e+00 0.000000000000000000e+00 0.000000000000000000e+00 0.000000000000000000e+00 2.930130000000000123e+00
2.529430000000000067e+00 0.000000000000000000e+00 0.000000000000000000e+00 0.000000000000000000e+00 2.529430000000000067e+00 0.000000000000000000e+00 0.000000000000000000e+00 0.000000000000000000e+00 2.930130000000000123e+00
5.757270000000000110e+00 0.000000000000000000e+00 0.000000000000000000e+00 0.000000000000000000e+00 5.757270000000000110e+00 0.000000000000000000e+00 0.000000000000000000e+00 0.000000000000000000e+00 5.399269999999999570e+00
5.757270000000000110e+00 0.000000000000000000e+00 0.000000000000000000e+00 0.000000000000000000e+00 5.757270000000000110e+00 0.000000000000000000e+00 0.000000000000000000e+00 0.000000000000000000e+00 5.399269999999999570e+00
-2.066190000000000193e+00 -0.000000000000000000e+00 -0.000000000000000000e+00 -0.000000000000000000e+00 -2.066190000000000193e+00 -0.000000000000000000e+00 -0.000000000000000000e+00 -0.000000000000000000e+00 -4.373319999999999652e+00
-4.456870000000000331e+00 -0.000000000000000000e+00 -0.000000000000000000e+00 -0.000000000000000000e+00 -2.053199999999999914e+00 -0.000000000000000000e+00 -0.000000000000000000e+00 -0.000000000000000000e+00 -1.892689999999999984e+00
-2.053199999999999914e+00 -0.000000000000000000e+00 -0.000000000000000000e+00 -0.000000000000000000e+00 -4.456870000000000331e+00 -0.000000000000000000e+00 -0.000000000000000000e+00 -0.000000000000000000e+00 -1.892689999999999984e+00
-2.117490000000000094e+00 -0.000000000000000000e+00 -0.000000000000000000e+00 -0.000000000000000000e+00 -2.117490000000000094e+00 -0.000000000000000000e+00 -0.000000000000000000e+00 -0.000000000000000000e+00 -3.682589999999999808e+00
-2.117490000000000094e+00 -0.000000000000000000e+00 -0.000000000000000000e+00 -0.000000000000000000e+00 -2.117490000000000094e+00 -0.000000000000000000e+00 -0.000000000000000000e+00 -0.000000000000000000e+00 -3.682589999999999808e+00
-2.053199999999999914e+00 -0.000000000000000000e+00 -0.000000000000000000e+00 -0.000000000000000000e+00 -4.456870000000000331e+00 -0.000000000000000000e+00 -0.000000000000000000e+00 -0.000000000000000000e+00 -1.892689999999999984e+00
-4.456870000000000331e+00 -0.000000000000000000e+00 -0.000000000000000000e+00 -0.000000000000000000e+00 -2.053199999999999914e+00 -0.000000000000000000e+00 -0.000000000000000000e+00 -0.000000000000000000e+00 -1.892689999999999984e+00
