-1.098420203498820108e-01
-1.098420025259580629e-01
-5.077514466543267546e-02
2.848257878647617591e+00
2.858481954703162575e+00
2.858481955033073785e+00
3.352533691267805427e+00
3.382153972540170361e+00
3.496037519577484431e+00
3.496037520415019806e+00
3.638122299076341104e+00
3.638122299420705641e+00
3.705933690379155987e+00
4.265432272555304216e+00
4.265432272945734127e+00
4.597697861353744031e+00
4.597697862600999663e+00
4.610678842006890932e+00
4.610678842250749199e+00
4.611844897715283942e+00
5.064265614253788961e+00
5.134681607237686407e+00
5.134681608327799296e+00
5.153315633700574772e+00
5.564815861287796039e+00
5.822350300971320891e+00
5.822350301160566843e+00
5.995585132743480372e+00
5.995585133656818222e+00
6.322216350187560785e+00
6.346069659766580884e+00
6.466726272989818725e+00
6.466726273564535887e+00
6.550832010561849827e+00
6.550832011928354071e+00
7.655531026518985094e+00
7.655531026766751346e+00
8.064841979952891649e+00
8.607677094701390530e+00
8.607677095871910211e+00
8.777244187017863908e+00
8.777244187136174602e+00
9.028121483354849985e+00
9.162905411423325930e+00
9.959120154492389076e+00
1.080672131556136861e+01
1.080672131577163952e+01
1.136816389365909430e+01
1.136816389392376081e+01
1.144052018317757025e+01
1.148177847844227983e+01
1.200779791528287355e+01
1.200779791562652044e+01
1.247563725336439688e+01
1.427628455367290528e+01
1.443485088690600371e+01
1.443485088721627640e+01
1.581312372596724636e+01
1.589390266701940213e+01
1.589390266731404111e+01
1.639951036345469859e+01
1.639951036373866700e+01
1.748001974158369265e+01
1.748001974206481535e+01
2.163554553400988567e+01
2.168909062166583013e+01
