1.095830000000000082e+00 -6.097000000000000336e-02 -3.530000000000000152e-03 -8.434999999999999443e-02 1.179489999999999927e+00 -1.546999999999999938e-02 -8.655999999999999805e-02 -3.450999999999999901e-02 1.155019999999999936e+00
1.095830000000000082e+00 -6.097000000000000336e-02 -3.530000000000000152e-03 -8.434999999999999443e-02 1.179489999999999927e+00 -1.546999999999999938e-02 -8.655999999999999805e-02 -3.450999999999999901e-02 1.155019999999999936e+00
1.285770000000000080e+00 -3.063000000000000098e-02 9.368999999999999551e-02 -7.724999999999999922e-02 1.043639999999999901e+00 -3.926000000000000323e-02 6.900000000000000577e-02 -6.621000000000000496e-02 1.116530000000000022e+00
1.285770000000000080e+00 -3.063000000000000098e-02 9.368999999999999551e-02 -7.724999999999999922e-02 1.043639999999999901e+00 -3.926000000000000323e-02 6.900000000000000577e-02 -6.621000000000000496e-02 1.116530000000000022e+00
1.150490000000000013e+00 -4.497999999999999915e-02 -1.861000000000000154e-02 -1.859999999999999848e-02 1.122400000000000064e+00 -1.558999999999999969e-02 8.494999999999999774e-02 5.235999999999999682e-02 1.085720000000000018e+00
1.150490000000000013e+00 -4.497999999999999915e-02 -1.861000000000000154e-02 -1.859999999999999848e-02 1.122400000000000064e+00 -1.558999999999999969e-02 8.494999999999999774e-02 5.235999999999999682e-02 1.085720000000000018e+00
9.765000000000000346e-01 1.376699999999999868e-01 -4.469999999999999668e-02 1.662899999999999934e-01 1.179349999999999898e+00 1.002299999999999996e-01 -5.918999999999999956e-02 7.219000000000000417e-02 1.167580000000000062e+00
9.765000000000000346e-01 1.376699999999999868e-01 -4.469999999999999668e-02 1.662899999999999934e-01 1.179349999999999898e+00 1.002299999999999996e-01 -5.918999999999999956e-02 7.219000000000000417e-02 1.167580000000000062e+00
2.560939999999999994e+00 2.661000000000000171e-02 1.320999999999999952e-02 3.613999999999999851e-02 2.645610000000000017e+00 8.828999999999999349e-02 1.387000000000000038e-02 1.019400000000000028e-01 2.647320000000000118e+00
2.560939999999999994e+00 2.661000000000000171e-02 1.320999999999999952e-02 3.613999999999999851e-02 2.645610000000000017e+00 8.828999999999999349e-02 1.387000000000000038e-02 1.019400000000000028e-01 2.647320000000000118e+00
-1.577490000000000059e+00 1.696199999999999930e-01 -2.201299999999999923e-01 1.943999999999999895e-01 -2.000160000000000160e+00 3.099199999999999733e-01 -1.790599999999999969e-01 3.044700000000000184e-01 -1.813250000000000028e+00
-1.577490000000000059e+00 1.696199999999999930e-01 -2.201299999999999923e-01 1.943999999999999895e-01 -2.000160000000000160e+00 3.099199999999999733e-01 -1.790599999999999969e-01 3.044700000000000184e-01 -1.813250000000000028e+00
-1.898979999999999890e+00 3.609999999999999876e-01 2.714799999999999991e-01 3.138799999999999923e-01 -1.753689999999999971e+00 -2.894999999999999796e-01 2.290099999999999913e-01 -2.224099999999999966e-01 -1.713680000000000092e+00
-1.898979999999999890e+00 3.609999999999999876e-01 2.714799999999999991e-01 3.138799999999999923e-01 -1.753689999999999971e+00 -2.894999999999999796e-01 2.290099999999999913e-01 -2.224099999999999966e-01 -1.713680000000000092e+00
-1.948329999999999895e+00 -3.733899999999999997e-01 1.973999999999999921e-01 -3.915699999999999736e-01 -1.744890000000000052e+00 1.272699999999999942e-01 2.555899999999999839e-01 1.386699999999999877e-01 -1.637059999999999960e+00
-1.948329999999999895e+00 -3.733899999999999997e-01 1.973999999999999921e-01 -3.915699999999999736e-01 -1.744890000000000052e+00 1.272699999999999942e-01 2.555899999999999839e-01 1.386699999999999877e-01 -1.637059999999999960e+00
-1.644719999999999960e+00 -1.849300000000000110e-01 -2.888200000000000212e-01 -1.389299999999999979e-01 -1.671740000000000004e+00 -2.659000000000000252e-01 -3.276100000000000123e-01 -3.464999999999999747e-01 -2.008179999999999854e+00
-1.644719999999999960e+00 -1.849300000000000110e-01 -2.888200000000000212e-01 -1.389299999999999979e-01 -1.671740000000000004e+00 -2.659000000000000252e-01 -3.276100000000000123e-01 -3.464999999999999747e-01 -2.008179999999999854e+00
