-4.851033727495498299e-02
-3.006403846713541494e-02
-2.832983547540793290e-02
9.324966189697438956e-01
1.602479463135975113e+00
1.887702105541750219e+00
1.902193443520560079e+00
2.017045381345590638e+00
2.510452276469687050e+00
2.576584703946487753e+00
3.171099647892507978e+00
3.172374424839715878e+00
3.465976728821553721e+00
3.601485703680320505e+00
3.746299057785258402e+00
4.017453224937409750e+00
4.137052318821153207e+00
4.205360678804156649e+00
4.239438662513384415e+00
4.565833995205112572e+00
4.634657962797177788e+00
4.664220085365805346e+00
4.891114578508486410e+00
5.010464994900223346e+00
5.397524719868374454e+00
5.434028583512202637e+00
5.474517338983089232e+00
5.664849099341695116e+00
5.769601158498140592e+00
6.009431321936853365e+00
6.135802626920904501e+00
6.316557063923352366e+00
7.259877477866386819e+00
7.578384878292678373e+00
7.726577769686929109e+00
7.868380409062918801e+00
7.936597174864962412e+00
8.205391026042912372e+00
8.529506948274535816e+00
8.842166148336957576e+00
9.450482774403011987e+00
9.718213739878301283e+00
1.166508456174594066e+01
1.176208234870991909e+01
1.237608332922185106e+01
1.241681386169383750e+01
1.246455254559584347e+01
1.260846375483299120e+01
1.276921030362723997e+01
1.293238520378092815e+01
1.350710739544949490e+01
1.368728126077255425e+01
1.437118721378467256e+01
1.438048414532687858e+01
1.466556784246299827e+01
1.477807880544120245e+01
1.487681323946234357e+01
1.633729845485833465e+01
1.650414563077663033e+01
1.664378276812281854e+01
