-1.153089043374406868e-02
-1.153089043220309473e-02
-1.153089043107121889e-02
1.451099844364450719e+00
1.451099844364473146e+00
1.668932844221167500e+00
1.668932844221170608e+00
1.668932844221172163e+00
1.706576213267547271e+00
1.706576213267551934e+00
1.706576213267559261e+00
1.854140970732407467e+00
2.406101709062787197e+00
2.406101709062790750e+00
2.406101709062799632e+00
2.461629706807674900e+00
2.461629706807678453e+00
2.461629706807680229e+00
2.913826129116819263e+00
2.913826129116824593e+00
3.170735591460901226e+00
3.170735591460907443e+00
3.170735591460909664e+00
3.259102289312859835e+00
3.259102289312862499e+00
3.259102289312864720e+00
3.397941420500301568e+00
3.417514249025912054e+00
3.417514249025913831e+00
3.417514249025916051e+00
3.468051901094251210e+00
4.154537941861518036e+00
4.154537941861518036e+00
4.154537941861520700e+00
4.285913962321296289e+00
4.285913962321299842e+00
4.285913962321304282e+00
4.708281214583930563e+00
4.708281214583932339e+00
4.801541521331588847e+00
4.801541521331590623e+00
4.801541521331596840e+00
5.293902824954328068e+00
5.293902824954336062e+00
5.435932467735653084e+00
5.435932467735653972e+00
5.435932467735655749e+00
5.444005362390862857e+00
5.444005362390864633e+00
5.444005362390865521e+00
5.448902475459164840e+00
6.114849756321476981e+00
6.330602479636611157e+00
6.330602479636615598e+00
6.330602479636620927e+00
6.610379222572629665e+00
6.610379222572632330e+00
6.610379222572635882e+00
6.682707386604109345e+00
6.682707386604111122e+00
8.174886123557781659e+00
8.174886123557783435e+00
8.174886123557788764e+00
8.428187046446398156e+00
8.831264531901702242e+00
8.831264531901709347e+00
9.047393494037832440e+00
9.047393494037837769e+00
9.047393494037839545e+00
9.111938695732488824e+00
9.111938695732494153e+00
9.111938695732495930e+00
1.474183506380536635e+01
1.474183506380536812e+01
1.474183506380536990e+01
1.514389882936601417e+01
1.514389882936602127e+01
1.514389882936602483e+01
1.520086382936998248e+01
1.520086382936998959e+01
1.666786478587100717e+01
1.666786478587100717e+01
1.666786478587101783e+01
1.729968572389453030e+01
