-4.220597872855908622e-02
-4.220567855968214432e-02
-2.550233775172875382e-03
1.161264667171823861e+00
1.161264668112106158e+00
1.340632672454493024e+00
1.340632673942796949e+00
1.483771276737526179e+00
1.565037229222095316e+00
1.565037230131696377e+00
2.436707079453928948e+00
2.634452083265301336e+00
2.718698340386997536e+00
2.815568476712135837e+00
2.880259937940046644e+00
2.890182485989407191e+00
3.091675855952834340e+00
3.091675856356088214e+00
3.116497091017397469e+00
3.116497092065121155e+00
3.241838372465300377e+00
3.241838372754393127e+00
3.326846032956931598e+00
3.453468272056529731e+00
3.453468272550590523e+00
3.477406276462886137e+00
3.477406277091768860e+00
3.614599769577369948e+00
3.614599770795378753e+00
3.716701323797853007e+00
4.291804184207454576e+00
4.810311266935602958e+00
4.810311267408965641e+00
4.810765295343910175e+00
4.998577012413563558e+00
5.047848177984336715e+00
5.047848179616233999e+00
5.096877850664259135e+00
5.096877850811694088e+00
5.439889239589304815e+00
5.584248195884381261e+00
5.584248196122468144e+00
5.971902429710922888e+00
5.971902431091979935e+00
6.484861517707592782e+00
6.682736465633698053e+00
6.752811018041336766e+00
6.752811018813481780e+00
7.533202435245788031e+00
7.533202435376330719e+00
7.791813846251851139e+00
7.791813847323876274e+00
8.225812365754274325e+00
8.307417648168206270e+00
8.632310182210662930e+00
8.743670281174468428e+00
8.743670281239838360e+00
8.877773062195268849e+00
8.877773063094632988e+00
1.028863010645039999e+01
1.105357203894342000e+01
1.108455464439838423e+01
1.108455464459399131e+01
1.113337591696886086e+01
1.113337591726208942e+01
1.141502602832733437e+01
1.216284998715329557e+01
1.216284998734193223e+01
1.229491421733463596e+01
1.229491421751189506e+01
1.441111020551245403e+01
1.441111020575007196e+01
1.445143799145710339e+01
1.445143799169653676e+01
1.481720917754636169e+01
1.705245588390198819e+01
1.780152998249468510e+01
1.784798780922648831e+01
1.803550397966442276e+01
1.803550397993799592e+01
1.809644785443651926e+01
1.809644785451243720e+01
1.931581100032599352e+01
1.931581100086736313e+01
1.933876621854508571e+01
1.933876621875079849e+01
2.053219939963957685e+01
2.154114592956294416e+01
2.204037588311410545e+01
2.218721224761656430e+01
