-4.474788884209736362e-02
-4.474787722494517894e-02
-3.753528970450326768e-02
1.131527294780972914e+00
1.131527299015177901e+00
2.540510165075009930e+00
2.630580465953267222e+00
3.296229006514241888e+00
3.296229007192823079e+00
3.360597457543852862e+00
3.360597457971571167e+00
4.918449564663668561e+00
5.294257036654363979e+00
5.526912009092395550e+00
5.526912009303430295e+00
6.494847049563123420e+00
6.494847050071690830e+00
7.924880166822100058e+00
9.267066433253916102e+00
9.580312853559512121e+00
9.580312854183960170e+00
1.024895763173037189e+01
1.070543917891702534e+01
1.070543917921371069e+01
1.603265697040136573e+01
1.603265697047816829e+01
1.715243800060289914e+01
1.741290902201419399e+01
1.741290902224755044e+01
2.140012950207843900e+01
