-7.511555343200614077e-02
-7.511555343058312628e-02
-7.511555342984017891e-02
3.453126915313947887e+00
3.453126915313966538e+00
3.453126915313972756e+00
3.786973848643596874e+00
3.786973848643600871e+00
3.786973848643619966e+00
5.313328600650251587e+00
5.313328600650259581e+00
5.313328600650268463e+00
5.441620279031997853e+00
5.441620279032000518e+00
5.441620279032002294e+00
6.062188796820390913e+00
6.062188796820398018e+00
6.739354584734466691e+00
6.739354584734470244e+00
6.739354584734472908e+00
7.332196597838421148e+00
7.332196597838422036e+00
7.332196597838432695e+00
8.546677454393913465e+00
9.000369033166702337e+00
9.000369033166704114e+00
9.000369033166705890e+00
9.046966798066026882e+00
9.046966798066032212e+00
1.100674319803044554e+01
1.100674319803044554e+01
1.110164155580621070e+01
1.110164155580621070e+01
1.110164155580622136e+01
2.424752090190275666e+01
2.424752090190276022e+01
2.424752090190277087e+01
2.479518575175114137e+01
2.479518575175114137e+01
2.479518575175114492e+01
2.656572809669051694e+01
2.668152449674877502e+01
