-6.950538090009707182e-02
-4.891888287489452175e-02
-4.721499070942492687e-02
2.841323768664157257e+00
3.031011351246981622e+00
3.734029498999803742e+00
3.750414155702428420e+00
4.014043758955705421e+00
4.142814452958582194e+00
4.607457800013152749e+00
5.365768855003464566e+00
5.471910773578231080e+00
5.833897209355130897e+00
6.225756905123246199e+00
6.330974562336904476e+00
6.369276201069389742e+00
6.372129055267204301e+00
6.445074341531640272e+00
6.627531281912655281e+00
6.637863367582810703e+00
7.031005892750446407e+00
7.214289140699075453e+00
7.296093945534898317e+00
8.011023834002589439e+00
8.336148273100473460e+00
8.529322179026200601e+00
8.839637509276437655e+00
9.061995412606870914e+00
9.096104713088186244e+00
9.182053375063544465e+00
9.301344111453957453e+00
9.312991880244746667e+00
1.008350119760102714e+01
1.067262000984938375e+01
1.083331429949063818e+01
1.106095632341327750e+01
1.123470952655959465e+01
1.133562990414164950e+01
1.143577394170663553e+01
1.205837464828467276e+01
1.264909901506607071e+01
1.268689764724614477e+01
1.281485323046858937e+01
1.336293365094307184e+01
1.350986718526577057e+01
1.433578514204694443e+01
1.555592038246613562e+01
1.578423666470009223e+01
1.578461664952782861e+01
1.578632911475076916e+01
1.583158466922733787e+01
1.602193263127582057e+01
1.605020315154504829e+01
1.651551991752382520e+01
1.734144309136776485e+01
1.738084083838110772e+01
1.767752647546586431e+01
1.768035329911167963e+01
1.827668159016035432e+01
1.846030659576543798e+01
1.862421222131709797e+01
1.876001083472158371e+01
2.152297983058920394e+01
2.152774156037525799e+01
2.153016684472870423e+01
2.154818406787198271e+01
2.701757858946199775e+01
2.704345090364172677e+01
2.717783658299452298e+01
2.728024564045850298e+01
3.597684442003326666e+01
3.603353206536508679e+01
3.623554178785888524e+01
3.789648767279851427e+01
3.851520520394462466e+01
3.917408587142944043e+01
3.955130149698800324e+01
4.099050266940147225e+01
