-1.611556072517960347e-01
-6.028844868250606004e-02
-4.143581971378470369e-02
8.090780305476495959e-01
1.391797502813577836e+00
1.473441238205706716e+00
1.534215090161740624e+00
1.644727811895390746e+00
1.677187679371473727e+00
1.721744217109760999e+00
1.852391963881452996e+00
1.900310066799609787e+00
1.977375461829453895e+00
2.047850337303601886e+00
2.114082448078111742e+00
2.384724195270829572e+00
2.443252025367382174e+00
2.463420537618137285e+00
3.078476846125849598e+00
3.332988653460879025e+00
3.366709628695287559e+00
3.935674068225758493e+00
4.084227802488473280e+00
4.329040965987851486e+00
4.624335395499817203e+00
4.728280710706731504e+00
5.375012594962667478e+00
5.635012232819145872e+00
6.144163136462371000e+00
6.363001721697113311e+00
6.647504902760191570e+00
7.276556038720340958e+00
7.436147486017532060e+00
7.903039915863071307e+00
8.196868865498801782e+00
8.792076715677364263e+00
9.315712186430040731e+00
9.498912279915936452e+00
9.766915097356704933e+00
1.007051665039072397e+01
1.013456252171420324e+01
1.024990217398408276e+01
1.066472952172052757e+01
1.091538007054927029e+01
1.098053907433241783e+01
1.104916963357604764e+01
1.118722678494115463e+01
1.202956449395572314e+01
1.211619219957339944e+01
1.235173933072772101e+01
1.243815013765383526e+01
1.265350645300034849e+01
1.269316140791973169e+01
1.302435331318584844e+01
1.539049033847875059e+01
1.580906655260038107e+01
1.732095845140469237e+01
1.737702654201511976e+01
1.742621515220828243e+01
1.943161703463324486e+01
1.947122238025026419e+01
1.963234510491765050e+01
1.982019481391210292e+01
1.991545905019319562e+01
2.002750722129458438e+01
2.015415081004561415e+01
2.107112742325329435e+01
2.189016969224870479e+01
2.813240582858958660e+01
2.813379503037359441e+01
2.813543973320283342e+01
2.814128634444709220e+01
2.850290709326015559e+01
2.881589000712629556e+01
2.932759081724345407e+01
3.003338497613063751e+01
3.030165185683731011e+01
3.058134982838805271e+01
3.082772624271150974e+01
3.119269882493367874e+01
3.140782017846915153e+01
3.265502264057030146e+01
3.302660072288586690e+01
3.308834464325173030e+01
