-3.048791527922075500e-02
-3.048771171309909433e-02
-2.384607619746280296e-03
1.513328091342013293e+00
1.513328095961427477e+00
1.655793437714026650e+00
1.655793438367335835e+00
1.671688467724546934e+00
1.671688472614179410e+00
1.827578731125901745e+00
2.382936461056662125e+00
2.643831725587696635e+00
2.755797308822196090e+00
2.838432208664210421e+00
2.863880452371490470e+00
2.954900447074659819e+00
3.096558125431833286e+00
3.096558126238244668e+00
3.101991488808032660e+00
3.101991489202393204e+00
3.192435724333684721e+00
3.192435724863745161e+00
3.453243619622998750e+00
3.453243622765644893e+00
3.560732384290116848e+00
3.560732386502296176e+00
3.615181142263558023e+00
3.615181143933897889e+00
3.648368472522883543e+00
3.879122611773210494e+00
4.241973537309306153e+00
4.932662333353371231e+00
4.932662335633323458e+00
5.284622360675530928e+00
5.720304505602409328e+00
5.720304506072993789e+00
6.164449130082786610e+00
6.164449130354841877e+00
6.552668065595250724e+00
6.729118970379419196e+00
6.729118971335006805e+00
6.794643416764443167e+00
6.842389906996781512e+00
7.898185576747439818e+00
7.898185577659202039e+00
8.188019977911327629e+00
8.188019978343623606e+00
8.318125592072940222e+00
8.432057653568344691e+00
8.982133997174630125e+00
8.982133997223794353e+00
9.132553604215345899e+00
9.132553604485192267e+00
9.242209588472467985e+00
9.242209588875560655e+00
9.315916943146037354e+00
9.315916943425785135e+00
9.389762332274491641e+00
1.030189822887329321e+01
1.064775277272919851e+01
1.114364445794267411e+01
1.114364445839415829e+01
1.135993493002986909e+01
1.136400841921274463e+01
1.136400841955235208e+01
1.226772035766587621e+01
1.236399554267296530e+01
1.236399554282087010e+01
1.247067477912336564e+01
1.247067477934094448e+01
1.437182290671298190e+01
1.437182290701775322e+01
1.439768457644304256e+01
1.439768457730644613e+01
1.518521435913380380e+01
1.707884723324447762e+01
1.776830157507223618e+01
1.782063895170240997e+01
1.923996888071473066e+01
1.923996888145361694e+01
1.928459872797204255e+01
1.928459872858013213e+01
2.012646758503235489e+01
2.012646758508384082e+01
2.015089105249210277e+01
2.015089105259434277e+01
2.137925510150399333e+01
2.245530509387410589e+01
2.267033766265754835e+01
2.282757855312992490e+01
