1.098740000000000050e+00 0.000000000000000000e+00 5.539999999999999786e-03 0.000000000000000000e+00 1.095830000000000082e+00 -0.000000000000000000e+00 -1.879999999999999944e-03 -0.000000000000000000e+00 5.643299999999999983e-01
1.098740000000000050e+00 0.000000000000000000e+00 5.539999999999999786e-03 0.000000000000000000e+00 1.095830000000000082e+00 -0.000000000000000000e+00 -1.879999999999999944e-03 -0.000000000000000000e+00 5.643299999999999983e-01
1.031740000000000101e+00 -1.385500000000000065e-01 6.720000000000000279e-03 -1.355800000000000061e-01 8.747099999999999875e-01 9.669999999999999776e-03 -4.729999999999999830e-03 -8.040000000000000271e-03 1.370689999999999964e+00
1.031740000000000101e+00 1.385500000000000065e-01 6.720000000000000279e-03 1.355800000000000061e-01 8.747099999999999875e-01 -9.669999999999999776e-03 -4.729999999999999830e-03 8.040000000000000271e-03 1.370689999999999964e+00
9.169599999999999973e-01 -7.047000000000000486e-02 -2.769999999999999893e-03 -6.875000000000000555e-02 9.969999999999999973e-01 6.590000000000000371e-03 2.249999999999999830e-03 -4.309999999999999595e-03 1.373480000000000034e+00
9.169599999999999973e-01 7.047000000000000486e-02 -2.769999999999999893e-03 6.875000000000000555e-02 9.969999999999999973e-01 -6.590000000000000371e-03 2.249999999999999830e-03 4.309999999999999595e-03 1.373480000000000034e+00
9.169599999999999973e-01 -7.047000000000000486e-02 -2.769999999999999893e-03 -6.875000000000000555e-02 9.969999999999999973e-01 6.590000000000000371e-03 2.249999999999999830e-03 -4.309999999999999595e-03 1.373480000000000034e+00
9.169599999999999973e-01 7.047000000000000486e-02 -2.769999999999999893e-03 6.875000000000000555e-02 9.969999999999999973e-01 -6.590000000000000371e-03 2.249999999999999830e-03 4.309999999999999595e-03 1.373480000000000034e+00
5.373639999999999972e+00 0.000000000000000000e+00 -6.499000000000000610e-02 0.000000000000000000e+00 5.451050000000000395e+00 -0.000000000000000000e+00 1.935999999999999874e-02 -0.000000000000000000e+00 2.875869999999999926e+00
5.373639999999999972e+00 0.000000000000000000e+00 -6.499000000000000610e-02 0.000000000000000000e+00 5.451050000000000395e+00 -0.000000000000000000e+00 1.935999999999999874e-02 -0.000000000000000000e+00 2.875869999999999926e+00
5.397219999999999906e+00 0.000000000000000000e+00 6.603000000000000536e-02 0.000000000000000000e+00 5.422559999999999825e+00 -0.000000000000000000e+00 -4.899999999999999842e-04 -0.000000000000000000e+00 2.873260000000000147e+00
5.397219999999999906e+00 0.000000000000000000e+00 6.603000000000000536e-02 0.000000000000000000e+00 5.422559999999999825e+00 -0.000000000000000000e+00 -4.899999999999999842e-04 -0.000000000000000000e+00 2.873260000000000147e+00
-1.585139999999999993e+00 -1.699000000000000163e-02 4.399000000000000132e-01 1.000000000000000021e-02 -3.344120000000000203e+00 1.081999999999999976e-02 3.717099999999999849e-01 7.499999999999999722e-03 -1.732909999999999950e+00
-1.585139999999999993e+00 1.699000000000000163e-02 4.399000000000000132e-01 -1.000000000000000021e-02 -3.344120000000000203e+00 -1.081999999999999976e-02 3.717099999999999849e-01 -7.499999999999999722e-03 -1.732909999999999950e+00
-1.585139999999999993e+00 -1.699000000000000163e-02 4.399000000000000132e-01 1.000000000000000021e-02 -3.344120000000000203e+00 1.081999999999999976e-02 3.717099999999999849e-01 7.499999999999999722e-03 -1.732909999999999950e+00
-1.585139999999999993e+00 1.699000000000000163e-02 4.399000000000000132e-01 -1.000000000000000021e-02 -3.344120000000000203e+00 -1.081999999999999976e-02 3.717099999999999849e-01 -7.499999999999999722e-03 -1.732909999999999950e+00
-2.917380000000000084e+00 7.637399999999999745e-01 -2.157600000000000073e-01 7.991399999999999615e-01 -2.037040000000000184e+00 -3.789500000000000091e-01 -1.865199999999999914e-01 -3.172200000000000020e-01 -1.732699999999999907e+00
-2.917380000000000084e+00 -7.637399999999999745e-01 -2.157600000000000073e-01 -7.991399999999999615e-01 -2.037040000000000184e+00 3.789500000000000091e-01 -1.865199999999999914e-01 3.172200000000000020e-01 -1.732699999999999907e+00
-2.917380000000000084e+00 7.637399999999999745e-01 -2.157600000000000073e-01 7.991399999999999615e-01 -2.037040000000000184e+00 -3.789500000000000091e-01 -1.865199999999999914e-01 -3.172200000000000020e-01 -1.732699999999999907e+00
-2.917380000000000084e+00 -7.637399999999999745e-01 -2.157600000000000073e-01 -7.991399999999999615e-01 -2.037040000000000184e+00 3.789500000000000091e-01 -1.865199999999999914e-01 3.172200000000000020e-01 -1.732699999999999907e+00
-2.865120000000000111e+00 7.223100000000000076e-01 -2.280200000000000005e-01 7.304599999999999982e-01 -2.037910000000000110e+00 -3.776399999999999757e-01 -1.935699999999999921e-01 -3.147800000000000042e-01 -1.749940000000000051e+00
-2.865120000000000111e+00 -7.223100000000000076e-01 -2.280200000000000005e-01 -7.304599999999999982e-01 -2.037910000000000110e+00 3.776399999999999757e-01 -1.935699999999999921e-01 3.147800000000000042e-01 -1.749940000000000051e+00
-2.865120000000000111e+00 7.223100000000000076e-01 -2.280200000000000005e-01 7.304599999999999982e-01 -2.037910000000000110e+00 -3.776399999999999757e-01 -1.935699999999999921e-01 -3.147800000000000042e-01 -1.749940000000000051e+00
-2.865120000000000111e+00 -7.223100000000000076e-01 -2.280200000000000005e-01 -7.304599999999999982e-01 -2.037910000000000110e+00 3.776399999999999757e-01 -1.935699999999999921e-01 3.147800000000000042e-01 -1.749940000000000051e+00
