-5.137588461970371556e-02
-3.245445258520811976e-02
-1.790445745955093065e-02
1.014287277324898096e+00
1.224270462362027967e+00
1.261014142020988826e+00
1.564475374227364712e+00
1.731285140572282888e+00
1.855205895203276167e+00
1.930423260468881574e+00
2.002779418788297239e+00
2.671400589577930695e+00
2.674978323065009711e+00
2.753017475508225065e+00
2.755220116172284683e+00
2.845978711494228985e+00
2.915556775941175349e+00
3.102069131004976388e+00
3.121903085713819692e+00
3.303767033708707945e+00
3.334015369521841521e+00
3.410379163390858004e+00
3.616290087908454520e+00
3.739597113391214922e+00
3.761088703033713898e+00
3.900364155270418021e+00
4.185196634011639105e+00
4.267952555274808546e+00
4.322488745507399699e+00
4.595115245264897119e+00
4.635304597381582070e+00
4.728746902867744240e+00
4.789860574890319356e+00
5.090230574900838079e+00
5.128098891953018601e+00
5.359923871040400911e+00
6.045346597005353928e+00
6.487164931666444367e+00
6.524185229601042302e+00
6.767891960338437762e+00
6.828540542969617988e+00
7.019738209557739417e+00
7.136755864813189021e+00
7.304445869849463868e+00
8.750673295982407396e+00
9.063832416823359495e+00
9.245031342864191259e+00
9.602650963065450185e+00
1.013467785564101931e+01
1.037616706508510767e+01
1.068733776870747043e+01
1.139091424873002900e+01
1.157694810822832210e+01
1.216101180527905790e+01
1.229053528224156189e+01
1.232946377231879787e+01
1.476315532849565137e+01
1.485839408372623183e+01
1.533309624250911973e+01
1.541519636958421380e+01
