-8.982626388484937774e-02
-8.982622388716264561e-02
-8.035651039618149638e-02
2.153592057683725081e+00
2.153592059924569035e+00
3.934307953670241442e+00
3.934307954033873678e+00
4.539080567724100845e+00
4.539080568558400586e+00
4.567735026205482107e+00
5.725086416119756549e+00
5.745894323859067399e+00
5.937972447256733233e+00
6.266522595738044821e+00
6.266522596030887904e+00
6.639683317962368214e+00
6.639683318661016465e+00
6.660041035873476289e+00
7.256778249511262047e+00
7.256778251158441329e+00
7.270782234030543023e+00
7.581238730884991561e+00
7.693043140128670743e+00
7.695288088910843705e+00
7.908942981122391913e+00
7.908942981389599503e+00
8.143103267381134103e+00
8.143103267554936409e+00
8.165995355498333552e+00
8.165995356527535165e+00
8.309342210181958066e+00
8.853256895010103378e+00
8.880386501219529549e+00
9.102189155441372748e+00
9.114278462802602121e+00
9.114278463059321211e+00
9.332939488319654586e+00
9.332939488775499726e+00
9.887598995311245531e+00
9.887598995755160658e+00
1.001710352801265458e+01
1.001710352870326481e+01
1.728480838383467599e+01
1.728480838419783439e+01
1.735231241190052742e+01
1.735231241233070065e+01
1.748395097081789373e+01
1.748395097134837783e+01
1.788867984140755496e+01
1.788867984148354040e+01
1.977581796901770517e+01
2.083554664182516447e+01
2.146975319487009060e+01
2.207515592702578644e+01
2.647930148849409804e+01
2.679778555637174264e+01
2.720906092351070171e+01
2.721656297782099188e+01
3.636012272688319058e+01
3.636012272702840420e+01
3.642421835743351011e+01
3.642421835750173642e+01
3.752516497809870089e+01
3.752516497836090537e+01
3.752684309616775238e+01
3.752684309633352910e+01
