2.643180000000000085e+00 4.728999999999999870e-02 -6.536000000000000143e-02 2.866000000000000145e-02 2.741210000000000147e+00 -1.378000000000000058e-02 -6.076999999999999763e-02 -2.097999999999999865e-02 2.600340000000000096e+00
2.643180000000000085e+00 -4.728999999999999870e-02 -6.536000000000000143e-02 -2.866000000000000145e-02 2.741210000000000147e+00 1.378000000000000058e-02 -6.076999999999999763e-02 2.097999999999999865e-02 2.600340000000000096e+00
2.643180000000000085e+00 -4.728999999999999870e-02 -6.536000000000000143e-02 -2.866000000000000145e-02 2.741210000000000147e+00 1.378000000000000058e-02 -6.076999999999999763e-02 2.097999999999999865e-02 2.600340000000000096e+00
2.643180000000000085e+00 4.728999999999999870e-02 -6.536000000000000143e-02 2.866000000000000145e-02 2.741210000000000147e+00 -1.378000000000000058e-02 -6.076999999999999763e-02 -2.097999999999999865e-02 2.600340000000000096e+00
2.171219999999999928e+00 -0.000000000000000000e+00 1.286999999999999950e-02 -0.000000000000000000e+00 1.594130000000000047e+00 0.000000000000000000e+00 3.178000000000000269e-02 0.000000000000000000e+00 2.241289999999999782e+00
2.171219999999999928e+00 -0.000000000000000000e+00 1.286999999999999950e-02 -0.000000000000000000e+00 1.594130000000000047e+00 0.000000000000000000e+00 3.178000000000000269e-02 0.000000000000000000e+00 2.241289999999999782e+00
2.954330000000000123e+00 -5.156000000000000166e-02 -1.204699999999999938e-01 -1.728500000000000036e-01 2.894330000000000069e+00 5.707000000000000267e-02 -1.506599999999999884e-01 2.404999999999999846e-02 2.813579999999999970e+00
2.954330000000000123e+00 5.156000000000000166e-02 -1.204699999999999938e-01 1.728500000000000036e-01 2.894330000000000069e+00 -5.707000000000000267e-02 -1.506599999999999884e-01 -2.404999999999999846e-02 2.813579999999999970e+00
2.954330000000000123e+00 -5.156000000000000166e-02 -1.204699999999999938e-01 -1.728500000000000036e-01 2.894330000000000069e+00 5.707000000000000267e-02 -1.506599999999999884e-01 2.404999999999999846e-02 2.813579999999999970e+00
2.954330000000000123e+00 5.156000000000000166e-02 -1.204699999999999938e-01 1.728500000000000036e-01 2.894330000000000069e+00 -5.707000000000000267e-02 -1.506599999999999884e-01 -2.404999999999999846e-02 2.813579999999999970e+00
-1.651000000000000023e+00 -1.013000000000000012e-02 -3.781999999999999945e-02 4.621000000000000107e-02 -1.688010000000000010e+00 4.202999999999999792e-02 -5.190999999999999781e-02 1.096700000000000036e-01 -2.186630000000000074e+00
-2.119920000000000027e+00 -1.022099999999999953e-01 -2.381099999999999883e-01 -6.300999999999999657e-02 -1.737810000000000077e+00 -8.575000000000000677e-02 -1.997200000000000086e-01 -2.084000000000000088e-02 -1.754269999999999996e+00
-1.657259999999999955e+00 -4.725000000000000033e-02 8.093000000000000194e-02 3.126000000000000306e-02 -2.317089999999999872e+00 6.267000000000000348e-02 8.212999999999999468e-02 9.973999999999999533e-02 -1.624169999999999892e+00
-1.657259999999999955e+00 4.725000000000000033e-02 8.093000000000000194e-02 -3.126000000000000306e-02 -2.317089999999999872e+00 -6.267000000000000348e-02 8.212999999999999468e-02 -9.973999999999999533e-02 -1.624169999999999892e+00
-2.509860000000000202e+00 0.000000000000000000e+00 7.488000000000000211e-01 0.000000000000000000e+00 -1.379410000000000025e+00 -0.000000000000000000e+00 7.300999999999999712e-01 -0.000000000000000000e+00 -1.938989999999999991e+00
-2.119920000000000027e+00 -1.022099999999999953e-01 -2.381099999999999883e-01 -6.300999999999999657e-02 -1.737810000000000077e+00 -8.575000000000000677e-02 -1.997200000000000086e-01 -2.084000000000000088e-02 -1.754269999999999996e+00
-2.509860000000000202e+00 0.000000000000000000e+00 7.488000000000000211e-01 0.000000000000000000e+00 -1.379410000000000025e+00 -0.000000000000000000e+00 7.300999999999999712e-01 -0.000000000000000000e+00 -1.938989999999999991e+00
-2.119920000000000027e+00 1.022099999999999953e-01 -2.381099999999999883e-01 6.300999999999999657e-02 -1.737810000000000077e+00 8.575000000000000677e-02 -1.997200000000000086e-01 2.084000000000000088e-02 -1.754269999999999996e+00
-1.651000000000000023e+00 1.013000000000000012e-02 -3.781999999999999945e-02 -4.621000000000000107e-02 -1.688010000000000010e+00 -4.202999999999999792e-02 -5.190999999999999781e-02 -1.096700000000000036e-01 -2.186630000000000074e+00
-1.657259999999999955e+00 -4.725000000000000033e-02 8.093000000000000194e-02 3.126000000000000306e-02 -2.317089999999999872e+00 6.267000000000000348e-02 8.212999999999999468e-02 9.973999999999999533e-02 -1.624169999999999892e+00
-1.651000000000000023e+00 -1.013000000000000012e-02 -3.781999999999999945e-02 4.621000000000000107e-02 -1.688010000000000010e+00 4.202999999999999792e-02 -5.190999999999999781e-02 1.096700000000000036e-01 -2.186630000000000074e+00
-1.657259999999999955e+00 4.725000000000000033e-02 8.093000000000000194e-02 -3.126000000000000306e-02 -2.317089999999999872e+00 -6.267000000000000348e-02 8.212999999999999468e-02 -9.973999999999999533e-02 -1.624169999999999892e+00
-2.119920000000000027e+00 1.022099999999999953e-01 -2.381099999999999883e-01 6.300999999999999657e-02 -1.737810000000000077e+00 8.575000000000000677e-02 -1.997200000000000086e-01 2.084000000000000088e-02 -1.754269999999999996e+00
-1.651000000000000023e+00 1.013000000000000012e-02 -3.781999999999999945e-02 -4.621000000000000107e-02 -1.688010000000000010e+00 -4.202999999999999792e-02 -5.190999999999999781e-02 -1.096700000000000036e-01 -2.186630000000000074e+00
