7.011980000000000324e+00 -1.917899999999999883e-01 -0.000000000000000000e+00 1.917899999999999883e-01 7.011980000000000324e+00 -0.000000000000000000e+00 -0.000000000000000000e+00 -0.000000000000000000e+00 3.376360000000000028e+00
7.011980000000000324e+00 -1.917899999999999883e-01 -0.000000000000000000e+00 1.917899999999999883e-01 7.011980000000000324e+00 -0.000000000000000000e+00 -0.000000000000000000e+00 -0.000000000000000000e+00 3.376360000000000028e+00
2.872199999999999864e+00 2.817000000000000060e-02 -0.000000000000000000e+00 -2.817000000000000060e-02 2.872199999999999864e+00 0.000000000000000000e+00 -0.000000000000000000e+00 0.000000000000000000e+00 3.218210000000000015e+00
2.872199999999999864e+00 2.817000000000000060e-02 -0.000000000000000000e+00 -2.817000000000000060e-02 2.872199999999999864e+00 0.000000000000000000e+00 -0.000000000000000000e+00 0.000000000000000000e+00 3.218210000000000015e+00
-3.473510000000000097e+00 1.998999999999999944e-01 8.803900000000000059e-01 9.081999999999999795e-02 -3.115940000000000154e+00 1.693859999999999921e+00 6.444199999999999928e-01 1.200099999999999945e+00 -2.198189999999999866e+00
-3.079450000000000021e+00 1.366999999999999882e-01 -1.907119999999999926e+00 2.761999999999999872e-02 -3.509999999999999787e+00 -8.448999999999999566e-02 -1.361529999999999907e+00 -4.197000000000000036e-02 -2.198189999999999866e+00
-3.331220000000000070e+00 -1.729700000000000126e-01 1.026729999999999920e+00 -2.820500000000000229e-01 -3.258239999999999803e+00 -1.609369999999999967e+00 7.171100000000000252e-01 -1.158130000000000104e+00 -2.198189999999999866e+00
-3.331220000000000070e+00 -1.729700000000000126e-01 1.026729999999999920e+00 -2.820500000000000229e-01 -3.258239999999999803e+00 -1.609369999999999967e+00 7.171100000000000252e-01 -1.158130000000000104e+00 -2.198189999999999866e+00
-3.079450000000000021e+00 1.366999999999999882e-01 -1.907119999999999926e+00 2.761999999999999872e-02 -3.509999999999999787e+00 -8.448999999999999566e-02 -1.361529999999999907e+00 -4.197000000000000036e-02 -2.198189999999999866e+00
-3.473510000000000097e+00 1.998999999999999944e-01 8.803900000000000059e-01 9.081999999999999795e-02 -3.115940000000000154e+00 1.693859999999999921e+00 6.444199999999999928e-01 1.200099999999999945e+00 -2.198189999999999866e+00
