1.296920000000000073e+00 2.490000000000000026e-03 0.000000000000000000e+00 -2.490000000000000026e-03 1.296920000000000073e+00 0.000000000000000000e+00 0.000000000000000000e+00 0.000000000000000000e+00 1.239470000000000072e+00
2.085409999999999986e+00 -1.876299999999999912e-01 -7.309999999999999658e-03 -5.625000000000000139e-02 2.190350000000000019e+00 -2.277200000000000057e-01 -1.451000000000000068e-01 -1.628199999999999925e-01 2.129430000000000156e+00
2.269719999999999960e+00 -5.016000000000000320e-02 -1.935600000000000098e-01 8.122000000000000053e-02 2.006040000000000045e+00 1.201900000000000052e-01 -6.845999999999999308e-02 2.070700000000000041e-01 2.129430000000000156e+00
2.058510000000000062e+00 4.071999999999999925e-02 2.008600000000000108e-01 1.721000000000000030e-01 2.217249999999999943e+00 1.075300000000000006e-01 2.135599999999999998e-01 -4.424999999999999767e-02 2.129430000000000156e+00
2.675330000000000208e+00 6.414000000000000257e-02 0.000000000000000000e+00 -6.414000000000000257e-02 2.675330000000000208e+00 0.000000000000000000e+00 0.000000000000000000e+00 0.000000000000000000e+00 1.833329999999999904e+00
3.880809999999999871e+00 2.507800000000000029e-01 -6.890000000000000291e-02 1.910499999999999976e-01 4.478500000000000369e+00 5.666000000000000203e-02 -8.552999999999999492e-02 5.224699999999999900e-01 4.862079999999999735e+00
4.520400000000000418e+00 1.782100000000000073e-01 -1.461999999999999932e-02 1.184800000000000020e-01 3.838909999999999823e+00 -8.799999999999999489e-02 -4.097100000000000186e-01 -3.352999999999999869e-01 4.862079999999999735e+00
4.137760000000000105e+00 -3.393999999999999795e-01 8.351999999999999702e-02 -3.991299999999999848e-01 4.221549999999999692e+00 3.133999999999999980e-02 4.952300000000000035e-01 -1.871599999999999930e-01 4.862079999999999735e+00
-2.080270000000000064e+00 -2.816699999999999759e-01 -5.279599999999999849e-01 -1.806399999999999950e-01 -1.949429999999999996e+00 -7.790999999999999315e-02 -4.884899999999999798e-01 4.426000000000000073e-02 -1.708390000000000075e+00
-2.182319999999999816e+00 1.217199999999999949e-01 3.314500000000000224e-01 2.227500000000000036e-01 -1.847369999999999957e+00 -4.182699999999999751e-01 2.059199999999999919e-01 -4.451700000000000101e-01 -1.708390000000000075e+00
-2.343140000000000001e+00 3.028699999999999726e-01 3.638000000000000123e-01 2.834900000000000198e-01 -1.346139999999999892e+00 -1.044599999999999973e-01 2.780099999999999794e-01 -8.262999999999999512e-02 -2.117080000000000073e+00
-1.341490000000000071e+00 2.948100000000000165e-01 -9.142999999999999738e-02 2.754400000000000182e-01 -2.347789999999999822e+00 3.672900000000000054e-01 -6.743999999999999995e-02 2.820799999999999974e-01 -2.117080000000000073e+00
-1.781949999999999923e+00 8.399999999999999481e-03 1.965000000000000080e-01 1.094399999999999956e-01 -2.247739999999999849e+00 4.961800000000000099e-01 2.825699999999999878e-01 4.009099999999999886e-01 -1.708390000000000075e+00
-1.849290000000000100e+00 -5.686099999999999488e-01 -2.723700000000000010e-01 -5.879900000000000126e-01 -1.839990000000000014e+00 -2.628300000000000081e-01 -2.105700000000000072e-01 -1.994499999999999884e-01 -2.117080000000000073e+00
-2.061669999999999892e+00 1.292000000000000093e-01 4.038499999999999868e-01 3.124000000000000041e-02 -1.730269999999999975e+00 -6.160999999999999810e-01 2.636899999999999800e-01 -6.473700000000000010e-01 -2.127549999999999830e+00
-1.882600000000000051e+00 -1.346299999999999997e-01 -7.354800000000000226e-01 -2.325899999999999912e-01 -1.909350000000000103e+00 -4.168999999999999789e-02 -6.924799999999999844e-01 9.532000000000000195e-02 -2.127549999999999830e+00
-1.743649999999999922e+00 1.523700000000000054e-01 3.316399999999999904e-01 5.441000000000000003e-02 -2.048299999999999788e+00 6.577899999999999858e-01 4.287900000000000045e-01 5.520500000000000407e-01 -2.127549999999999830e+00
-2.147069999999999812e+00 9.447999999999999454e-02 -8.712000000000000299e-02 8.355999999999999539e-02 -1.625250000000000083e+00 -4.601500000000000035e-01 -7.582999999999999463e-02 -6.004699999999999482e-01 -2.062749999999999861e+00
-1.832799999999999985e+00 -2.650000000000000133e-01 -3.549399999999999777e-01 -2.759300000000000086e-01 -1.939519999999999911e+00 3.055200000000000138e-01 -4.821099999999999830e-01 3.659000000000000030e-01 -2.062749999999999861e+00
-1.678609999999999935e+00 1.869099999999999928e-01 4.420600000000000085e-01 1.759799999999999975e-01 -2.093700000000000117e+00 1.546200000000000074e-01 5.579300000000000370e-01 2.345599999999999907e-01 -2.062749999999999861e+00
