1.341050000000000075e+00 -6.810000000000000081e-03 0.000000000000000000e+00 6.810000000000000081e-03 1.341050000000000075e+00 -0.000000000000000000e+00 0.000000000000000000e+00 -0.000000000000000000e+00 1.130279999999999951e+00
1.341050000000000075e+00 -6.810000000000000081e-03 -0.000000000000000000e+00 6.810000000000000081e-03 1.341050000000000075e+00 0.000000000000000000e+00 -0.000000000000000000e+00 0.000000000000000000e+00 1.130279999999999951e+00
1.341050000000000075e+00 -6.810000000000000081e-03 -0.000000000000000000e+00 6.810000000000000081e-03 1.341050000000000075e+00 0.000000000000000000e+00 0.000000000000000000e+00 0.000000000000000000e+00 1.130279999999999951e+00
1.341050000000000075e+00 -6.810000000000000081e-03 0.000000000000000000e+00 6.810000000000000081e-03 1.341050000000000075e+00 -0.000000000000000000e+00 0.000000000000000000e+00 0.000000000000000000e+00 1.130279999999999951e+00
3.154220000000000024e+00 -6.236800000000000122e-01 0.000000000000000000e+00 -2.378599999999999881e-01 3.047299999999999898e+00 0.000000000000000000e+00 0.000000000000000000e+00 0.000000000000000000e+00 3.144159999999999844e+00
3.447090000000000209e+00 6.876999999999999780e-02 0.000000000000000000e+00 4.545899999999999941e-01 2.754430000000000156e+00 0.000000000000000000e+00 0.000000000000000000e+00 0.000000000000000000e+00 3.144159999999999844e+00
2.700979999999999936e+00 -2.382000000000000089e-02 0.000000000000000000e+00 3.619999999999999885e-01 3.500539999999999985e+00 0.000000000000000000e+00 0.000000000000000000e+00 0.000000000000000000e+00 3.144159999999999844e+00
2.700979999999999936e+00 -2.382000000000000089e-02 0.000000000000000000e+00 3.619999999999999885e-01 3.500539999999999985e+00 0.000000000000000000e+00 0.000000000000000000e+00 0.000000000000000000e+00 3.144159999999999844e+00
3.447090000000000209e+00 6.876999999999999780e-02 0.000000000000000000e+00 4.545899999999999941e-01 2.754430000000000156e+00 0.000000000000000000e+00 0.000000000000000000e+00 0.000000000000000000e+00 3.144159999999999844e+00
3.154220000000000024e+00 -6.236800000000000122e-01 0.000000000000000000e+00 -2.378599999999999881e-01 3.047299999999999898e+00 0.000000000000000000e+00 0.000000000000000000e+00 0.000000000000000000e+00 3.144159999999999844e+00
4.004859999999999864e+00 3.003399999999999959e-01 0.000000000000000000e+00 -3.003399999999999959e-01 4.004859999999999864e+00 0.000000000000000000e+00 0.000000000000000000e+00 0.000000000000000000e+00 4.612540000000000084e+00
4.004859999999999864e+00 3.003399999999999959e-01 -0.000000000000000000e+00 -3.003399999999999959e-01 4.004859999999999864e+00 0.000000000000000000e+00 0.000000000000000000e+00 -0.000000000000000000e+00 4.612540000000000084e+00
-1.826319999999999943e+00 2.817799999999999749e-01 6.512900000000000356e-01 2.520299999999999763e-01 -1.412579999999999947e+00 -3.647900000000000031e-01 4.660000000000000253e-01 -3.491799999999999904e-01 -2.141169999999999796e+00
-1.747160000000000046e+00 -2.977299999999999947e-01 6.415600000000000191e-01 -3.274900000000000033e-01 -1.491740000000000066e+00 3.816399999999999793e-01 5.353999999999999870e-01 2.289799999999999891e-01 -2.141169999999999796e+00
-1.284869999999999957e+00 6.058000000000000190e-02 9.730000000000000801e-03 3.082999999999999977e-02 -1.954029999999999934e+00 -7.464300000000000379e-01 -6.940000000000000335e-02 -5.781600000000000072e-01 -2.141169999999999796e+00
-1.284869999999999957e+00 6.058000000000000190e-02 -9.730000000000000801e-03 3.082999999999999977e-02 -1.954029999999999934e+00 7.464300000000000379e-01 6.940000000000000335e-02 5.781600000000000072e-01 -2.141169999999999796e+00
-1.747160000000000046e+00 -2.977299999999999947e-01 -6.415600000000000191e-01 -3.274900000000000033e-01 -1.491740000000000066e+00 -3.816399999999999793e-01 -5.353999999999999870e-01 -2.289799999999999891e-01 -2.141169999999999796e+00
-1.826319999999999943e+00 2.817799999999999749e-01 -6.512900000000000356e-01 2.520299999999999763e-01 -1.412579999999999947e+00 3.647900000000000031e-01 -4.660000000000000253e-01 3.491799999999999904e-01 -2.141169999999999796e+00
-1.826319999999999943e+00 2.817799999999999749e-01 6.512900000000000356e-01 2.520299999999999763e-01 -1.412579999999999947e+00 -3.647900000000000031e-01 4.660000000000000253e-01 -3.491799999999999904e-01 -2.141169999999999796e+00
-1.747160000000000046e+00 -2.977299999999999947e-01 6.415600000000000191e-01 -3.274900000000000033e-01 -1.491740000000000066e+00 3.816399999999999793e-01 5.353999999999999870e-01 2.289799999999999891e-01 -2.141169999999999796e+00
-1.284869999999999957e+00 6.058000000000000190e-02 9.730000000000000801e-03 3.082999999999999977e-02 -1.954029999999999934e+00 -7.464300000000000379e-01 -6.940000000000000335e-02 -5.781600000000000072e-01 -2.141169999999999796e+00
-1.284869999999999957e+00 6.058000000000000190e-02 -9.730000000000000801e-03 3.082999999999999977e-02 -1.954029999999999934e+00 7.464300000000000379e-01 6.940000000000000335e-02 5.781600000000000072e-01 -2.141169999999999796e+00
-1.747160000000000046e+00 -2.977299999999999947e-01 -6.415600000000000191e-01 -3.274900000000000033e-01 -1.491740000000000066e+00 -3.816399999999999793e-01 -5.353999999999999870e-01 -2.289799999999999891e-01 -2.141169999999999796e+00
-1.826319999999999943e+00 2.817799999999999749e-01 -6.512900000000000356e-01 2.520299999999999763e-01 -1.412579999999999947e+00 3.647900000000000031e-01 -4.660000000000000253e-01 3.491799999999999904e-01 -2.141169999999999796e+00
-1.470369999999999955e+00 5.117300000000000182e-01 0.000000000000000000e+00 3.765700000000000158e-01 -2.711329999999999796e+00 0.000000000000000000e+00 0.000000000000000000e+00 0.000000000000000000e+00 -1.152840000000000087e+00
-2.785740000000000105e+00 3.828599999999999781e-01 -0.000000000000000000e+00 2.477000000000000035e-01 -1.395960000000000090e+00 -0.000000000000000000e+00 0.000000000000000000e+00 0.000000000000000000e+00 -1.152840000000000087e+00
-2.016439999999999788e+00 -6.918499999999999650e-01 0.000000000000000000e+00 -8.270100000000000229e-01 -2.165249999999999897e+00 -0.000000000000000000e+00 0.000000000000000000e+00 0.000000000000000000e+00 -1.152840000000000087e+00
-2.016439999999999788e+00 -6.918499999999999650e-01 -0.000000000000000000e+00 -8.270100000000000229e-01 -2.165249999999999897e+00 -0.000000000000000000e+00 0.000000000000000000e+00 0.000000000000000000e+00 -1.152840000000000087e+00
-2.785740000000000105e+00 3.828599999999999781e-01 -0.000000000000000000e+00 2.477000000000000035e-01 -1.395960000000000090e+00 -0.000000000000000000e+00 0.000000000000000000e+00 0.000000000000000000e+00 -1.152840000000000087e+00
-1.470369999999999955e+00 5.117300000000000182e-01 0.000000000000000000e+00 3.765700000000000158e-01 -2.711329999999999796e+00 0.000000000000000000e+00 0.000000000000000000e+00 0.000000000000000000e+00 -1.152840000000000087e+00
