-6.632284651611389248e-02
-4.794779056432110775e-02
-3.809860955468059862e-02
2.413069203317633749e-01
3.955946561823099339e-01
5.062124060115477109e-01
5.441713213685558381e-01
8.191798233599262291e-01
9.509782400244497502e-01
1.058020188843294296e+00
1.187121493361147140e+00
1.252561950563723547e+00
1.285633373088922227e+00
1.380696346051513368e+00
1.567404743517129884e+00
1.684433302330490045e+00
1.732230943032712300e+00
1.836722415064399483e+00
2.010003052236488674e+00
2.071120093089727110e+00
2.099011877050723118e+00
2.115832767493688316e+00
2.189420055631170925e+00
2.707423668360753766e+00
3.401304367444936805e+00
3.477551768126536214e+00
3.512605884525048516e+00
3.609755144050632136e+00
3.715414404881371979e+00
3.758641257156633664e+00
3.903274176893035019e+00
3.970435051729218401e+00
4.007124667389323491e+00
4.051136963865823226e+00
4.092442265933631695e+00
4.119302368120115965e+00
4.399689216296987837e+00
4.449975943755202223e+00
4.667542640405120125e+00
5.297266106209881364e+00
5.353059629781832029e+00
5.882085948028981548e+00
6.037169692827922596e+00
6.049476960861988495e+00
6.251012781941819085e+00
6.509533424140320435e+00
6.553824257637673512e+00
6.641416942189369621e+00
6.825044578608992829e+00
6.855265596605283562e+00
6.877164735557815156e+00
7.286450267448477902e+00
7.486175732642134761e+00
7.752734788447234848e+00
7.900080600854652246e+00
7.960029899441333434e+00
8.066066990795452085e+00
8.140809198108010847e+00
8.212799449639568650e+00
8.280606620290567932e+00
8.471199968127301361e+00
8.623162279581661593e+00
8.753939153318350819e+00
8.883882079361477224e+00
9.292251885307457826e+00
9.348182149487675119e+00
9.440189966308940583e+00
9.604537599489107791e+00
9.640887583620088463e+00
9.687146556133029662e+00
9.846887787519465363e+00
1.012315010261134063e+01
1.019363860454155990e+01
1.035355190260810865e+01
1.055665680980489185e+01
1.058596939349439126e+01
1.070364367867316524e+01
1.084681939556476671e+01
1.105889280172296374e+01
1.111753353941421629e+01
1.121943924623686328e+01
1.141075667955460382e+01
1.152138932594502663e+01
1.173801912590024621e+01
1.192657901495646833e+01
1.243137932813571567e+01
1.254046394676050191e+01
1.276878890106653763e+01
1.325585327317709883e+01
1.340120017013401643e+01
1.370400959573511201e+01
1.424745784341894428e+01
1.486064096867964857e+01
1.496182569073707569e+01
1.539616955609413829e+01
1.555231494022674532e+01
1.571466238899200718e+01
1.580734873405404528e+01
1.704138914525456272e+01
1.711742194373907466e+01
1.760980948221757458e+01
1.823189647293994398e+01
1.835942741481879636e+01
1.861415767634947471e+01
1.883845739438343614e+01
1.939119568257718385e+01
1.948426341948804463e+01
1.977738238493658685e+01
1.980544543806071545e+01
1.982931494025953612e+01
2.453057753091027493e+01
2.506740136113035433e+01
2.667931029843163060e+01
2.702677762886282409e+01
2.714758593319118418e+01
2.722798112236748480e+01
2.758504118177096132e+01
