2.789620000000000211e+00 1.040100000000000052e-01 -0.000000000000000000e+00 4.706299999999999928e-01 2.343659999999999854e+00 0.000000000000000000e+00 0.000000000000000000e+00 0.000000000000000000e+00 2.214679999999999982e+00
2.789620000000000211e+00 1.040100000000000052e-01 0.000000000000000000e+00 4.706299999999999928e-01 2.343659999999999854e+00 0.000000000000000000e+00 0.000000000000000000e+00 0.000000000000000000e+00 2.214679999999999982e+00
2.789620000000000211e+00 -1.040100000000000052e-01 0.000000000000000000e+00 -4.706299999999999928e-01 2.343659999999999854e+00 0.000000000000000000e+00 0.000000000000000000e+00 0.000000000000000000e+00 2.214679999999999982e+00
2.789620000000000211e+00 -1.040100000000000052e-01 0.000000000000000000e+00 -4.706299999999999928e-01 2.343659999999999854e+00 0.000000000000000000e+00 0.000000000000000000e+00 0.000000000000000000e+00 2.214679999999999982e+00
3.538030000000000008e+00 -3.773500000000000187e-01 0.000000000000000000e+00 -4.777399999999999980e-01 4.755849999999999689e+00 0.000000000000000000e+00 0.000000000000000000e+00 0.000000000000000000e+00 5.760749999999999815e+00
3.538030000000000008e+00 3.773500000000000187e-01 0.000000000000000000e+00 4.777399999999999980e-01 4.755849999999999689e+00 0.000000000000000000e+00 0.000000000000000000e+00 0.000000000000000000e+00 5.760749999999999815e+00
-2.463089999999999780e+00 -3.973800000000000110e-01 0.000000000000000000e+00 -3.232700000000000018e-01 -1.857580000000000009e+00 -0.000000000000000000e+00 0.000000000000000000e+00 0.000000000000000000e+00 -3.056179999999999897e+00
-2.463089999999999780e+00 -3.973800000000000110e-01 -0.000000000000000000e+00 -3.232700000000000018e-01 -1.857580000000000009e+00 0.000000000000000000e+00 0.000000000000000000e+00 0.000000000000000000e+00 -3.056179999999999897e+00
-2.463089999999999780e+00 3.973800000000000110e-01 -0.000000000000000000e+00 3.232700000000000018e-01 -1.857580000000000009e+00 0.000000000000000000e+00 0.000000000000000000e+00 0.000000000000000000e+00 -3.056179999999999897e+00
-2.463089999999999780e+00 3.973800000000000110e-01 0.000000000000000000e+00 3.232700000000000018e-01 -1.857580000000000009e+00 0.000000000000000000e+00 0.000000000000000000e+00 0.000000000000000000e+00 -3.056179999999999897e+00
-2.095540000000000180e+00 3.977499999999999925e-01 0.000000000000000000e+00 4.846599999999999797e-01 -2.864009999999999945e+00 -0.000000000000000000e+00 0.000000000000000000e+00 0.000000000000000000e+00 -2.038870000000000182e+00
-2.095540000000000180e+00 3.977499999999999925e-01 0.000000000000000000e+00 4.846599999999999797e-01 -2.864009999999999945e+00 -0.000000000000000000e+00 0.000000000000000000e+00 0.000000000000000000e+00 -2.038870000000000182e+00
-2.095540000000000180e+00 -3.977499999999999925e-01 0.000000000000000000e+00 -4.846599999999999797e-01 -2.864009999999999945e+00 0.000000000000000000e+00 0.000000000000000000e+00 0.000000000000000000e+00 -2.038870000000000182e+00
-2.095540000000000180e+00 -3.977499999999999925e-01 0.000000000000000000e+00 -4.846599999999999797e-01 -2.864009999999999945e+00 0.000000000000000000e+00 0.000000000000000000e+00 0.000000000000000000e+00 -2.038870000000000182e+00
