1.152970000000000050e+00 -3.699999999999999947e-04 2.776999999999999955e-02 3.214000000000000190e-02 1.355860000000000065e+00 2.961000000000000090e-02 8.149999999999999259e-03 -4.701000000000000317e-02 1.093040000000000012e+00
1.152970000000000050e+00 3.699999999999999947e-04 2.776999999999999955e-02 -3.214000000000000190e-02 1.355860000000000065e+00 -2.961000000000000090e-02 8.149999999999999259e-03 4.701000000000000317e-02 1.093040000000000012e+00
1.152970000000000050e+00 -3.699999999999999947e-04 -2.776999999999999955e-02 3.214000000000000190e-02 1.355860000000000065e+00 -2.961000000000000090e-02 -8.149999999999999259e-03 4.701000000000000317e-02 1.093040000000000012e+00
1.152970000000000050e+00 3.699999999999999947e-04 -2.776999999999999955e-02 -3.214000000000000190e-02 1.355860000000000065e+00 2.961000000000000090e-02 -8.149999999999999259e-03 -4.701000000000000317e-02 1.093040000000000012e+00
2.834950000000000081e+00 -3.082999999999999977e-02 -9.822999999999999787e-02 2.211299999999999932e-01 2.496449999999999836e+00 7.187000000000000333e-02 -7.624999999999999833e-02 -1.644299999999999928e-01 2.948920000000000208e+00
2.834950000000000081e+00 3.082999999999999977e-02 9.822999999999999787e-02 -2.211299999999999932e-01 2.496449999999999836e+00 7.187000000000000333e-02 7.624999999999999833e-02 -1.644299999999999928e-01 2.948920000000000208e+00
2.834950000000000081e+00 -3.082999999999999977e-02 9.822999999999999787e-02 2.211299999999999932e-01 2.496449999999999836e+00 -7.187000000000000333e-02 7.624999999999999833e-02 1.644299999999999928e-01 2.948920000000000208e+00
2.834950000000000081e+00 3.082999999999999977e-02 -9.822999999999999787e-02 -2.211299999999999932e-01 2.496449999999999836e+00 -7.187000000000000333e-02 -7.624999999999999833e-02 1.644299999999999928e-01 2.948920000000000208e+00
3.227310000000000123e+00 -1.085300000000000015e-01 -3.896999999999999770e-02 -3.504000000000000170e-02 2.818550000000000111e+00 -1.416800000000000004e-01 -7.950000000000000469e-03 -7.310999999999999444e-02 3.002569999999999961e+00
3.227310000000000123e+00 -1.085300000000000015e-01 3.896999999999999770e-02 -3.504000000000000170e-02 2.818550000000000111e+00 1.416800000000000004e-01 7.950000000000000469e-03 7.310999999999999444e-02 3.002569999999999961e+00
3.227310000000000123e+00 1.085300000000000015e-01 3.896999999999999770e-02 3.504000000000000170e-02 2.818550000000000111e+00 -1.416800000000000004e-01 7.950000000000000469e-03 -7.310999999999999444e-02 3.002569999999999961e+00
3.227310000000000123e+00 1.085300000000000015e-01 -3.896999999999999770e-02 3.504000000000000170e-02 2.818550000000000111e+00 1.416800000000000004e-01 -7.950000000000000469e-03 7.310999999999999444e-02 3.002569999999999961e+00
-9.797400000000000553e-01 -1.408000000000000050e-02 1.392299999999999927e-01 3.864000000000000073e-02 -1.451370000000000049e+00 8.154900000000000482e-01 5.888000000000000178e-02 6.806699999999999973e-01 -2.828370000000000051e+00
-2.392339999999999911e+00 -5.927999999999999936e-01 -9.761800000000000477e-01 -5.791699999999999626e-01 -1.369429999999999925e+00 -5.051099999999999479e-01 -9.647599999999999509e-01 -3.915199999999999791e-01 -1.557490000000000041e+00
-2.392339999999999911e+00 -5.927999999999999936e-01 9.761800000000000477e-01 -5.791699999999999626e-01 -1.369429999999999925e+00 5.051099999999999479e-01 9.647599999999999509e-01 3.915199999999999791e-01 -1.557490000000000041e+00
-1.073090000000000099e+00 4.323199999999999821e-01 -7.795000000000000540e-02 3.964799999999999991e-01 -2.646399999999999864e+00 -3.324199999999999933e-01 -1.126299999999999940e-01 -2.449199999999999988e-01 -1.098770000000000024e+00
-2.392339999999999911e+00 5.927999999999999936e-01 9.761800000000000477e-01 5.791699999999999626e-01 -1.369429999999999925e+00 -5.051099999999999479e-01 9.647599999999999509e-01 -3.915199999999999791e-01 -1.557490000000000041e+00
-1.073090000000000099e+00 -4.323199999999999821e-01 7.795000000000000540e-02 -3.964799999999999991e-01 -2.646399999999999864e+00 -3.324199999999999933e-01 1.126299999999999940e-01 -2.449199999999999988e-01 -1.098770000000000024e+00
-2.770059999999999967e+00 2.669099999999999806e-01 9.767700000000000271e-01 2.309400000000000064e-01 -1.203659999999999952e+00 -3.592500000000000138e-01 9.794100000000000028e-01 -1.662299999999999889e-01 -1.559889999999999999e+00
-2.770059999999999967e+00 -2.669099999999999806e-01 -9.767700000000000271e-01 -2.309400000000000064e-01 -1.203659999999999952e+00 -3.592500000000000138e-01 -9.794100000000000028e-01 -1.662299999999999889e-01 -1.559889999999999999e+00
-9.797400000000000553e-01 -1.408000000000000050e-02 -1.392299999999999927e-01 3.864000000000000073e-02 -1.451370000000000049e+00 -8.154900000000000482e-01 -5.888000000000000178e-02 -6.806699999999999973e-01 -2.828370000000000051e+00
-2.392339999999999911e+00 5.927999999999999936e-01 -9.761800000000000477e-01 5.791699999999999626e-01 -1.369429999999999925e+00 5.051099999999999479e-01 -9.647599999999999509e-01 3.915199999999999791e-01 -1.557490000000000041e+00
-9.797400000000000553e-01 1.408000000000000050e-02 -1.392299999999999927e-01 -3.864000000000000073e-02 -1.451370000000000049e+00 8.154900000000000482e-01 -5.888000000000000178e-02 6.806699999999999973e-01 -2.828370000000000051e+00
-9.797400000000000553e-01 1.408000000000000050e-02 1.392299999999999927e-01 -3.864000000000000073e-02 -1.451370000000000049e+00 -8.154900000000000482e-01 5.888000000000000178e-02 -6.806699999999999973e-01 -2.828370000000000051e+00
-2.770059999999999967e+00 -2.669099999999999806e-01 9.767700000000000271e-01 -2.309400000000000064e-01 -1.203659999999999952e+00 3.592500000000000138e-01 9.794100000000000028e-01 1.662299999999999889e-01 -1.559889999999999999e+00
-1.073090000000000099e+00 4.323199999999999821e-01 7.795000000000000540e-02 3.964799999999999991e-01 -2.646399999999999864e+00 3.324199999999999933e-01 1.126299999999999940e-01 2.449199999999999988e-01 -1.098770000000000024e+00
-2.770059999999999967e+00 2.669099999999999806e-01 -9.767700000000000271e-01 2.309400000000000064e-01 -1.203659999999999952e+00 3.592500000000000138e-01 -9.794100000000000028e-01 1.662299999999999889e-01 -1.559889999999999999e+00
-1.073090000000000099e+00 -4.323199999999999821e-01 -7.795000000000000540e-02 -3.964799999999999991e-01 -2.646399999999999864e+00 3.324199999999999933e-01 -1.126299999999999940e-01 2.449199999999999988e-01 -1.098770000000000024e+00
