2.076700000000000212e+00 0.000000000000000000e+00 0.000000000000000000e+00 0.000000000000000000e+00 1.404619999999999980e+00 -1.803000000000000089e-02 0.000000000000000000e+00 -8.130000000000000074e-03 1.335320000000000062e+00
2.076700000000000212e+00 0.000000000000000000e+00 0.000000000000000000e+00 0.000000000000000000e+00 1.404619999999999980e+00 1.803000000000000089e-02 0.000000000000000000e+00 8.130000000000000074e-03 1.335320000000000062e+00
4.378899999999999793e+00 2.367700000000000082e-01 -2.251100000000000045e-01 -2.203100000000000058e-01 7.210490000000000066e+00 7.353199999999999736e-01 1.626000000000000015e-02 -3.767699999999999938e-01 6.823310000000000208e+00
4.378899999999999793e+00 2.367700000000000082e-01 2.251100000000000045e-01 -2.203100000000000058e-01 7.210490000000000066e+00 -7.353199999999999736e-01 -1.626000000000000015e-02 3.767699999999999938e-01 6.823310000000000208e+00
4.378899999999999793e+00 -2.367700000000000082e-01 -2.251100000000000045e-01 2.203100000000000058e-01 7.210490000000000066e+00 -7.353199999999999736e-01 1.626000000000000015e-02 3.767699999999999938e-01 6.823310000000000208e+00
4.378899999999999793e+00 -2.367700000000000082e-01 2.251100000000000045e-01 2.203100000000000058e-01 7.210490000000000066e+00 7.353199999999999736e-01 -1.626000000000000015e-02 -3.767699999999999938e-01 6.823310000000000208e+00
3.524729999999999919e+00 0.000000000000000000e+00 0.000000000000000000e+00 0.000000000000000000e+00 4.690970000000000084e+00 -4.611100000000000199e-01 0.000000000000000000e+00 -3.121000000000000163e-02 4.584570000000000256e+00
3.524729999999999919e+00 0.000000000000000000e+00 0.000000000000000000e+00 0.000000000000000000e+00 4.690970000000000084e+00 4.611100000000000199e-01 0.000000000000000000e+00 3.121000000000000163e-02 4.584570000000000256e+00
-1.378300000000000081e+00 5.475499999999999812e-01 -1.781500000000000028e-01 4.677499999999999991e-01 -3.846290000000000209e+00 -1.752610000000000001e+00 -2.713300000000000156e-01 -1.861229999999999940e+00 -3.356549999999999923e+00
-1.319520000000000026e+00 -1.027200000000000057e-01 3.263300000000000090e-01 -2.625399999999999956e-01 -3.925089999999999968e+00 1.673869999999999969e+00 4.197899999999999965e-01 1.499730000000000008e+00 -3.855459999999999887e+00
-3.454590000000000050e+00 -2.336399999999999866e-01 -1.120999999999999948e-02 -3.004399999999999848e-01 -1.126090000000000035e+00 4.322000000000000147e-02 -3.269999999999999903e-03 -2.213000000000000037e-02 -1.082540000000000058e+00
-1.319520000000000026e+00 1.027200000000000057e-01 -3.263300000000000090e-01 2.625399999999999956e-01 -3.925089999999999968e+00 1.673869999999999969e+00 -4.197899999999999965e-01 1.499730000000000008e+00 -3.855459999999999887e+00
-1.319520000000000026e+00 -1.027200000000000057e-01 -3.263300000000000090e-01 -2.625399999999999956e-01 -3.925089999999999968e+00 -1.673869999999999969e+00 -4.197899999999999965e-01 -1.499730000000000008e+00 -3.855459999999999887e+00
-2.054450000000000109e+00 0.000000000000000000e+00 0.000000000000000000e+00 0.000000000000000000e+00 -2.721639999999999837e+00 -5.255400000000000071e-01 0.000000000000000000e+00 -9.703500000000000458e-01 -2.977409999999999890e+00
-3.454590000000000050e+00 -2.336399999999999866e-01 1.120999999999999948e-02 -3.004399999999999848e-01 -1.126090000000000035e+00 -4.322000000000000147e-02 3.269999999999999903e-03 2.213000000000000037e-02 -1.082540000000000058e+00
-1.378300000000000081e+00 -5.475499999999999812e-01 -1.781500000000000028e-01 -4.677499999999999991e-01 -3.846290000000000209e+00 1.752610000000000001e+00 -2.713300000000000156e-01 1.861229999999999940e+00 -3.356549999999999923e+00
-2.054450000000000109e+00 0.000000000000000000e+00 0.000000000000000000e+00 0.000000000000000000e+00 -2.721639999999999837e+00 5.255400000000000071e-01 0.000000000000000000e+00 9.703500000000000458e-01 -2.977409999999999890e+00
-1.378300000000000081e+00 5.475499999999999812e-01 1.781500000000000028e-01 4.677499999999999991e-01 -3.846290000000000209e+00 1.752610000000000001e+00 2.713300000000000156e-01 1.861229999999999940e+00 -3.356549999999999923e+00
-3.454590000000000050e+00 2.336399999999999866e-01 1.120999999999999948e-02 3.004399999999999848e-01 -1.126090000000000035e+00 4.322000000000000147e-02 3.269999999999999903e-03 -2.213000000000000037e-02 -1.082540000000000058e+00
-3.454590000000000050e+00 2.336399999999999866e-01 -1.120999999999999948e-02 3.004399999999999848e-01 -1.126090000000000035e+00 -4.322000000000000147e-02 -3.269999999999999903e-03 2.213000000000000037e-02 -1.082540000000000058e+00
-1.378300000000000081e+00 -5.475499999999999812e-01 1.781500000000000028e-01 -4.677499999999999991e-01 -3.846290000000000209e+00 -1.752610000000000001e+00 2.713300000000000156e-01 -1.861229999999999940e+00 -3.356549999999999923e+00
-1.319520000000000026e+00 1.027200000000000057e-01 3.263300000000000090e-01 2.625399999999999956e-01 -3.925089999999999968e+00 -1.673869999999999969e+00 4.197899999999999965e-01 -1.499730000000000008e+00 -3.855459999999999887e+00
