-4.251822993338216089e-02
-2.858971824141086360e-02
-1.597792934660705044e-02
2.076887639241593586e+00
2.276184113067918346e+00
2.634219904774695920e+00
2.998306447807453257e+00
3.223254255084978315e+00
3.334982331095427632e+00
3.337703847821273939e+00
3.644824355996087117e+00
4.440764007405787694e+00
4.496780594827526123e+00
5.005862260398496133e+00
5.067517307299026719e+00
5.945419529781927004e+00
6.230713354198504028e+00
7.123538088071066809e+00
7.275401238772382762e+00
7.569086582263483187e+00
8.136248887684379483e+00
1.061959412877671660e+01
1.077413333611226243e+01
1.133977285892009945e+01
1.425802677746804115e+01
1.435193149799120249e+01
1.479884233708343011e+01
1.594599664606958456e+01
1.604779462091957498e+01
2.352159596586615464e+01
