-3.827748496525014421e-02
-3.827748496506875459e-02
-4.667228064841295355e-03
7.401896781706727158e-01
7.401896781707908435e-01
2.142424950123364980e+00
2.142424950123377414e+00
2.772349975007179612e+00
2.772349975007181833e+00
4.928749676672157243e+00
5.186173894348821811e+00
6.781233054635551483e+00
9.014624809836277564e+00
9.014624809836281116e+00
9.572276202933460709e+00
9.572276202933462486e+00
1.112505051822636659e+01
1.112505051822636659e+01
1.153014083481719254e+01
1.153014083481719254e+01
1.584069448253244516e+01
1.818078835351607481e+01
1.836133070647248289e+01
1.958701818261616268e+01
