-1.410536243044606952e-01
-6.325810689797443931e-02
-3.024342974342941054e-02
2.297487425972261743e+00
2.779134850528497402e+00
2.864267422233754523e+00
2.973250333705169446e+00
3.262031064854664208e+00
3.267180726228524179e+00
3.459668054537193616e+00
3.636691040693778909e+00
3.898261769128469112e+00
4.339899204574705571e+00
4.537356127559256436e+00
4.864586442185030002e+00
5.073698216771624026e+00
6.046815310304342717e+00
6.102734271303659419e+00
6.349171434704975248e+00
6.947771565608984901e+00
7.241760213314782924e+00
8.398418462661334516e+00
8.470256910320717481e+00
8.494765948991828353e+00
8.571577030240218775e+00
8.734549465816783709e+00
8.887572488592338615e+00
8.968060489444159344e+00
9.105202049714970158e+00
9.253645883489808099e+00
9.396482592085009244e+00
9.705576621701736073e+00
1.048914090490807638e+01
1.087314278051635519e+01
1.158242671694654291e+01
1.167163466256882565e+01
1.171800401843680994e+01
1.277631466844245089e+01
1.382410236308331619e+01
1.557208996191405426e+01
1.641510011003233416e+01
1.692034576490386044e+01
