2.639780000000000015e+00 0.000000000000000000e+00 7.009999999999999738e-03 0.000000000000000000e+00 2.434050000000000047e+00 0.000000000000000000e+00 -1.092899999999999983e-01 0.000000000000000000e+00 2.456010000000000026e+00
2.639780000000000015e+00 0.000000000000000000e+00 -7.009999999999999738e-03 0.000000000000000000e+00 2.434050000000000047e+00 0.000000000000000000e+00 1.092899999999999983e-01 0.000000000000000000e+00 2.456010000000000026e+00
2.639780000000000015e+00 0.000000000000000000e+00 7.009999999999999738e-03 0.000000000000000000e+00 2.434050000000000047e+00 0.000000000000000000e+00 -1.092899999999999983e-01 0.000000000000000000e+00 2.456010000000000026e+00
2.639780000000000015e+00 0.000000000000000000e+00 -7.009999999999999738e-03 0.000000000000000000e+00 2.434050000000000047e+00 0.000000000000000000e+00 1.092899999999999983e-01 0.000000000000000000e+00 2.456010000000000026e+00
2.831749999999999989e+00 2.298300000000000065e-01 3.627799999999999914e-01 -2.591300000000000270e-01 2.782430000000000181e+00 9.904999999999999916e-02 3.275899999999999923e-01 1.053599999999999953e-01 8.042099999999999804e-01
2.831749999999999989e+00 -2.298300000000000065e-01 3.627799999999999914e-01 2.591300000000000270e-01 2.782430000000000181e+00 -9.904999999999999916e-02 3.275899999999999923e-01 -1.053599999999999953e-01 8.042099999999999804e-01
2.831749999999999989e+00 2.298300000000000065e-01 -3.627799999999999914e-01 -2.591300000000000270e-01 2.782430000000000181e+00 -9.904999999999999916e-02 -3.275899999999999923e-01 -1.053599999999999953e-01 8.042099999999999804e-01
2.831749999999999989e+00 -2.298300000000000065e-01 -3.627799999999999914e-01 2.591300000000000270e-01 2.782430000000000181e+00 9.904999999999999916e-02 -3.275899999999999923e-01 1.053599999999999953e-01 8.042099999999999804e-01
2.831749999999999989e+00 2.298300000000000065e-01 -3.627799999999999914e-01 -2.591300000000000270e-01 2.782430000000000181e+00 -9.904999999999999916e-02 -3.275899999999999923e-01 -1.053599999999999953e-01 8.042099999999999804e-01
2.831749999999999989e+00 -2.298300000000000065e-01 -3.627799999999999914e-01 2.591300000000000270e-01 2.782430000000000181e+00 9.904999999999999916e-02 -3.275899999999999923e-01 1.053599999999999953e-01 8.042099999999999804e-01
2.831749999999999989e+00 2.298300000000000065e-01 3.627799999999999914e-01 -2.591300000000000270e-01 2.782430000000000181e+00 9.904999999999999916e-02 3.275899999999999923e-01 1.053599999999999953e-01 8.042099999999999804e-01
2.831749999999999989e+00 -2.298300000000000065e-01 3.627799999999999914e-01 2.591300000000000270e-01 2.782430000000000181e+00 -9.904999999999999916e-02 3.275899999999999923e-01 -1.053599999999999953e-01 8.042099999999999804e-01
-2.283240000000000158e+00 -3.566199999999999926e-01 -2.477199999999999958e-01 -2.420299999999999951e-01 -1.589530000000000109e+00 -1.610000000000000103e-03 -1.779799999999999993e-01 -1.359999999999999924e-02 -1.344740000000000046e+00
-2.283240000000000158e+00 -3.566199999999999926e-01 2.477199999999999958e-01 -2.420299999999999951e-01 -1.589530000000000109e+00 1.610000000000000103e-03 1.779799999999999993e-01 1.359999999999999924e-02 -1.344740000000000046e+00
-2.283240000000000158e+00 3.566199999999999926e-01 -2.477199999999999958e-01 2.420299999999999951e-01 -1.589530000000000109e+00 1.610000000000000103e-03 -1.779799999999999993e-01 1.359999999999999924e-02 -1.344740000000000046e+00
-2.283240000000000158e+00 3.566199999999999926e-01 2.477199999999999958e-01 2.420299999999999951e-01 -1.589530000000000109e+00 -1.610000000000000103e-03 1.779799999999999993e-01 -1.359999999999999924e-02 -1.344740000000000046e+00
-1.868400000000000061e+00 7.195700000000000429e-01 -1.140300000000000064e-01 7.471999999999999753e-01 -2.409920000000000062e+00 -8.643000000000000682e-02 -1.330699999999999938e-01 -6.883000000000000229e-02 -6.874799999999999800e-01
-1.868400000000000061e+00 -7.195700000000000429e-01 -1.140300000000000064e-01 -7.471999999999999753e-01 -2.409920000000000062e+00 8.643000000000000682e-02 -1.330699999999999938e-01 6.883000000000000229e-02 -6.874799999999999800e-01
-1.868400000000000061e+00 7.195700000000000429e-01 1.140300000000000064e-01 7.471999999999999753e-01 -2.409920000000000062e+00 8.643000000000000682e-02 1.330699999999999938e-01 6.883000000000000229e-02 -6.874799999999999800e-01
-1.868400000000000061e+00 -7.195700000000000429e-01 1.140300000000000064e-01 -7.471999999999999753e-01 -2.409920000000000062e+00 -8.643000000000000682e-02 1.330699999999999938e-01 -6.883000000000000229e-02 -6.874799999999999800e-01
-1.868400000000000061e+00 7.195700000000000429e-01 -1.140300000000000064e-01 7.471999999999999753e-01 -2.409920000000000062e+00 -8.643000000000000682e-02 -1.330699999999999938e-01 -6.883000000000000229e-02 -6.874799999999999800e-01
-1.868400000000000061e+00 -7.195700000000000429e-01 -1.140300000000000064e-01 -7.471999999999999753e-01 -2.409920000000000062e+00 8.643000000000000682e-02 -1.330699999999999938e-01 6.883000000000000229e-02 -6.874799999999999800e-01
-1.868400000000000061e+00 7.195700000000000429e-01 1.140300000000000064e-01 7.471999999999999753e-01 -2.409920000000000062e+00 8.643000000000000682e-02 1.330699999999999938e-01 6.883000000000000229e-02 -6.874799999999999800e-01
-1.868400000000000061e+00 -7.195700000000000429e-01 1.140300000000000064e-01 -7.471999999999999753e-01 -2.409920000000000062e+00 -8.643000000000000682e-02 1.330699999999999938e-01 -6.883000000000000229e-02 -6.874799999999999800e-01
-2.283240000000000158e+00 -3.566199999999999926e-01 2.477199999999999958e-01 -2.420299999999999951e-01 -1.589530000000000109e+00 1.610000000000000103e-03 1.779799999999999993e-01 1.359999999999999924e-02 -1.344740000000000046e+00
-2.283240000000000158e+00 3.566199999999999926e-01 2.477199999999999958e-01 2.420299999999999951e-01 -1.589530000000000109e+00 -1.610000000000000103e-03 1.779799999999999993e-01 -1.359999999999999924e-02 -1.344740000000000046e+00
-2.283240000000000158e+00 -3.566199999999999926e-01 -2.477199999999999958e-01 -2.420299999999999951e-01 -1.589530000000000109e+00 -1.610000000000000103e-03 -1.779799999999999993e-01 -1.359999999999999924e-02 -1.344740000000000046e+00
-2.283240000000000158e+00 3.566199999999999926e-01 -2.477199999999999958e-01 2.420299999999999951e-01 -1.589530000000000109e+00 1.610000000000000103e-03 -1.779799999999999993e-01 1.359999999999999924e-02 -1.344740000000000046e+00
