2.990460000000000118e+00 0.000000000000000000e+00 -0.000000000000000000e+00 0.000000000000000000e+00 2.990460000000000118e+00 0.000000000000000000e+00 -0.000000000000000000e+00 0.000000000000000000e+00 2.341229999999999922e+00
2.990460000000000118e+00 0.000000000000000000e+00 -0.000000000000000000e+00 0.000000000000000000e+00 2.990460000000000118e+00 0.000000000000000000e+00 -0.000000000000000000e+00 0.000000000000000000e+00 2.341229999999999922e+00
2.344390000000000196e+00 0.000000000000000000e+00 -0.000000000000000000e+00 0.000000000000000000e+00 2.344390000000000196e+00 0.000000000000000000e+00 -0.000000000000000000e+00 0.000000000000000000e+00 2.227110000000000145e+00
2.550980000000000025e+00 0.000000000000000000e+00 -0.000000000000000000e+00 0.000000000000000000e+00 2.550980000000000025e+00 0.000000000000000000e+00 -0.000000000000000000e+00 0.000000000000000000e+00 5.191700000000000204e-01
2.550980000000000025e+00 0.000000000000000000e+00 -0.000000000000000000e+00 0.000000000000000000e+00 2.550980000000000025e+00 0.000000000000000000e+00 -0.000000000000000000e+00 0.000000000000000000e+00 5.191700000000000204e-01
-2.388469999999999871e+00 2.608300000000000063e-01 6.189000000000000057e-02 2.608300000000000063e-01 -2.087289999999999868e+00 -3.572999999999999787e-02 -1.034999999999999983e-02 5.969999999999999613e-03 -1.324650000000000105e+00
-2.388469999999999871e+00 -2.608300000000000063e-01 -6.189000000000000057e-02 -2.608300000000000063e-01 -2.087289999999999868e+00 -3.572999999999999787e-02 1.034999999999999983e-02 5.969999999999999613e-03 -1.324650000000000105e+00
-1.936690000000000023e+00 -0.000000000000000000e+00 0.000000000000000000e+00 -0.000000000000000000e+00 -2.539060000000000095e+00 7.145999999999999575e-02 0.000000000000000000e+00 -1.195000000000000055e-02 -1.324650000000000105e+00
-1.936690000000000023e+00 -0.000000000000000000e+00 0.000000000000000000e+00 -0.000000000000000000e+00 -2.539060000000000095e+00 7.145999999999999575e-02 0.000000000000000000e+00 -1.195000000000000055e-02 -1.324650000000000105e+00
-2.388469999999999871e+00 -2.608300000000000063e-01 -6.189000000000000057e-02 -2.608300000000000063e-01 -2.087289999999999868e+00 -3.572999999999999787e-02 1.034999999999999983e-02 5.969999999999999613e-03 -1.324650000000000105e+00
-2.388469999999999871e+00 2.608300000000000063e-01 6.189000000000000057e-02 2.608300000000000063e-01 -2.087289999999999868e+00 -3.572999999999999787e-02 -1.034999999999999983e-02 5.969999999999999613e-03 -1.324650000000000105e+00
