1.162400000000000100e+00 -1.635800000000000032e-01 -1.635800000000000032e-01 -2.657999999999999946e-02 1.008389999999999898e+00 1.637800000000000089e-01 -2.657999999999999946e-02 1.637800000000000089e-01 1.008389999999999898e+00
1.008389999999999898e+00 1.637800000000000089e-01 -2.657999999999999946e-02 1.637800000000000089e-01 1.008389999999999898e+00 -2.657999999999999946e-02 -1.635800000000000032e-01 -1.635800000000000032e-01 1.162400000000000100e+00
1.008389999999999898e+00 -2.657999999999999946e-02 1.637800000000000089e-01 -1.635800000000000032e-01 1.162400000000000100e+00 -1.635800000000000032e-01 1.637800000000000089e-01 -2.657999999999999946e-02 1.008389999999999898e+00
1.162400000000000100e+00 -1.635800000000000032e-01 1.635800000000000032e-01 -2.657999999999999946e-02 1.008389999999999898e+00 -1.637800000000000089e-01 2.657999999999999946e-02 -1.637800000000000089e-01 1.008389999999999898e+00
1.162400000000000100e+00 1.635800000000000032e-01 -1.635800000000000032e-01 2.657999999999999946e-02 1.008389999999999898e+00 -1.637800000000000089e-01 -2.657999999999999946e-02 -1.637800000000000089e-01 1.008389999999999898e+00
1.162400000000000100e+00 1.635800000000000032e-01 1.635800000000000032e-01 2.657999999999999946e-02 1.008389999999999898e+00 1.637800000000000089e-01 2.657999999999999946e-02 1.637800000000000089e-01 1.008389999999999898e+00
1.008389999999999898e+00 1.637800000000000089e-01 2.657999999999999946e-02 1.637800000000000089e-01 1.008389999999999898e+00 2.657999999999999946e-02 1.635800000000000032e-01 1.635800000000000032e-01 1.162400000000000100e+00
1.008389999999999898e+00 -1.637800000000000089e-01 -2.657999999999999946e-02 -1.637800000000000089e-01 1.008389999999999898e+00 2.657999999999999946e-02 -1.635800000000000032e-01 1.635800000000000032e-01 1.162400000000000100e+00
1.008389999999999898e+00 2.657999999999999946e-02 -1.637800000000000089e-01 1.635800000000000032e-01 1.162400000000000100e+00 -1.635800000000000032e-01 -1.637800000000000089e-01 -2.657999999999999946e-02 1.008389999999999898e+00
1.008389999999999898e+00 -2.657999999999999946e-02 -1.637800000000000089e-01 -1.635800000000000032e-01 1.162400000000000100e+00 1.635800000000000032e-01 -1.637800000000000089e-01 2.657999999999999946e-02 1.008389999999999898e+00
1.008389999999999898e+00 2.657999999999999946e-02 1.637800000000000089e-01 1.635800000000000032e-01 1.162400000000000100e+00 1.635800000000000032e-01 1.637800000000000089e-01 2.657999999999999946e-02 1.008389999999999898e+00
1.008389999999999898e+00 -1.637800000000000089e-01 2.657999999999999946e-02 -1.637800000000000089e-01 1.008389999999999898e+00 -2.657999999999999946e-02 1.635800000000000032e-01 -1.635800000000000032e-01 1.162400000000000100e+00
1.999149999999999983e+00 6.003000000000000003e-02 -6.003000000000000003e-02 6.003000000000000003e-02 1.999149999999999983e+00 6.003000000000000003e-02 -6.003000000000000003e-02 6.003000000000000003e-02 1.999149999999999983e+00
1.999149999999999983e+00 -6.003000000000000003e-02 6.003000000000000003e-02 -6.003000000000000003e-02 1.999149999999999983e+00 6.003000000000000003e-02 6.003000000000000003e-02 6.003000000000000003e-02 1.999149999999999983e+00
1.999149999999999983e+00 -6.003000000000000003e-02 -6.003000000000000003e-02 -6.003000000000000003e-02 1.999149999999999983e+00 -6.003000000000000003e-02 -6.003000000000000003e-02 -6.003000000000000003e-02 1.999149999999999983e+00
1.999149999999999983e+00 6.003000000000000003e-02 6.003000000000000003e-02 6.003000000000000003e-02 1.999149999999999983e+00 -6.003000000000000003e-02 6.003000000000000003e-02 -6.003000000000000003e-02 1.999149999999999983e+00
-1.236609999999999987e+00 5.038000000000000117e-02 -3.105000000000000121e-02 -1.978999999999999856e-02 -2.705119999999999969e+00 -1.978999999999999856e-02 -3.105000000000000121e-02 5.038000000000000117e-02 -1.236609999999999987e+00
-2.705119999999999969e+00 -1.978999999999999856e-02 -1.978999999999999856e-02 5.038000000000000117e-02 -1.236609999999999987e+00 -3.105000000000000121e-02 5.038000000000000117e-02 -3.105000000000000121e-02 -1.236609999999999987e+00
-1.236609999999999987e+00 -3.105000000000000121e-02 5.038000000000000117e-02 -3.105000000000000121e-02 -1.236609999999999987e+00 5.038000000000000117e-02 -1.978999999999999856e-02 -1.978999999999999856e-02 -2.705119999999999969e+00
-1.236609999999999987e+00 3.105000000000000121e-02 -5.038000000000000117e-02 3.105000000000000121e-02 -1.236609999999999987e+00 5.038000000000000117e-02 1.978999999999999856e-02 -1.978999999999999856e-02 -2.705119999999999969e+00
-1.236609999999999987e+00 5.038000000000000117e-02 3.105000000000000121e-02 -1.978999999999999856e-02 -2.705119999999999969e+00 1.978999999999999856e-02 3.105000000000000121e-02 -5.038000000000000117e-02 -1.236609999999999987e+00
-1.236609999999999987e+00 -5.038000000000000117e-02 3.105000000000000121e-02 1.978999999999999856e-02 -2.705119999999999969e+00 -1.978999999999999856e-02 3.105000000000000121e-02 5.038000000000000117e-02 -1.236609999999999987e+00
-1.236609999999999987e+00 -5.038000000000000117e-02 -3.105000000000000121e-02 1.978999999999999856e-02 -2.705119999999999969e+00 1.978999999999999856e-02 -3.105000000000000121e-02 -5.038000000000000117e-02 -1.236609999999999987e+00
-1.236609999999999987e+00 3.105000000000000121e-02 5.038000000000000117e-02 3.105000000000000121e-02 -1.236609999999999987e+00 -5.038000000000000117e-02 -1.978999999999999856e-02 1.978999999999999856e-02 -2.705119999999999969e+00
-2.705119999999999969e+00 1.978999999999999856e-02 -1.978999999999999856e-02 -5.038000000000000117e-02 -1.236609999999999987e+00 3.105000000000000121e-02 5.038000000000000117e-02 3.105000000000000121e-02 -1.236609999999999987e+00
-1.236609999999999987e+00 -3.105000000000000121e-02 -5.038000000000000117e-02 -3.105000000000000121e-02 -1.236609999999999987e+00 -5.038000000000000117e-02 1.978999999999999856e-02 1.978999999999999856e-02 -2.705119999999999969e+00
-2.705119999999999969e+00 1.978999999999999856e-02 1.978999999999999856e-02 -5.038000000000000117e-02 -1.236609999999999987e+00 -3.105000000000000121e-02 -5.038000000000000117e-02 -3.105000000000000121e-02 -1.236609999999999987e+00
-2.705119999999999969e+00 -1.978999999999999856e-02 1.978999999999999856e-02 5.038000000000000117e-02 -1.236609999999999987e+00 3.105000000000000121e-02 -5.038000000000000117e-02 3.105000000000000121e-02 -1.236609999999999987e+00
