-9.746625027391413176e-02
-5.476879096834635224e-02
-3.207382617342588449e-02
1.665083618177484182e+00
2.316593150580102289e+00
3.372410105508004907e+00
3.400227339772682988e+00
3.591329824736702037e+00
3.738161917099315890e+00
3.802996846502199713e+00
3.934782848592527582e+00
4.042129377114926037e+00
4.085498528386416695e+00
4.186486627118991777e+00
4.434236453713413795e+00
4.881627344248029132e+00
5.063125578418918415e+00
5.320382433795486143e+00
5.623218232785505144e+00
5.794301988056315800e+00
6.145121905328018386e+00
6.350006393037466168e+00
6.699904391109936519e+00
7.024840845333022443e+00
7.143205089054109003e+00
7.446793057159502460e+00
7.522185737605401101e+00
7.631741376568014879e+00
7.983357752958083253e+00
8.469104035277286613e+00
8.510773386868878632e+00
8.674062621003390205e+00
8.765695802290435878e+00
8.813658954583946326e+00
9.026577829844105949e+00
9.200969625539798358e+00
9.398256272279905232e+00
9.529717210689110374e+00
9.802762306679436932e+00
1.026874428058665956e+01
1.029083060337383948e+01
1.043829021686890535e+01
1.055288782947130422e+01
1.085724523147090537e+01
1.160641663302058113e+01
1.180768060644286876e+01
1.208650259014810757e+01
1.242793645460684537e+01
1.276430292191142613e+01
1.290804590744105873e+01
1.326852008538143757e+01
1.340438380441187505e+01
1.400240575012782607e+01
1.408205910496178248e+01
1.555993588992806842e+01
1.567283859733118057e+01
1.632479844341568409e+01
1.650689310377227770e+01
1.800508281893793949e+01
1.837299859803650648e+01
1.967927238084500274e+01
1.997057594604224562e+01
2.158503792082428419e+01
2.222214775474558124e+01
2.247198767071247261e+01
2.288638983241940750e+01
2.303895860497426895e+01
2.512541775174434733e+01
2.581822996425907135e+01
2.712909781840401280e+01
2.725947292856189108e+01
2.778163601805737670e+01
