2.791539999999999910e+00 0.000000000000000000e+00 -0.000000000000000000e+00 0.000000000000000000e+00 2.791539999999999910e+00 0.000000000000000000e+00 -0.000000000000000000e+00 0.000000000000000000e+00 2.791539999999999910e+00
2.791539999999999910e+00 0.000000000000000000e+00 -0.000000000000000000e+00 0.000000000000000000e+00 2.791539999999999910e+00 0.000000000000000000e+00 -0.000000000000000000e+00 0.000000000000000000e+00 2.791539999999999910e+00
3.077179999999999804e+00 0.000000000000000000e+00 -0.000000000000000000e+00 0.000000000000000000e+00 3.077179999999999804e+00 0.000000000000000000e+00 -0.000000000000000000e+00 -0.000000000000000000e+00 3.077179999999999804e+00
6.630419999999999980e+00 0.000000000000000000e+00 -0.000000000000000000e+00 0.000000000000000000e+00 6.630419999999999980e+00 -0.000000000000000000e+00 -0.000000000000000000e+00 -0.000000000000000000e+00 6.630419999999999980e+00
-3.765600000000000058e+00 -0.000000000000000000e+00 0.000000000000000000e+00 -0.000000000000000000e+00 -1.939869999999999983e+00 -0.000000000000000000e+00 0.000000000000000000e+00 0.000000000000000000e+00 -1.939869999999999983e+00
-3.765600000000000058e+00 -0.000000000000000000e+00 0.000000000000000000e+00 -0.000000000000000000e+00 -1.939869999999999983e+00 -0.000000000000000000e+00 0.000000000000000000e+00 0.000000000000000000e+00 -1.939869999999999983e+00
-1.939869999999999983e+00 -0.000000000000000000e+00 0.000000000000000000e+00 -0.000000000000000000e+00 -3.765600000000000058e+00 -0.000000000000000000e+00 0.000000000000000000e+00 -0.000000000000000000e+00 -1.939869999999999983e+00
-1.939869999999999983e+00 -0.000000000000000000e+00 0.000000000000000000e+00 -0.000000000000000000e+00 -3.765600000000000058e+00 -0.000000000000000000e+00 0.000000000000000000e+00 -0.000000000000000000e+00 -1.939869999999999983e+00
-1.939869999999999983e+00 -0.000000000000000000e+00 0.000000000000000000e+00 -0.000000000000000000e+00 -1.939869999999999983e+00 0.000000000000000000e+00 0.000000000000000000e+00 0.000000000000000000e+00 -3.765600000000000058e+00
-1.939869999999999983e+00 -0.000000000000000000e+00 0.000000000000000000e+00 -0.000000000000000000e+00 -1.939869999999999983e+00 0.000000000000000000e+00 0.000000000000000000e+00 0.000000000000000000e+00 -3.765600000000000058e+00
