2.707910000000000039e+00 0.000000000000000000e+00 -8.591000000000000025e-02 0.000000000000000000e+00 2.390320000000000000e+00 0.000000000000000000e+00 -6.196999999999999731e-02 0.000000000000000000e+00 2.096890000000000143e+00
2.707910000000000039e+00 0.000000000000000000e+00 -8.591000000000000025e-02 0.000000000000000000e+00 2.390320000000000000e+00 0.000000000000000000e+00 -6.196999999999999731e-02 -0.000000000000000000e+00 2.096890000000000143e+00
2.707910000000000039e+00 -0.000000000000000000e+00 8.591000000000000025e-02 0.000000000000000000e+00 2.390320000000000000e+00 0.000000000000000000e+00 6.196999999999999731e-02 0.000000000000000000e+00 2.096890000000000143e+00
2.707910000000000039e+00 -0.000000000000000000e+00 8.591000000000000025e-02 0.000000000000000000e+00 2.390320000000000000e+00 0.000000000000000000e+00 6.196999999999999731e-02 0.000000000000000000e+00 2.096890000000000143e+00
1.712869999999999893e+00 3.034399999999999875e-01 1.063299999999999940e-01 2.665299999999999891e-01 2.052500000000000213e+00 1.352899999999999936e-01 3.375000000000000222e-02 3.137000000000000205e-02 2.247959999999999958e+00
1.712869999999999893e+00 -3.034399999999999875e-01 1.063299999999999940e-01 -2.665299999999999891e-01 2.052500000000000213e+00 -1.352899999999999936e-01 3.375000000000000222e-02 -3.137000000000000205e-02 2.247959999999999958e+00
1.712869999999999893e+00 3.034399999999999875e-01 -1.063299999999999940e-01 2.665299999999999891e-01 2.052500000000000213e+00 -1.352899999999999936e-01 -3.375000000000000222e-02 -3.137000000000000205e-02 2.247959999999999958e+00
1.712869999999999893e+00 -3.034399999999999875e-01 -1.063299999999999940e-01 -2.665299999999999891e-01 2.052500000000000213e+00 1.352899999999999936e-01 -3.375000000000000222e-02 3.137000000000000205e-02 2.247959999999999958e+00
2.573809999999999931e+00 0.000000000000000000e+00 3.579999999999999849e-02 0.000000000000000000e+00 2.823620000000000019e+00 0.000000000000000000e+00 4.356999999999999762e-02 0.000000000000000000e+00 2.943179999999999907e+00
2.573809999999999931e+00 0.000000000000000000e+00 -3.579999999999999849e-02 0.000000000000000000e+00 2.823620000000000019e+00 0.000000000000000000e+00 -4.356999999999999762e-02 0.000000000000000000e+00 2.943179999999999907e+00
2.573809999999999931e+00 0.000000000000000000e+00 3.579999999999999849e-02 0.000000000000000000e+00 2.823620000000000019e+00 0.000000000000000000e+00 4.356999999999999762e-02 0.000000000000000000e+00 2.943179999999999907e+00
2.573809999999999931e+00 0.000000000000000000e+00 -3.579999999999999849e-02 0.000000000000000000e+00 2.823620000000000019e+00 0.000000000000000000e+00 -4.356999999999999762e-02 0.000000000000000000e+00 2.943179999999999907e+00
-1.699459999999999971e+00 -2.694799999999999973e-01 -1.278600000000000014e-01 -2.719300000000000050e-01 -2.120429999999999815e+00 9.150000000000000147e-03 -1.023600000000000065e-01 2.054999999999999882e-02 -1.616239999999999899e+00
-1.699459999999999971e+00 -2.694799999999999973e-01 1.278600000000000014e-01 -2.719300000000000050e-01 -2.120429999999999815e+00 -9.150000000000000147e-03 1.023600000000000065e-01 -2.054999999999999882e-02 -1.616239999999999899e+00
-1.699459999999999971e+00 2.694799999999999973e-01 -1.278600000000000014e-01 2.719300000000000050e-01 -2.120429999999999815e+00 -9.150000000000000147e-03 -1.023600000000000065e-01 -2.054999999999999882e-02 -1.616239999999999899e+00
-1.699459999999999971e+00 2.694799999999999973e-01 1.278600000000000014e-01 2.719300000000000050e-01 -2.120429999999999815e+00 9.150000000000000147e-03 1.023600000000000065e-01 2.054999999999999882e-02 -1.616239999999999899e+00
-1.699459999999999971e+00 -2.694799999999999973e-01 -1.278600000000000014e-01 -2.719300000000000050e-01 -2.120429999999999815e+00 9.150000000000000147e-03 -1.023600000000000065e-01 2.054999999999999882e-02 -1.616239999999999899e+00
-1.699459999999999971e+00 -2.694799999999999973e-01 1.278600000000000014e-01 -2.719300000000000050e-01 -2.120429999999999815e+00 -9.150000000000000147e-03 1.023600000000000065e-01 -2.054999999999999882e-02 -1.616239999999999899e+00
-1.699459999999999971e+00 2.694799999999999973e-01 -1.278600000000000014e-01 2.719300000000000050e-01 -2.120429999999999815e+00 -9.150000000000000147e-03 -1.023600000000000065e-01 -2.054999999999999882e-02 -1.616239999999999899e+00
-1.699459999999999971e+00 2.694799999999999973e-01 1.278600000000000014e-01 2.719300000000000050e-01 -2.120429999999999815e+00 9.150000000000000147e-03 1.023600000000000065e-01 2.054999999999999882e-02 -1.616239999999999899e+00
-2.149910000000000210e+00 0.000000000000000000e+00 -6.883999999999999841e-02 0.000000000000000000e+00 -1.536419999999999897e+00 0.000000000000000000e+00 -4.157999999999999891e-02 0.000000000000000000e+00 -1.675999999999999934e+00
-2.149910000000000210e+00 0.000000000000000000e+00 6.883999999999999841e-02 0.000000000000000000e+00 -1.536419999999999897e+00 0.000000000000000000e+00 4.157999999999999891e-02 0.000000000000000000e+00 -1.675999999999999934e+00
-2.149910000000000210e+00 0.000000000000000000e+00 -6.883999999999999841e-02 0.000000000000000000e+00 -1.536419999999999897e+00 0.000000000000000000e+00 -4.157999999999999891e-02 -0.000000000000000000e+00 -1.675999999999999934e+00
-2.149910000000000210e+00 0.000000000000000000e+00 6.883999999999999841e-02 0.000000000000000000e+00 -1.536419999999999897e+00 0.000000000000000000e+00 4.157999999999999891e-02 -0.000000000000000000e+00 -1.675999999999999934e+00
-1.445770000000000000e+00 0.000000000000000000e+00 -2.774000000000000077e-02 0.000000000000000000e+00 -1.489160000000000039e+00 0.000000000000000000e+00 -1.205999999999999954e-02 0.000000000000000000e+00 -2.379550000000000054e+00
-1.445770000000000000e+00 0.000000000000000000e+00 2.774000000000000077e-02 0.000000000000000000e+00 -1.489160000000000039e+00 0.000000000000000000e+00 1.205999999999999954e-02 0.000000000000000000e+00 -2.379550000000000054e+00
-1.445770000000000000e+00 0.000000000000000000e+00 -2.774000000000000077e-02 0.000000000000000000e+00 -1.489160000000000039e+00 0.000000000000000000e+00 -1.205999999999999954e-02 0.000000000000000000e+00 -2.379550000000000054e+00
-1.445770000000000000e+00 0.000000000000000000e+00 2.774000000000000077e-02 0.000000000000000000e+00 -1.489160000000000039e+00 0.000000000000000000e+00 1.205999999999999954e-02 0.000000000000000000e+00 -2.379550000000000054e+00
