-4.603425806663117431e-02
-4.603425806647091362e-02
-3.529671102554215317e-02
2.424727553086788223e+00
2.424727553086793108e+00
3.250597019469543270e+00
3.250597019469551707e+00
4.406501342127307375e+00
4.556980955251877852e+00
5.349678067114925106e+00
5.349678067114925106e+00
5.411336062143049297e+00
5.411336062143050185e+00
6.593687519931219931e+00
7.209407018010193013e+00
7.209407018010194790e+00
7.563160853279438101e+00
8.790714889440804924e+00
8.790714889440808477e+00
1.079408440415964066e+01
1.584558571071023181e+01
1.584558571071024602e+01
1.961288168696758305e+01
2.016311118483447373e+01
