-1.058662339140384497e-02
-8.491080323775315394e-03
-8.491080322220295393e-03
1.185520359369068188e+00
1.185520359369077292e+00
1.698792241959589111e+00
1.802054184734198872e+00
1.874532044509709339e+00
2.184082201366563503e+00
2.184082201366571940e+00
2.443798057382799538e+00
2.654693461266986354e+00
2.781179950816820234e+00
2.834444494844273965e+00
2.834444494844277518e+00
2.867978297282955058e+00
2.867978297282964828e+00
2.900148377583287029e+00
2.935070052526641327e+00
2.988121698256566372e+00
3.587639495624052710e+00
3.636261870268545859e+00
4.208614928075684603e+00
4.208614928075685491e+00
4.881816810867389833e+00
6.242895928078517009e+00
6.242895928078521450e+00
7.300106660719930751e+00
1.336819441604870562e+01
1.336819441604871628e+01
1.390732318721351568e+01
1.413190484152899629e+01
1.461485763105416780e+01
1.519086254303938688e+01
1.521117719321316919e+01
1.521117719321317097e+01
