-5.663333053383657473e-02
-5.663333053356445213e-02
-5.663333053334856232e-02
1.087376289197164114e+00
1.087376289197184986e+00
1.279224510844815699e+00
1.279224510844822360e+00
1.279224510844839235e+00
1.291548242218177878e+00
1.462224549607777480e+00
1.462224549607785251e+00
1.462224549607789470e+00
1.534898145085030308e+00
1.534898145085034082e+00
1.596597174691758436e+00
1.596597174691773535e+00
1.596597174691780197e+00
1.623176820034531564e+00
1.623176820034545109e+00
1.623176820034550882e+00
1.674292132317721116e+00
1.769865508564138379e+00
1.769865508564141932e+00
1.769865508564144374e+00
1.855037018615305566e+00
1.855037018615314226e+00
2.073857818948532383e+00
2.073857818948539045e+00
2.073857818948544374e+00
2.094635285935677604e+00
2.150298031146889333e+00
2.150298031146892885e+00
2.150298031146893774e+00
2.419831936801747574e+00
2.419831936801751127e+00
2.419831936801757344e+00
2.658619432432667740e+00
2.658619432432672181e+00
2.658619432432674401e+00
2.940505361799576889e+00
2.940505361799588435e+00
3.023839533764383081e+00
3.023839533764384413e+00
3.023839533764387522e+00
3.107165299410743931e+00
3.107165299410747483e+00
3.107165299410752812e+00
3.113717197129927339e+00
3.658349044012729756e+00
3.658349044012736861e+00
3.658349044012742635e+00
3.867458703357902650e+00
3.867458703357903982e+00
3.936220859891172985e+00
3.983636920500418288e+00
3.983636920500420953e+00
3.983636920500421841e+00
4.433675340021633104e+00
4.433675340021637545e+00
4.433675340021654421e+00
7.572477502635276636e+00
7.572477502635293511e+00
7.587808304922070590e+00
7.587808304922071478e+00
7.587808304922079472e+00
8.563115776325783912e+00
8.563115776325785689e+00
8.563115776325789241e+00
8.585848729627532094e+00
9.137607534114783547e+00
9.137607534114785324e+00
9.137607534114790653e+00
1.742157911762962286e+01
1.742157911762962641e+01
1.764112554999080018e+01
1.764112554999080018e+01
1.764112554999081084e+01
1.806415852770661346e+01
1.806415852770662411e+01
1.806415852770663122e+01
1.940831126595319844e+01
1.948704607892477725e+01
1.948704607892478435e+01
1.948704607892479146e+01
