-4.517163865222324076e-02
-1.668063829902224904e-02
-1.668054597584332430e-02
2.034173738608104909e+00
2.770891160204841608e+00
2.770891161090143662e+00
2.778823034979622797e+00
3.221168872078931322e+00
3.221168874731635601e+00
3.545948434836263097e+00
3.545948435209417049e+00
3.705467922239306322e+00
3.784225579539080897e+00
4.309490744867304102e+00
4.309490745205969198e+00
4.383276329049937026e+00
4.643407185881718746e+00
4.643407186619343818e+00
5.357210692375682370e+00
5.357210692495906201e+00
5.717088778899769075e+00
5.720567482264624637e+00
5.720567482790111846e+00
5.974293141789071448e+00
6.592353858079820661e+00
6.592353858190102223e+00
6.953700229428338098e+00
7.175384838766791340e+00
7.372627988529695031e+00
7.372627989754363398e+00
7.802285452221415341e+00
8.313774320983064570e+00
8.376135901826314623e+00
8.376135902156068624e+00
8.761591543727417886e+00
8.761591544029812439e+00
9.447446772909406931e+00
9.447446773208472592e+00
1.000109838760322312e+01
1.273313868924063819e+01
1.273313868950396888e+01
1.317969206814083627e+01
1.317969206826035666e+01
1.399517557320598904e+01
1.399517557328549877e+01
1.514633676785712346e+01
1.519613922043878063e+01
1.519613922044121956e+01
1.583559371679357852e+01
1.583559371699952756e+01
1.642521172993704681e+01
1.713221894227946862e+01
1.713221894229116771e+01
1.728402841922670063e+01
1.743852552562172065e+01
1.837774384756538737e+01
1.937943821491397145e+01
1.937943821492535079e+01
2.044960747262669898e+01
2.044960747288022773e+01
2.386682220832574330e+01
2.551118073476257919e+01
2.551118073478657067e+01
2.577137436699409889e+01
2.587004320355748277e+01
2.710400006365718539e+01
2.710400006384414695e+01
2.910761653497850787e+01
2.929666699452539191e+01
