2.539509999999999934e+00 -2.177000000000000116e-02 2.280999999999999972e-01 -2.177000000000000116e-02 2.514380000000000059e+00 -1.316900000000000015e-01 2.350099999999999967e-01 -1.356900000000000051e-01 2.386480000000000157e+00
2.501809999999999867e+00 0.000000000000000000e+00 -0.000000000000000000e+00 0.000000000000000000e+00 2.552080000000000126e+00 2.633900000000000130e-01 -0.000000000000000000e+00 2.713700000000000001e-01 2.386480000000000157e+00
2.539509999999999934e+00 2.177000000000000116e-02 -2.280999999999999972e-01 2.177000000000000116e-02 2.514380000000000059e+00 -1.316900000000000015e-01 -2.350099999999999967e-01 -1.356900000000000051e-01 2.386480000000000157e+00
2.501809999999999867e+00 0.000000000000000000e+00 -0.000000000000000000e+00 0.000000000000000000e+00 2.552080000000000126e+00 2.633900000000000130e-01 -0.000000000000000000e+00 2.713700000000000001e-01 2.386480000000000157e+00
2.539509999999999934e+00 2.177000000000000116e-02 -2.280999999999999972e-01 2.177000000000000116e-02 2.514380000000000059e+00 -1.316900000000000015e-01 -2.350099999999999967e-01 -1.356900000000000051e-01 2.386480000000000157e+00
2.539509999999999934e+00 -2.177000000000000116e-02 2.280999999999999972e-01 -2.177000000000000116e-02 2.514380000000000059e+00 -1.316900000000000015e-01 2.350099999999999967e-01 -1.356900000000000051e-01 2.386480000000000157e+00
8.869399999999999507e-01 0.000000000000000000e+00 -0.000000000000000000e+00 0.000000000000000000e+00 8.869399999999999507e-01 0.000000000000000000e+00 -0.000000000000000000e+00 0.000000000000000000e+00 1.431059999999999999e+00
8.869399999999999507e-01 0.000000000000000000e+00 -0.000000000000000000e+00 0.000000000000000000e+00 8.869399999999999507e-01 0.000000000000000000e+00 -0.000000000000000000e+00 0.000000000000000000e+00 1.431059999999999999e+00
4.456920000000000215e+00 9.799999999999999684e-03 -0.000000000000000000e+00 -9.799999999999999684e-03 4.456920000000000215e+00 0.000000000000000000e+00 -0.000000000000000000e+00 0.000000000000000000e+00 4.043110000000000426e+00
4.456920000000000215e+00 -9.799999999999999684e-03 -0.000000000000000000e+00 9.799999999999999684e-03 4.456920000000000215e+00 0.000000000000000000e+00 -0.000000000000000000e+00 0.000000000000000000e+00 4.043110000000000426e+00
-1.992480000000000029e+00 -2.248400000000000121e-01 2.035700000000000010e-01 -1.998900000000000121e-01 -2.315760000000000041e+00 4.281599999999999850e-01 2.163299999999999945e-01 4.415100000000000136e-01 -2.105599999999999916e+00
-2.418849999999999945e+00 -4.628000000000000169e-02 -4.725800000000000001e-01 -2.132999999999999827e-02 -1.889380000000000059e+00 -3.778000000000000108e-02 -4.905200000000000116e-01 -3.339999999999999913e-02 -2.105599999999999916e+00
-2.051019999999999843e+00 2.336900000000000088e-01 2.690100000000000269e-01 2.586399999999999810e-01 -2.257210000000000161e+00 -3.903699999999999948e-01 2.741899999999999893e-01 -4.081099999999999728e-01 -2.105599999999999916e+00
-2.418849999999999945e+00 4.628000000000000169e-02 4.725800000000000001e-01 2.132999999999999827e-02 -1.889380000000000059e+00 -3.778000000000000108e-02 4.905200000000000116e-01 -3.339999999999999913e-02 -2.105599999999999916e+00
-1.992480000000000029e+00 2.248400000000000121e-01 -2.035700000000000010e-01 1.998900000000000121e-01 -2.315760000000000041e+00 4.281599999999999850e-01 -2.163299999999999945e-01 4.415100000000000136e-01 -2.105599999999999916e+00
-2.051019999999999843e+00 -2.336900000000000088e-01 -2.690100000000000269e-01 -2.586399999999999810e-01 -2.257210000000000161e+00 -3.903699999999999948e-01 -2.741899999999999893e-01 -4.081099999999999728e-01 -2.105599999999999916e+00
-1.992480000000000029e+00 -2.248400000000000121e-01 2.035700000000000010e-01 -1.998900000000000121e-01 -2.315760000000000041e+00 4.281599999999999850e-01 2.163299999999999945e-01 4.415100000000000136e-01 -2.105599999999999916e+00
-2.418849999999999945e+00 -4.628000000000000169e-02 -4.725800000000000001e-01 -2.132999999999999827e-02 -1.889380000000000059e+00 -3.778000000000000108e-02 -4.905200000000000116e-01 -3.339999999999999913e-02 -2.105599999999999916e+00
-2.051019999999999843e+00 2.336900000000000088e-01 2.690100000000000269e-01 2.586399999999999810e-01 -2.257210000000000161e+00 -3.903699999999999948e-01 2.741899999999999893e-01 -4.081099999999999728e-01 -2.105599999999999916e+00
-2.418849999999999945e+00 4.628000000000000169e-02 4.725800000000000001e-01 2.132999999999999827e-02 -1.889380000000000059e+00 -3.778000000000000108e-02 4.905200000000000116e-01 -3.339999999999999913e-02 -2.105599999999999916e+00
-1.992480000000000029e+00 2.248400000000000121e-01 -2.035700000000000010e-01 1.998900000000000121e-01 -2.315760000000000041e+00 4.281599999999999850e-01 -2.163299999999999945e-01 4.415100000000000136e-01 -2.105599999999999916e+00
-2.051019999999999843e+00 -2.336900000000000088e-01 -2.690100000000000269e-01 -2.586399999999999810e-01 -2.257210000000000161e+00 -3.903699999999999948e-01 -2.741899999999999893e-01 -4.081099999999999728e-01 -2.105599999999999916e+00
