-1.219381728830041811e-01
-1.028660330427360325e-01
-4.769521856312891606e-02
1.814318473755972994e+00
2.025915886324787696e+00
2.328708523103898642e+00
2.377788918536687834e+00
2.388794297311440218e+00
2.889238508667516303e+00
3.519463999855245273e+00
3.873531048248889608e+00
3.933911533629739221e+00
4.081477019089349234e+00
4.140593832441786581e+00
4.166090295112618413e+00
4.316800685620508560e+00
4.571277945763990047e+00
4.801311186381018281e+00
4.846764341671192078e+00
5.378521894931732383e+00
5.557355641199145602e+00
5.604175726736419172e+00
5.717274936307138233e+00
5.927928271708332808e+00
6.001227846328695215e+00
6.009075722358595328e+00
6.023427265510578721e+00
6.384041848549156128e+00
6.689178512237856644e+00
6.766910073714568874e+00
6.961358101461657455e+00
7.340899253674443514e+00
7.830029472744027608e+00
8.057935644281585041e+00
8.409313903116281352e+00
8.794730931108922789e+00
9.009844153255137655e+00
9.120290212053092205e+00
9.161319599204679420e+00
9.205167273057993427e+00
1.016562002185108859e+01
1.031215539115183688e+01
1.032442328552829736e+01
1.045114376373913601e+01
1.089255657800657140e+01
1.130728696242372600e+01
1.204625306918664762e+01
1.244146964705848291e+01
1.304446600174862780e+01
1.345369299549352604e+01
1.399390010109070026e+01
1.452948969354867970e+01
1.463624267678857827e+01
1.471589556564148182e+01
1.538516066467662391e+01
1.538929657364368708e+01
1.600976323763183728e+01
1.625323164479763349e+01
1.630780953847994397e+01
1.631340395179029557e+01
1.669637563590111995e+01
1.699670439908505415e+01
2.031523604363251678e+01
2.032702567846558139e+01
2.450076466195095648e+01
2.549677079358840714e+01
2.615772222844404737e+01
2.652417391864019791e+01
2.692006777999010225e+01
2.725103489292878578e+01
2.770236524625888208e+01
2.796268255422127424e+01
2.815939627353759889e+01
2.839617261398965908e+01
2.850886618067095313e+01
2.851952978441778441e+01
2.858312270532607968e+01
3.008469311213040953e+01
